Player,Season,Team,Pos,GP,FO,FOW,FOL,FOW%,"EV FO","EV FOW","EV FOL","PP FO","PP FOW","PP FOL","SH FO","SH FOW","SH FOL","OZ FO","OZ FOW","OZ FOL","NZ FO","NZ FOW","NZ FOL","DZ FO","DZ FOW","DZ FOL"
"Joakim Andersson",20142015,DET,C,68,375,192,183,51.2,262,138,124,4,2,2,109,52,57,105,48,57,97,50,47,173,94,79
"Joakim Andersson",20152016,DET,C,29,70,32,38,45.7,45,21,24,1,0,1,24,11,13,18,8,10,14,7,7,38,17,21
"Jonas Andersson",20102011,VAN,R,4,0,0,0,--,0,0,0,0,0,0,0,0,0,0,0,0,0,0,0,0,0,0
"Lias Andersson",20172018,NYR,C,7,47,19,28,40.4,46,19,27,0,0,0,1,0,1,10,6,4,16,6,10,21,7,14
"Lias Andersson",20182019,NYR,C,42,190,84,106,44.2,179,79,100,1,0,1,10,5,5,55,22,33,66,30,36,69,32,37
"Rasmus Andersson",20162017,CGY,D,1,0,0,0,--,0,0,0,0,0,0,0,0,0,0,0,0,0,0,0,0,0,0
"Rasmus Andersson",20172018,CGY,D,10,0,0,0,--,0,0,0,0,0,0,0,0,0,0,0,0,0,0,0,0,0,0
"Rasmus Andersson",20182019,CGY,D,79,0,0,0,--,0,0,0,0,0,0,0,0,0,0,0,0,0,0,0,0,0,0
"Andy Andreoff",20142015,LAK,C,18,61,32,29,52.5,61,32,29,0,0,0,0,0,0,28,11,17,18,10,8,15,11,4
"Andy Andreoff",20152016,LAK,C,60,268,134,134,50,262,132,130,4,1,3,2,1,1,113,56,57,82,45,37,73,33,40
"Andy Andreoff",20162017,LAK,C,36,69,41,28,59.4,66,41,25,1,0,1,2,0,2,25,15,10,19,14,5,25,12,13
"Andy Andreoff",20172018,LAK,C,45,53,24,29,45.3,52,23,29,1,1,0,0,0,0,35,14,21,11,6,5,7,4,3
"Sven Andrighetto",20142015,MTL,R,12,15,3,12,20,14,3,11,1,0,1,0,0,0,9,2,7,3,1,2,3,0,3
"Sven Andrighetto",20152016,MTL,R,44,7,3,4,42.9,6,2,4,1,1,0,0,0,0,4,2,2,1,0,1,2,1,1
"Sven Andrighetto",20162017,"MTL,COL",R,46,10,7,3,70,10,7,3,0,0,0,0,0,0,8,6,2,2,1,1,0,0,0
"Sven Andrighetto",20172018,COL,R,50,22,7,15,31.8,22,7,15,0,0,0,0,0,0,15,6,9,5,1,4,2,0,2
"Sven Andrighetto",20182019,COL,R,64,11,3,8,27.3,8,1,7,1,0,1,2,2,0,7,2,5,2,0,2,2,1,1
"Mike Angelidis",20112012,TBL,L,6,7,4,3,57.1,7,4,3,0,0,0,0,0,0,1,0,1,4,4,0,2,0,2
"Mike Angelidis",20122013,TBL,L,1,7,3,4,42.9,5,3,2,0,0,0,2,0,2,2,1,1,1,0,1,4,2,2
"Mike Angelidis",20142015,TBL,L,3,19,7,12,36.8,19,7,12,0,0,0,0,0,0,8,4,4,8,2,6,3,1,2
"Mike Angelidis",20152016,TBL,L,4,31,10,21,32.3,30,10,20,1,0,1,0,0,0,7,1,6,15,5,10,9,4,5
"Artem Anisimov",20092010,NYR,C,82,690,310,380,44.9,644,287,357,28,13,15,18,10,8,217,95,122,300,132,168,165,79,86
"Artem Anisimov",20102011,NYR,C,82,688,306,382,44.5,574,264,310,57,21,36,57,21,36,167,70,97,363,157,206,158,79,79
"Artem Anisimov",20112012,NYR,C,79,345,161,184,46.7,276,125,151,27,17,10,42,19,23,149,64,85,90,54,36,106,43,63
"Artem Anisimov",20122013,CBJ,C,35,509,249,260,48.9,420,205,215,46,29,17,43,15,28,154,82,72,202,95,107,153,72,81
"Artem Anisimov",20132014,CBJ,C,81,965,476,489,49.3,795,395,400,102,55,47,68,26,42,331,158,173,328,163,165,306,155,151
"Artem Anisimov",20142015,CBJ,C,52,229,102,127,44.5,177,76,101,25,12,13,27,14,13,69,28,41,73,36,37,87,38,49
"Artem Anisimov",20152016,CHI,C,77,"1,148",507,641,44.2,872,397,475,150,70,80,126,40,86,457,209,248,405,171,234,286,127,159
"Artem Anisimov",20162017,CHI,C,64,922,416,506,45.1,772,345,427,118,58,60,32,13,19,387,179,208,339,151,188,196,86,110
"Artem Anisimov",20172018,CHI,C,72,910,416,494,45.7,731,336,395,87,40,47,92,40,52,304,127,177,267,131,136,339,158,181
"Artem Anisimov",20182019,CHI,C,78,726,332,394,45.7,636,295,341,54,22,32,36,15,21,246,107,139,267,115,152,213,110,103
"Victor Antipin",20172018,BUF,D,47,0,0,0,--,0,0,0,0,0,0,0,0,0,0,0,0,0,0,0,0,0,0
"Nik Antropov",20092010,ATL,C,76,"1,108",481,627,43.4,915,397,518,177,79,98,16,5,11,412,174,238,392,169,223,298,133,165
"Nik Antropov",20102011,ATL,C,76,534,260,274,48.7,470,231,239,62,28,34,2,1,1,191,97,94,194,95,99,149,68,81
"Nik Antropov",20112012,WPG,C,69,652,283,369,43.4,501,215,286,84,42,42,67,26,41,232,103,129,269,117,152,151,63,88
"Nik Antropov",20122013,WPG,C,40,304,128,176,42.1,262,117,145,39,11,28,3,0,3,106,38,68,138,65,73,60,25,35
"Mason Appleton",20182019,WPG,C,36,1,0,1,0,1,0,1,0,0,0,0,0,0,0,0,0,0,0,0,1,0,1
"Darren Archibald",20132014,VAN,R,16,1,0,1,0,1,0,1,0,0,0,0,0,0,0,0,0,0,0,0,1,0,1
"Darren Archibald",20172018,VAN,R,27,1,0,1,0,0,0,0,0,0,0,1,0,1,0,0,0,0,0,0,1,0,1
"Darren Archibald",20182019,"VAN,OTT",R,12,1,0,1,0,1,0,1,0,0,0,0,0,0,0,0,0,0,0,0,1,0,1
"Josh Archibald",20152016,PIT,R,1,0,0,0,--,0,0,0,0,0,0,0,0,0,0,0,0,0,0,0,0,0,0
"Josh Archibald",20162017,PIT,R,10,1,0,1,0,0,0,0,1,0,1,0,0,0,1,0,1,0,0,0,0,0,0
"Josh Archibald",20172018,"PIT,ARI",R,42,65,25,40,38.5,63,24,39,0,0,0,2,1,1,24,8,16,16,4,12,25,13,12
"Josh Archibald",20182019,ARI,R,68,37,12,25,32.4,28,10,18,0,0,0,9,2,7,12,2,10,16,9,7,9,1,8
"Mark Arcobello",20122013,EDM,R,1,10,3,7,30,10,3,7,0,0,0,0,0,0,4,2,2,3,1,2,3,0,3
"Mark Arcobello",20132014,EDM,R,41,404,206,198,51,344,181,163,32,15,17,28,10,18,133,62,71,154,81,73,117,63,54
"Mark Arcobello",20142015,"EDM,NSH,PIT,ARI",R,77,939,471,468,50.2,867,431,436,54,35,19,18,5,13,365,193,172,343,167,176,231,111,120
"Mark Arcobello",20152016,TOR,R,20,242,132,110,54.5,201,104,97,35,23,12,6,5,1,132,76,56,57,29,28,53,27,26
"Joel Armia",20142015,BUF,R,1,0,0,0,--,0,0,0,0,0,0,0,0,0,0,0,0,0,0,0,0,0,0
"Joel Armia",20152016,WPG,R,43,2,0,2,0,2,0,2,0,0,0,0,0,0,2,0,2,0,0,0,0,0,0
"Joel Armia",20162017,WPG,R,57,7,3,4,42.9,1,1,0,2,0,2,4,2,2,2,1,1,5,2,3,0,0,0
"Joel Armia",20172018,WPG,R,79,15,7,8,46.7,12,6,6,2,1,1,1,0,1,9,3,6,4,3,1,2,1,1
"Joel Armia",20182019,MTL,R,57,29,5,24,17.2,18,3,15,1,0,1,10,2,8,10,1,9,9,2,7,10,2,8
"Colby Armstrong",20092010,ATL,R,79,20,10,10,50,17,8,9,1,1,0,2,1,1,7,4,3,2,1,1,11,5,6
"Colby Armstrong",20102011,TOR,R,50,8,3,5,37.5,6,2,4,0,0,0,2,1,1,1,0,1,5,1,4,2,2,0
"Colby Armstrong",20112012,TOR,R,29,18,7,11,38.9,17,7,10,0,0,0,1,0,1,10,5,5,6,2,4,2,0,2
"Colby Armstrong",20122013,MTL,R,37,21,9,12,42.9,13,5,8,0,0,0,8,4,4,2,1,1,8,4,4,11,4,7
"Derek Armstrong",20092010,STL,C,6,15,7,8,46.7,13,6,7,2,1,1,0,0,0,6,3,3,7,4,3,2,0,2
"Jamie Arniel",20102011,BOS,C,1,0,0,0,--,0,0,0,0,0,0,0,0,0,0,0,0,0,0,0,0,0,0
"Bill Arnold",20132014,CGY,C,1,9,5,4,55.5,9,5,4,0,0,0,0,0,0,0,0,0,7,5,2,2,0,2
"Jason Arnott",20092010,NSH,C,63,"1,077",526,551,48.8,853,416,437,215,105,110,9,5,4,460,220,240,374,184,190,244,122,122
"Jason Arnott",20102011,"NJD,WSH",C,73,894,449,445,50.2,804,399,405,86,50,36,4,0,4,353,168,185,317,154,163,224,127,97
"Jason Arnott",20112012,STL,C,72,769,387,382,50.3,679,340,339,88,45,43,2,2,0,333,164,169,268,132,136,168,91,77
"Dean Arsene",20092010,EDM,D,13,0,0,0,--,0,0,0,0,0,0,0,0,0,0,0,0,0,0,0,0,0,0
"Evgeny Artyukhin",20092010,"ANA,ATL",R,54,2,1,1,50,2,1,1,0,0,0,0,0,0,0,0,0,1,0,1,1,1,0
"Viktor Arvidsson",20142015,NSH,R,6,0,0,0,--,0,0,0,0,0,0,0,0,0,0,0,0,0,0,0,0,0,0
"Viktor Arvidsson",20152016,NSH,R,56,0,0,0,--,0,0,0,0,0,0,0,0,0,0,0,0,0,0,0,0,0,0
"Viktor Arvidsson",20162017,NSH,R,80,16,4,12,25,12,3,9,4,1,3,0,0,0,14,4,10,2,0,2,0,0,0
"Viktor Arvidsson",20172018,NSH,R,78,33,11,22,33.3,25,7,18,5,2,3,3,2,1,7,3,4,11,3,8,15,5,10
"Viktor Arvidsson",20182019,NSH,R,58,17,2,15,11.8,14,2,12,1,0,1,2,0,2,8,1,7,7,1,6,2,0,2
"Arron Asham",20092010,PHI,R,72,13,2,11,15.4,11,1,10,1,0,1,1,1,0,3,1,2,6,1,5,4,0,4
"Arron Asham",20102011,PIT,R,44,9,3,6,33.3,9,3,6,0,0,0,0,0,0,3,0,3,1,1,0,5,2,3
"Arron Asham",20112012,PIT,R,64,11,6,5,54.5,11,6,5,0,0,0,0,0,0,4,1,3,2,2,0,5,3,2
"Arron Asham",20122013,NYR,R,27,10,5,5,50,8,3,5,2,2,0,0,0,0,5,4,1,2,0,2,3,1,2
"Arron Asham",20132014,NYR,R,6,0,0,0,--,0,0,0,0,0,0,0,0,0,0,0,0,0,0,0,0,0,0
"Carter Ashton",20112012,TOR,R,15,2,1,1,50,2,1,1,0,0,0,0,0,0,0,0,0,0,0,0,2,1,1
"Carter Ashton",20132014,TOR,R,32,23,12,11,52.2,22,12,10,1,0,1,0,0,0,8,3,5,12,7,5,3,2,1
"Carter Ashton",20142015,TOR,R,7,5,1,4,20,5,1,4,0,0,0,0,0,0,1,0,1,3,1,2,1,0,1
"Zach Aston-Reese",20172018,PIT,C,16,6,1,5,16.7,4,1,3,2,0,2,0,0,0,4,0,4,1,1,0,1,0,1
"Zach Aston-Reese",20182019,PIT,C,43,18,8,10,44.4,14,6,8,2,1,1,2,1,1,12,5,7,2,1,1,4,2,2
"Andreas Athanasiou",20152016,DET,L,37,129,53,76,41.1,128,53,75,0,0,0,1,0,1,50,21,29,62,23,39,17,9,8
"Andreas Athanasiou",20162017,DET,L,64,83,37,46,44.6,79,35,44,1,0,1,3,2,1,29,13,16,38,15,23,16,9,7
"Andreas Athanasiou",20172018,DET,L,71,255,106,149,41.6,237,96,141,11,7,4,7,3,4,103,35,68,88,39,49,64,32,32
"Andreas Athanasiou",20182019,DET,L,76,399,171,228,42.9,352,154,198,42,16,26,5,1,4,160,65,95,156,71,85,83,35,48
"Cam Atkinson",20112012,CBJ,R,27,1,0,1,0,0,0,0,1,0,1,0,0,0,1,0,1,0,0,0,0,0,0
"Cam Atkinson",20122013,CBJ,R,35,0,0,0,--,0,0,0,0,0,0,0,0,0,0,0,0,0,0,0,0,0,0
"Cam Atkinson",20132014,CBJ,R,79,0,0,0,--,0,0,0,0,0,0,0,0,0,0,0,0,0,0,0,0,0,0
"Cam Atkinson",20142015,CBJ,R,78,9,4,5,44.4,5,1,4,1,1,0,3,2,1,4,2,2,3,2,1,2,0,2
"Cam Atkinson",20152016,CBJ,R,81,4,2,2,50,3,1,2,0,0,0,1,1,0,2,0,2,0,0,0,2,2,0
"Cam Atkinson",20162017,CBJ,R,82,3,2,1,66.7,2,1,1,0,0,0,1,1,0,0,0,0,0,0,0,3,2,1
"Cam Atkinson",20172018,CBJ,R,65,65,21,44,32.3,54,18,36,2,1,1,9,2,7,38,9,29,11,4,7,16,8,8
"Cam Atkinson",20182019,CBJ,R,80,76,24,52,31.6,72,23,49,3,1,2,1,0,1,64,20,44,8,3,5,4,1,3
"Nicolas Aube-Kubel",20182019,PHI,R,9,0,0,0,--,0,0,0,0,0,0,0,0,0,0,0,0,0,0,0,0,0,0
"Adrian Aucoin",20092010,PHX,D,82,1,1,0,100,0,0,0,0,0,0,1,1,0,0,0,0,1,1,0,0,0,0
"Adrian Aucoin",20102011,PHX,D,75,1,1,0,100,1,1,0,0,0,0,0,0,0,0,0,0,0,0,0,1,1,0
"Adrian Aucoin",20112012,PHX,D,64,0,0,0,--,0,0,0,0,0,0,0,0,0,0,0,0,0,0,0,0,0,0
"Adrian Aucoin",20122013,CBJ,D,36,0,0,0,--,0,0,0,0,0,0,0,0,0,0,0,0,0,0,0,0,0,0
"Keith Aucoin",20092010,WSH,C,9,56,31,25,55.4,55,30,25,1,1,0,0,0,0,16,12,4,26,14,12,14,5,9
"Keith Aucoin",20102011,WSH,C,1,3,1,2,33.3,0,0,0,3,1,2,0,0,0,2,1,1,1,0,1,0,0,0
"Keith Aucoin",20112012,WSH,C,27,121,57,64,47.1,117,55,62,4,2,2,0,0,0,40,20,20,48,22,26,33,15,18
"Alexander Burmistrov",20102011,ATL,C,74,696,289,407,41.5,613,252,361,24,14,10,59,23,36,212,108,104,294,119,175,190,62,128
"Alexander Burmistrov",20112012,WPG,C,76,564,248,316,44,485,211,274,36,24,12,43,13,30,191,82,109,243,117,126,130,49,81
"Alexander Burmistrov",20122013,WPG,C,44,301,142,159,47.2,252,120,132,13,7,6,36,15,21,81,38,43,126,58,68,94,46,48
"Alexander Burmistrov",20152016,WPG,C,81,512,205,307,40,421,164,257,36,15,21,55,26,29,131,49,82,201,79,122,180,77,103
"Alexander Burmistrov",20162017,"WPG,ARI",C,49,437,178,259,40.7,392,167,225,23,7,16,22,4,18,119,55,64,167,71,96,151,52,99
"Alexander Burmistrov",20172018,VAN,C,24,181,87,94,48.1,162,76,86,7,6,1,12,5,7,38,16,22,69,38,31,74,33,41
"Brent Burns",20092010,MIN,D,47,0,0,0,--,0,0,0,0,0,0,0,0,0,0,0,0,0,0,0,0,0,0
"Brent Burns",20102011,MIN,D,80,2,1,1,50,0,0,0,1,0,1,1,1,0,1,0,1,0,0,0,1,1,0
"Brent Burns",20112012,SJS,D,81,0,0,0,--,0,0,0,0,0,0,0,0,0,0,0,0,0,0,0,0,0,0
"Brent Burns",20122013,SJS,D,30,13,4,9,30.8,12,3,9,1,1,0,0,0,0,8,3,5,1,0,1,4,1,3
"Brent Burns",20132014,SJS,D,69,131,61,70,46.6,112,55,57,19,6,13,0,0,0,26,8,18,72,36,36,33,17,16
"Brent Burns",20142015,SJS,D,82,0,0,0,--,0,0,0,0,0,0,0,0,0,0,0,0,0,0,0,0,0,0
"Brent Burns",20152016,SJS,D,82,1,1,0,100,1,1,0,0,0,0,0,0,0,0,0,0,1,1,0,0,0,0
"Brent Burns",20162017,SJS,D,82,0,0,0,--,0,0,0,0,0,0,0,0,0,0,0,0,0,0,0,0,0,0
"Brent Burns",20172018,SJS,D,82,0,0,0,--,0,0,0,0,0,0,0,0,0,0,0,0,0,0,0,0,0,0
"Brent Burns",20182019,SJS,D,82,1,0,1,0,0,0,0,0,0,0,1,0,1,0,0,0,1,0,1,0,0,0
"Alexandre Burrows",20092010,VAN,R,82,34,14,20,41.2,19,10,9,2,0,2,13,4,9,12,6,6,11,4,7,11,4,7
"Alexandre Burrows",20102011,VAN,R,72,14,6,8,42.9,4,3,1,4,2,2,6,1,5,8,3,5,3,2,1,3,1,2
"Alexandre Burrows",20112012,VAN,R,80,20,7,13,35,13,4,9,2,1,1,5,2,3,11,4,7,7,2,5,2,1,1
"Alexandre Burrows",20122013,VAN,R,47,108,48,60,44.4,83,37,46,9,5,4,16,6,10,32,12,20,39,21,18,37,15,22
"Alexandre Burrows",20132014,VAN,R,49,55,23,32,41.8,39,18,21,11,2,9,5,3,2,33,14,19,10,2,8,12,7,5
"Alexandre Burrows",20142015,VAN,R,70,14,6,8,42.9,7,4,3,4,1,3,3,1,2,8,1,7,2,1,1,4,4,0
"Alexandre Burrows",20152016,VAN,R,79,22,10,12,45.5,5,2,3,3,3,0,14,5,9,7,5,2,8,2,6,7,3,4
"Alexandre Burrows",20162017,"VAN,OTT",R,75,14,5,9,35.7,8,3,5,3,2,1,3,0,3,11,4,7,2,1,1,1,0,1
"Alexandre Burrows",20172018,OTT,R,71,30,8,22,26.7,17,4,13,8,3,5,5,1,4,14,3,11,12,4,8,4,1,3
"Will Butcher",20172018,NJD,D,81,0,0,0,--,0,0,0,0,0,0,0,0,0,0,0,0,0,0,0,0,0,0
"Will Butcher",20182019,NJD,D,78,0,0,0,--,0,0,0,0,0,0,0,0,0,0,0,0,0,0,0,0,0,0
"Bobby Butler",20092010,OTT,R,2,0,0,0,--,0,0,0,0,0,0,0,0,0,0,0,0,0,0,0,0,0,0
"Bobby Butler",20102011,OTT,R,36,2,0,2,0,2,0,2,0,0,0,0,0,0,2,0,2,0,0,0,0,0,0
"Bobby Butler",20112012,OTT,R,56,3,3,0,100,3,3,0,0,0,0,0,0,0,1,1,0,0,0,0,2,2,0
"Bobby Butler",20122013,"NJD,NSH",R,34,5,2,3,40,4,2,2,1,0,1,0,0,0,1,1,0,3,1,2,1,0,1
"Bobby Butler",20132014,FLA,R,2,0,0,0,--,0,0,0,0,0,0,0,0,0,0,0,0,0,0,0,0,0,0
"Chris Butler",20092010,BUF,D,59,0,0,0,--,0,0,0,0,0,0,0,0,0,0,0,0,0,0,0,0,0,0
"Chris Butler",20102011,BUF,D,49,0,0,0,--,0,0,0,0,0,0,0,0,0,0,0,0,0,0,0,0,0,0
"Chris Butler",20112012,CGY,D,68,0,0,0,--,0,0,0,0,0,0,0,0,0,0,0,0,0,0,0,0,0,0
"Chris Butler",20122013,CGY,D,44,0,0,0,--,0,0,0,0,0,0,0,0,0,0,0,0,0,0,0,0,0,0
"Chris Butler",20132014,CGY,D,82,0,0,0,--,0,0,0,0,0,0,0,0,0,0,0,0,0,0,0,0,0,0
"Chris Butler",20142015,STL,D,33,0,0,0,--,0,0,0,0,0,0,0,0,0,0,0,0,0,0,0,0,0,0
"Chris Butler",20152016,STL,D,5,0,0,0,--,0,0,0,0,0,0,0,0,0,0,0,0,0,0,0,0,0,0
"Chris Butler",20162017,STL,D,1,0,0,0,--,0,0,0,0,0,0,0,0,0,0,0,0,0,0,0,0,0,0
"Chris Butler",20172018,STL,D,6,0,0,0,--,0,0,0,0,0,0,0,0,0,0,0,0,0,0,0,0,0,0
"Chris Butler",20182019,STL,D,13,0,0,0,--,0,0,0,0,0,0,0,0,0,0,0,0,0,0,0,0,0,0
"Dane Byers",20092010,NYR,L,5,0,0,0,--,0,0,0,0,0,0,0,0,0,0,0,0,0,0,0,0,0,0
"Dane Byers",20112012,CBJ,L,8,0,0,0,--,0,0,0,0,0,0,0,0,0,0,0,0,0,0,0,0,0,0
"Dustin Byfuglien",20092010,CHI,D,82,2,1,1,50,1,0,1,1,1,0,0,0,0,1,1,0,2,1,1,0,0,0
"Dustin Byfuglien",20102011,ATL,D,81,0,0,0,--,0,0,0,0,0,0,0,0,0,0,0,0,0,0,0,0,0,0
"Dustin Byfuglien",20112012,WPG,D,66,0,0,0,--,0,0,0,0,0,0,0,0,0,0,0,0,0,0,0,0,0,0
"Dustin Byfuglien",20122013,WPG,D,43,0,0,0,--,0,0,0,0,0,0,0,0,0,0,0,0,0,0,0,0,0,0
"Dustin Byfuglien",20132014,WPG,D,78,2,0,2,0,2,0,2,0,0,0,0,0,0,0,0,0,1,0,1,1,0,1
"Dustin Byfuglien",20142015,WPG,D,69,3,0,3,0,3,0,3,0,0,0,0,0,0,1,0,1,1,0,1,1,0,1
"Dustin Byfuglien",20152016,WPG,D,81,0,0,0,--,0,0,0,0,0,0,0,0,0,0,0,0,0,0,0,0,0,0
"Dustin Byfuglien",20162017,WPG,D,80,0,0,0,--,0,0,0,0,0,0,0,0,0,0,0,0,0,0,0,0,0,0
"Dustin Byfuglien",20172018,WPG,D,69,0,0,0,--,0,0,0,0,0,0,0,0,0,0,0,0,0,0,0,0,0,0
"Dustin Byfuglien",20182019,WPG,D,42,0,0,0,--,0,0,0,0,0,0,0,0,0,0,0,0,0,0,0,0,0,0
"Paul Byron",20102011,BUF,L,8,71,29,42,40.8,70,29,41,0,0,0,1,0,1,30,16,14,25,9,16,16,4,12
"Paul Byron",20112012,CGY,L,22,22,8,14,36.4,22,8,14,0,0,0,0,0,0,8,3,5,7,2,5,7,3,4
"Paul Byron",20122013,CGY,L,4,17,7,10,41.2,15,6,9,0,0,0,2,1,1,2,0,2,5,2,3,10,5,5
"Paul Byron",20132014,CGY,L,47,32,7,25,21.9,24,5,19,1,1,0,7,1,6,12,2,10,11,2,9,9,3,6
"Paul Byron",20142015,CGY,L,57,97,34,63,35,86,31,55,4,1,3,7,2,5,30,13,17,33,9,24,34,12,22
"Paul Byron",20152016,MTL,L,62,5,3,2,60,1,1,0,0,0,0,4,2,2,1,0,1,3,2,1,1,1,0
"Paul Byron",20162017,MTL,L,81,15,10,5,66.7,13,8,5,2,2,0,0,0,0,7,5,2,7,4,3,1,1,0
"Paul Byron",20172018,MTL,L,82,108,40,68,37,85,35,50,0,0,0,23,5,18,35,13,22,41,17,24,32,10,22
"Paul Byron",20182019,MTL,L,56,35,12,23,34.3,12,4,8,6,3,3,17,5,12,13,4,9,14,5,9,8,3,5
"Drake Caggiula",20162017,EDM,C,60,284,117,167,41.2,276,112,164,6,4,2,2,1,1,89,35,54,117,49,68,78,33,45
"Drake Caggiula",20172018,EDM,C,67,53,11,42,20.8,49,11,38,3,0,3,1,0,1,26,5,21,13,4,9,14,2,12
"Drake Caggiula",20182019,"EDM,CHI",C,55,43,16,27,37.2,39,15,24,2,1,1,2,0,2,21,11,10,14,3,11,8,2,6
"Kyle Calder",20092010,ANA,L,14,4,1,3,25,3,1,2,1,0,1,0,0,0,3,1,2,0,0,0,1,0,1
"Joe Callahan",20092010,SJS,D,1,0,0,0,--,0,0,0,0,0,0,0,0,0,0,0,0,0,0,0,0,0,0
"Joe Callahan",20102011,FLA,D,27,0,0,0,--,0,0,0,0,0,0,0,0,0,0,0,0,0,0,0,0,0,0
"Mitch Callahan",20132014,DET,R,1,0,0,0,--,0,0,0,0,0,0,0,0,0,0,0,0,0,0,0,0,0,0
"Mitch Callahan",20162017,DET,R,4,0,0,0,--,0,0,0,0,0,0,0,0,0,0,0,0,0,0,0,0,0,0
"Ryan Callahan",20092010,NYR,R,77,35,17,18,48.6,18,10,8,10,6,4,7,1,6,16,9,7,8,3,5,10,3,7
"Ryan Callahan",20102011,NYR,R,60,17,2,15,11.8,3,0,3,3,1,2,11,1,10,6,1,5,5,0,5,6,1,5
"Ryan Callahan",20112012,NYR,R,76,20,10,10,50,12,6,6,5,3,2,3,1,2,9,5,4,4,1,3,7,4,3
"Ryan Callahan",20122013,NYR,R,45,30,14,16,46.7,15,6,9,5,3,2,10,5,5,10,5,5,5,3,2,15,6,9
"Ryan Callahan",20132014,"NYR,TBL",R,65,32,13,19,40.6,28,11,17,0,0,0,4,2,2,16,7,9,9,5,4,7,1,6
"Ryan Callahan",20142015,TBL,R,77,31,15,16,48.4,19,10,9,12,5,7,0,0,0,29,14,15,0,0,0,2,1,1
"Ryan Callahan",20152016,TBL,R,73,36,21,15,58.3,15,9,6,12,7,5,9,5,4,24,15,9,3,0,3,9,6,3
"Ryan Callahan",20162017,TBL,R,18,9,5,4,55.5,3,2,1,2,2,0,4,1,3,6,4,2,0,0,0,3,1,2
"Ryan Callahan",20172018,TBL,R,67,66,27,39,40.9,37,17,20,1,1,0,28,9,19,19,8,11,14,6,8,33,13,20
"Ryan Callahan",20182019,TBL,R,52,21,6,15,28.6,7,2,5,0,0,0,14,4,10,2,1,1,6,1,5,13,4,9
"Matt Calvert",20102011,CBJ,L,42,9,3,6,33.3,8,2,6,1,1,0,0,0,0,5,2,3,3,1,2,1,0,1
"Matt Calvert",20112012,CBJ,L,13,0,0,0,--,0,0,0,0,0,0,0,0,0,0,0,0,0,0,0,0,0,0
"Matt Calvert",20122013,CBJ,L,42,6,2,4,33.3,6,2,4,0,0,0,0,0,0,2,1,1,1,0,1,3,1,2
"Matt Calvert",20132014,CBJ,L,56,9,3,6,33.3,8,3,5,0,0,0,1,0,1,3,1,2,2,1,1,4,1,3
"Matt Calvert",20142015,CBJ,L,56,10,6,4,60,5,2,3,2,2,0,3,2,1,3,3,0,7,3,4,0,0,0
"Matt Calvert",20152016,CBJ,L,73,14,7,7,50,14,7,7,0,0,0,0,0,0,8,5,3,5,1,4,1,1,0
"Matt Calvert",20162017,CBJ,L,65,16,2,14,12.5,14,1,13,0,0,0,2,1,1,8,1,7,4,0,4,4,1,3
"Matt Calvert",20172018,CBJ,L,69,44,15,29,34.1,34,11,23,3,1,2,7,3,4,18,4,14,11,3,8,15,8,7
"Matt Calvert",20182019,COL,L,82,94,41,53,43.6,67,27,40,2,1,1,25,13,12,40,15,25,30,15,15,24,11,13
"Michael Cammalleri",20092010,MTL,L,65,51,26,25,51,41,21,20,10,5,5,0,0,0,25,10,15,10,5,5,16,11,5
"Michael Cammalleri",20102011,MTL,L,67,74,33,41,44.6,49,20,29,14,9,5,11,4,7,37,17,20,18,7,11,19,9,10
"Michael Cammalleri",20112012,"MTL,CGY",L,66,228,104,124,45.6,185,82,103,39,20,19,4,2,2,92,41,51,72,26,46,64,37,27
"Michael Cammalleri",20122013,CGY,L,44,496,253,243,51,369,191,178,78,44,34,49,18,31,175,94,81,143,78,65,178,81,97
"Michael Cammalleri",20132014,CGY,L,63,191,88,103,46.1,126,57,69,55,26,29,10,5,5,103,42,61,36,17,19,52,29,23
"Michael Cammalleri",20142015,NJD,L,68,282,119,163,42.2,240,99,141,23,15,8,19,5,14,111,47,64,82,29,53,89,43,46
"Michael Cammalleri",20152016,NJD,L,42,14,7,7,50,12,7,5,2,0,2,0,0,0,11,6,5,2,1,1,1,0,1
"Michael Cammalleri",20162017,NJD,L,61,28,17,11,60.7,25,16,9,2,1,1,1,0,1,21,12,9,5,4,1,2,1,1
"Michael Cammalleri",20172018,"LAK,EDM",L,66,144,77,67,53.5,114,54,60,27,21,6,3,2,1,81,42,39,35,20,15,28,15,13
"Matt Campanale",20102011,NYI,D,1,0,0,0,--,0,0,0,0,0,0,0,0,0,0,0,0,0,0,0,0,0,0
"Andrew Campbell",20132014,LAK,D,3,0,0,0,--,0,0,0,0,0,0,0,0,0,0,0,0,0,0,0,0,0,0
"Andrew Campbell",20142015,ARI,D,33,0,0,0,--,0,0,0,0,0,0,0,0,0,0,0,0,0,0,0,0,0,0
"Andrew Campbell",20152016,TOR,D,6,0,0,0,--,0,0,0,0,0,0,0,0,0,0,0,0,0,0,0,0,0,0
"Brian Campbell",20092010,CHI,D,68,0,0,0,--,0,0,0,0,0,0,0,0,0,0,0,0,0,0,0,0,0,0
"Brian Campbell",20102011,CHI,D,65,0,0,0,--,0,0,0,0,0,0,0,0,0,0,0,0,0,0,0,0,0,0
"Brian Campbell",20112012,FLA,D,82,0,0,0,--,0,0,0,0,0,0,0,0,0,0,0,0,0,0,0,0,0,0
"Brian Campbell",20122013,FLA,D,48,0,0,0,--,0,0,0,0,0,0,0,0,0,0,0,0,0,0,0,0,0,0
"Brian Campbell",20132014,FLA,D,82,1,0,1,0,1,0,1,0,0,0,0,0,0,0,0,0,1,0,1,0,0,0
"Brian Campbell",20142015,FLA,D,82,0,0,0,--,0,0,0,0,0,0,0,0,0,0,0,0,0,0,0,0,0,0
"Brian Campbell",20152016,FLA,D,82,0,0,0,--,0,0,0,0,0,0,0,0,0,0,0,0,0,0,0,0,0,0
"Brian Campbell",20162017,CHI,D,80,0,0,0,--,0,0,0,0,0,0,0,0,0,0,0,0,0,0,0,0,0,0
"Gregory Campbell",20092010,FLA,C,60,341,158,183,46.3,197,99,98,5,3,2,139,56,83,73,33,40,90,48,42,176,75,101
"Gregory Campbell",20102011,BOS,C,80,832,430,402,51.7,676,352,324,22,10,12,134,68,66,190,105,85,322,166,156,320,159,161
"Gregory Campbell",20112012,BOS,C,78,678,344,334,50.7,570,295,275,10,4,6,98,45,53,158,76,82,269,135,134,251,133,118
"Gregory Campbell",20122013,BOS,C,48,401,189,212,47.1,341,163,178,10,6,4,50,20,30,136,65,71,132,62,70,133,62,71
"Gregory Campbell",20132014,BOS,C,82,749,358,391,47.8,641,304,337,4,2,2,104,52,52,233,112,121,270,137,133,246,109,137
"Gregory Campbell",20142015,BOS,C,70,632,339,293,53.6,533,293,240,10,2,8,89,44,45,147,72,75,224,121,103,261,146,115
"Gregory Campbell",20152016,CBJ,C,82,482,229,253,47.5,385,188,197,2,1,1,95,40,55,100,53,47,187,102,85,195,74,121
"Carter Camper",20112012,BOS,C,3,14,6,8,42.9,14,6,8,0,0,0,0,0,0,4,1,3,6,2,4,4,3,1
"Chris Campoli",20092010,OTT,D,67,1,0,1,0,1,0,1,0,0,0,0,0,0,1,0,1,0,0,0,0,0,0
"Chris Campoli",20102011,"OTT,CHI",D,77,0,0,0,--,0,0,0,0,0,0,0,0,0,0,0,0,0,0,0,0,0,0
"Chris Campoli",20112012,MTL,D,43,0,0,0,--,0,0,0,0,0,0,0,0,0,0,0,0,0,0,0,0,0,0
"Patrick Cannone",20162017,MIN,C,3,21,11,10,52.4,21,11,10,0,0,0,0,0,0,9,5,4,9,4,5,3,2,1
"Kyle Capobianco",20172018,ARI,D,1,0,0,0,--,0,0,0,0,0,0,0,0,0,0,0,0,0,0,0,0,0,0
"Kyle Capobianco",20182019,ARI,D,2,0,0,0,--,0,0,0,0,0,0,0,0,0,0,0,0,0,0,0,0,0,0
"Luca Caputi",20092010,"PIT,TOR",L,23,23,10,13,43.5,18,8,10,5,2,3,0,0,0,14,6,8,4,2,2,5,2,3
"Luca Caputi",20102011,TOR,L,7,6,2,4,33.3,4,1,3,2,1,1,0,0,0,3,2,1,2,0,2,1,0,1
"Daniel Carcillo",20092010,PHI,L,76,3,1,2,33.3,3,1,2,0,0,0,0,0,0,1,0,1,2,1,1,0,0,0
"Daniel Carcillo",20102011,PHI,L,57,2,1,1,50,2,1,1,0,0,0,0,0,0,1,1,0,1,0,1,0,0,0
"Daniel Carcillo",20112012,CHI,L,28,4,2,2,50,3,2,1,1,0,1,0,0,0,4,2,2,0,0,0,0,0,0
"Daniel Carcillo",20122013,CHI,L,23,1,0,1,0,1,0,1,0,0,0,0,0,0,0,0,0,1,0,1,0,0,0
"Daniel Carcillo",20132014,"LAK,NYR",L,57,1,1,0,100,1,1,0,0,0,0,0,0,0,1,1,0,0,0,0,0,0,0
"Daniel Carcillo",20142015,CHI,L,39,1,0,1,0,1,0,1,0,0,0,0,0,0,1,0,1,0,0,0,0,0,0
"Matt Carey",20132014,CHI,L,2,21,10,11,47.6,20,10,10,1,0,1,0,0,0,5,2,3,10,5,5,6,3,3
"Paul Carey",20132014,COL,C,12,0,0,0,--,0,0,0,0,0,0,0,0,0,0,0,0,0,0,0,0,0,0
"Paul Carey",20142015,COL,C,10,3,0,3,0,3,0,3,0,0,0,0,0,0,2,0,2,1,0,1,0,0,0
"Paul Carey",20152016,WSH,C,4,0,0,0,--,0,0,0,0,0,0,0,0,0,0,0,0,0,0,0,0,0,0
"Paul Carey",20162017,WSH,C,6,0,0,0,--,0,0,0,0,0,0,0,0,0,0,0,0,0,0,0,0,0,0
"Paul Carey",20172018,NYR,C,60,41,19,22,46.3,39,17,22,1,1,0,1,1,0,15,4,11,14,9,5,12,6,6
"Paul Carey",20182019,"OTT,BOS",C,7,4,1,3,25,4,1,3,0,0,0,0,0,0,2,0,2,0,0,0,2,1,1
"Matt Carkner",20092010,OTT,D,81,0,0,0,--,0,0,0,0,0,0,0,0,0,0,0,0,0,0,0,0,0,0
"Matt Carkner",20102011,OTT,D,50,0,0,0,--,0,0,0,0,0,0,0,0,0,0,0,0,0,0,0,0,0,0
"Matt Carkner",20112012,OTT,D,29,0,0,0,--,0,0,0,0,0,0,0,0,0,0,0,0,0,0,0,0,0,0
"Matt Carkner",20122013,NYI,D,22,0,0,0,--,0,0,0,0,0,0,0,0,0,0,0,0,0,0,0,0,0,0
"Matt Carkner",20132014,NYI,D,53,0,0,0,--,0,0,0,0,0,0,0,0,0,0,0,0,0,0,0,0,0,0
"Mathieu Carle",20092010,MTL,D,3,0,0,0,--,0,0,0,0,0,0,0,0,0,0,0,0,0,0,0,0,0,0
"Matt Carle",20092010,PHI,D,80,0,0,0,--,0,0,0,0,0,0,0,0,0,0,0,0,0,0,0,0,0,0
"Matt Carle",20102011,PHI,D,82,0,0,0,--,0,0,0,0,0,0,0,0,0,0,0,0,0,0,0,0,0,0
"Matt Carle",20112012,PHI,D,82,0,0,0,--,0,0,0,0,0,0,0,0,0,0,0,0,0,0,0,0,0,0
"Matt Carle",20122013,TBL,D,48,0,0,0,--,0,0,0,0,0,0,0,0,0,0,0,0,0,0,0,0,0,0
"Matt Carle",20132014,TBL,D,82,1,0,1,0,1,0,1,0,0,0,0,0,0,1,0,1,0,0,0,0,0,0
"Matt Carle",20142015,TBL,D,59,0,0,0,--,0,0,0,0,0,0,0,0,0,0,0,0,0,0,0,0,0,0
"Matt Carle",20152016,TBL,D,64,0,0,0,--,0,0,0,0,0,0,0,0,0,0,0,0,0,0,0,0,0,0
"Matt Carle",20162017,NSH,D,6,0,0,0,--,0,0,0,0,0,0,0,0,0,0,0,0,0,0,0,0,0,0
"Brandon Carlo",20162017,BOS,D,82,0,0,0,--,0,0,0,0,0,0,0,0,0,0,0,0,0,0,0,0,0,0
"Brandon Carlo",20172018,BOS,D,76,1,1,0,100,1,1,0,0,0,0,0,0,0,0,0,0,1,1,0,0,0,0
"Brandon Carlo",20182019,BOS,D,72,1,1,0,100,1,1,0,0,0,0,0,0,0,0,0,0,0,0,0,1,1,0
"John Carlson",20092010,WSH,D,22,0,0,0,--,0,0,0,0,0,0,0,0,0,0,0,0,0,0,0,0,0,0
"John Carlson",20102011,WSH,D,82,0,0,0,--,0,0,0,0,0,0,0,0,0,0,0,0,0,0,0,0,0,0
"John Carlson",20112012,WSH,D,82,1,0,1,0,0,0,0,0,0,0,1,0,1,0,0,0,0,0,0,1,0,1
"John Carlson",20122013,WSH,D,48,1,1,0,100,1,1,0,0,0,0,0,0,0,0,0,0,0,0,0,1,1,0
"John Carlson",20132014,WSH,D,82,1,0,1,0,1,0,1,0,0,0,0,0,0,0,0,0,0,0,0,1,0,1
"John Carlson",20142015,WSH,D,82,0,0,0,--,0,0,0,0,0,0,0,0,0,0,0,0,0,0,0,0,0,0
"John Carlson",20152016,WSH,D,56,0,0,0,--,0,0,0,0,0,0,0,0,0,0,0,0,0,0,0,0,0,0
"John Carlson",20162017,WSH,D,72,0,0,0,--,0,0,0,0,0,0,0,0,0,0,0,0,0,0,0,0,0,0
"John Carlson",20172018,WSH,D,82,1,0,1,0,1,0,1,0,0,0,0,0,0,0,0,0,0,0,0,1,0,1
"John Carlson",20182019,WSH,D,80,0,0,0,--,0,0,0,0,0,0,0,0,0,0,0,0,0,0,0,0,0,0
"Gabriel Carlsson",20162017,CBJ,D,2,0,0,0,--,0,0,0,0,0,0,0,0,0,0,0,0,0,0,0,0,0,0
"Gabriel Carlsson",20172018,CBJ,D,14,0,0,0,--,0,0,0,0,0,0,0,0,0,0,0,0,0,0,0,0,0,0
"Gabriel Carlsson",20182019,CBJ,D,1,0,0,0,--,0,0,0,0,0,0,0,0,0,0,0,0,0,0,0,0,0,0
"Jordan Caron",20102011,BOS,R,23,7,1,6,14.3,1,0,1,0,0,0,6,1,5,1,0,1,1,0,1,5,1,4
"Jordan Caron",20112012,BOS,R,48,2,1,1,50,2,1,1,0,0,0,0,0,0,0,0,0,0,0,0,2,1,1
"Jordan Caron",20122013,BOS,R,17,0,0,0,--,0,0,0,0,0,0,0,0,0,0,0,0,0,0,0,0,0,0
"Jordan Caron",20132014,BOS,R,35,4,1,3,25,4,1,3,0,0,0,0,0,0,1,1,0,2,0,2,1,0,1
"Jordan Caron",20142015,"BOS,COL",R,30,1,0,1,0,1,0,1,0,0,0,0,0,0,0,0,0,1,0,1,0,0,0
"Jordan Caron",20152016,STL,R,4,0,0,0,--,0,0,0,0,0,0,0,0,0,0,0,0,0,0,0,0,0,0
"Ryan Carpenter",20152016,SJS,C,1,2,0,2,0,2,0,2,0,0,0,0,0,0,0,0,0,1,0,1,1,0,1
"Ryan Carpenter",20162017,SJS,C,11,75,34,41,45.3,73,34,39,0,0,0,2,0,2,24,13,11,26,8,18,25,13,12
"Ryan Carpenter",20172018,"SJS,VGK",C,52,398,200,198,50.3,315,153,162,5,3,2,78,44,34,96,44,52,120,58,62,182,98,84
"Ryan Carpenter",20182019,VGK,C,68,306,161,145,52.6,269,144,125,7,2,5,30,15,15,98,41,57,111,70,41,97,50,47
"Daniel Carr",20152016,MTL,L,23,0,0,0,--,0,0,0,0,0,0,0,0,0,0,0,0,0,0,0,0,0,0
"Daniel Carr",20162017,MTL,L,33,3,2,1,66.7,3,2,1,0,0,0,0,0,0,2,1,1,1,1,0,0,0,0
"Daniel Carr",20172018,MTL,L,38,17,3,14,17.6,16,3,13,1,0,1,0,0,0,7,3,4,6,0,6,4,0,4
"Daniel Carr",20182019,VGK,L,6,0,0,0,--,0,0,0,0,0,0,0,0,0,0,0,0,0,0,0,0,0,0
"Connor Carrick",20132014,WSH,D,34,0,0,0,--,0,0,0,0,0,0,0,0,0,0,0,0,0,0,0,0,0,0
"Connor Carrick",20152016,"WSH,TOR",D,19,0,0,0,--,0,0,0,0,0,0,0,0,0,0,0,0,0,0,0,0,0,0
"Connor Carrick",20162017,TOR,D,67,0,0,0,--,0,0,0,0,0,0,0,0,0,0,0,0,0,0,0,0,0,0
"Connor Carrick",20172018,TOR,D,47,0,0,0,--,0,0,0,0,0,0,0,0,0,0,0,0,0,0,0,0,0,0
"Connor Carrick",20182019,"DAL,NJD",D,34,0,0,0,--,0,0,0,0,0,0,0,0,0,0,0,0,0,0,0,0,0,0
"Sam Carrick",20142015,TOR,C,16,91,38,53,41.8,89,37,52,0,0,0,2,1,1,24,8,16,35,15,20,32,15,17
"Sam Carrick",20152016,TOR,C,3,1,1,0,100,0,0,0,0,0,0,1,1,0,0,0,0,1,1,0,0,0,0
"Sam Carrick",20182019,ANA,C,6,37,19,18,51.4,37,19,18,0,0,0,0,0,0,15,7,8,9,6,3,13,6,7
"Trevor Carrick",20152016,CAR,D,2,0,0,0,--,0,0,0,0,0,0,0,0,0,0,0,0,0,0,0,0,0,0
"Trevor Carrick",20172018,CAR,D,1,0,0,0,--,0,0,0,0,0,0,0,0,0,0,0,0,0,0,0,0,0,0
"Trevor Carrick",20182019,CAR,D,1,0,0,0,--,0,0,0,0,0,0,0,0,0,0,0,0,0,0,0,0,0,0
"Alexandre Carrier",20162017,NSH,D,2,0,0,0,--,0,0,0,0,0,0,0,0,0,0,0,0,0,0,0,0,0,0
"William Carrier",20162017,BUF,L,41,2,1,1,50,1,1,0,0,0,0,1,0,1,0,0,0,1,1,0,1,0,1
"William Carrier",20172018,VGK,L,37,0,0,0,--,0,0,0,0,0,0,0,0,0,0,0,0,0,0,0,0,0,0
"William Carrier",20182019,VGK,L,54,0,0,0,--,0,0,0,0,0,0,0,0,0,0,0,0,0,0,0,0,0,0
"Brett Carson",20092010,CAR,D,54,0,0,0,--,0,0,0,0,0,0,0,0,0,0,0,0,0,0,0,0,0,0
"Brett Carson",20102011,"CAR,CGY",D,19,0,0,0,--,0,0,0,0,0,0,0,0,0,0,0,0,0,0,0,0,0,0
"Brett Carson",20112012,CGY,D,2,0,0,0,--,0,0,0,0,0,0,0,0,0,0,0,0,0,0,0,0,0,0
"Brett Carson",20122013,CGY,D,10,0,0,0,--,0,0,0,0,0,0,0,0,0,0,0,0,0,0,0,0,0,0
"Jeff Carter",20092010,PHI,C,74,"1,314",688,626,52.4,966,506,460,246,145,101,102,37,65,521,296,225,409,210,199,375,177,198
"Jeff Carter",20102011,PHI,C,80,605,331,274,54.7,463,258,205,109,60,49,33,13,20,221,124,97,170,87,83,214,120,94
"Jeff Carter",20112012,"CBJ,LAK",C,55,774,393,381,50.8,586,301,285,177,86,91,11,6,5,324,162,162,254,119,135,196,112,84
"Jeff Carter",20122013,LAK,C,48,384,202,182,52.6,290,153,137,68,39,29,26,10,16,180,103,77,97,49,48,107,50,57
"Jeff Carter",20132014,LAK,C,72,644,336,308,52.2,473,248,225,130,70,60,41,18,23,291,143,148,181,99,82,172,94,78
"Jeff Carter",20142015,LAK,C,82,"1,193",627,566,52.6,950,489,461,158,93,65,85,45,40,472,241,231,366,197,169,355,189,166
"Jeff Carter",20152016,LAK,C,77,"1,228",598,630,48.7,"1,006",487,519,113,67,46,109,44,65,501,250,251,368,174,194,359,174,185
"Jeff Carter",20162017,LAK,C,82,"1,415",735,680,51.9,"1,151",613,538,142,70,72,122,52,70,552,286,266,419,218,201,444,231,213
"Jeff Carter",20172018,LAK,C,27,398,222,176,55.8,310,164,146,63,40,23,25,18,7,154,73,81,105,63,42,139,86,53
"Jeff Carter",20182019,LAK,C,76,"1,184",607,577,51.3,959,485,474,135,80,55,90,42,48,410,202,208,382,206,176,392,199,193
"Ryan Carter",20092010,ANA,L,38,221,116,105,52.5,202,108,94,3,3,0,16,5,11,75,37,38,87,46,41,59,33,26
"Ryan Carter",20102011,"ANA,CAR,FLA",L,62,478,242,236,50.6,412,208,204,3,2,1,63,32,31,137,63,74,178,103,75,163,76,87
"Ryan Carter",20112012,"FLA,NJD",L,72,432,215,217,49.8,399,202,197,3,0,3,30,13,17,107,48,59,186,98,88,139,69,70
"Ryan Carter",20122013,NJD,L,44,83,43,40,51.8,69,39,30,0,0,0,14,4,10,35,19,16,9,4,5,39,20,19
"Ryan Carter",20132014,NJD,L,62,36,16,20,44.4,35,16,19,0,0,0,1,0,1,9,2,7,12,8,4,15,6,9
"Ryan Carter",20142015,MIN,L,53,70,29,41,41.4,50,20,30,0,0,0,20,9,11,12,5,7,34,12,22,24,12,12
"Ryan Carter",20152016,MIN,L,60,39,21,18,53.9,30,16,14,1,1,0,8,4,4,16,10,6,11,10,1,12,1,11
"Michael Caruso",20122013,FLA,D,2,0,0,0,--,0,0,0,0,0,0,0,0,0,0,0,0,0,0,0,0,0,0
"Daniel Catenacci",20152016,BUF,C,11,2,2,0,100,2,2,0,0,0,0,0,0,0,2,2,0,0,0,0,0,0,0
"Daniel Catenacci",20172018,NYR,C,1,0,0,0,--,0,0,0,0,0,0,0,0,0,0,0,0,0,0,0,0,0,0
"Colby Cave",20172018,BOS,C,3,24,10,14,41.7,23,10,13,0,0,0,1,0,1,8,2,6,7,4,3,9,4,5
"Colby Cave",20182019,"BOS,EDM",C,53,399,200,199,50.1,357,181,176,11,4,7,31,15,16,109,55,54,151,74,77,139,71,68
"Cody Ceci",20132014,OTT,D,49,0,0,0,--,0,0,0,0,0,0,0,0,0,0,0,0,0,0,0,0,0,0
"Cody Ceci",20142015,OTT,D,81,0,0,0,--,0,0,0,0,0,0,0,0,0,0,0,0,0,0,0,0,0,0
"Cody Ceci",20152016,OTT,D,75,0,0,0,--,0,0,0,0,0,0,0,0,0,0,0,0,0,0,0,0,0,0
"Cody Ceci",20162017,OTT,D,79,1,1,0,100,0,0,0,0,0,0,1,1,0,0,0,0,0,0,0,1,1,0
"Cody Ceci",20172018,OTT,D,82,0,0,0,--,0,0,0,0,0,0,0,0,0,0,0,0,0,0,0,0,0,0
"Cody Ceci",20182019,OTT,D,74,0,0,0,--,0,0,0,0,0,0,0,0,0,0,0,0,0,0,0,0,0,0
"Peter Cehlarik",20162017,BOS,L,11,3,2,1,66.7,3,2,1,0,0,0,0,0,0,3,2,1,0,0,0,0,0,0
"Peter Cehlarik",20172018,BOS,L,6,4,2,2,50,4,2,2,0,0,0,0,0,0,2,0,2,2,2,0,0,0,0
"Peter Cehlarik",20182019,BOS,L,20,5,0,5,0,5,0,5,0,0,0,0,0,0,4,0,4,0,0,0,1,0,1
"Erik Cernak",20182019,TBL,D,58,0,0,0,--,0,0,0,0,0,0,0,0,0,0,0,0,0,0,0,0,0,0
"Roman Cervenka",20122013,CGY,C,39,125,58,67,46.4,93,38,55,30,20,10,2,0,2,52,26,26,32,14,18,41,18,23
"Thomas Chabot",20162017,OTT,D,1,0,0,0,--,0,0,0,0,0,0,0,0,0,0,0,0,0,0,0,0,0,0
"Thomas Chabot",20172018,OTT,D,63,0,0,0,--,0,0,0,0,0,0,0,0,0,0,0,0,0,0,0,0,0,0
"Thomas Chabot",20182019,OTT,D,70,0,0,0,--,0,0,0,0,0,0,0,0,0,0,0,0,0,0,0,0,0,0
"Michael Chaput",20132014,CBJ,C,17,98,42,56,42.9,96,42,54,2,0,2,0,0,0,34,11,23,37,17,20,27,14,13
"Michael Chaput",20142015,CBJ,C,33,294,143,151,48.6,274,133,141,2,1,1,18,9,9,74,27,47,100,55,45,120,61,59
"Michael Chaput",20152016,CBJ,C,8,75,49,26,65.3,75,49,26,0,0,0,0,0,0,25,16,9,33,23,10,17,10,7
"Michael Chaput",20162017,VAN,C,68,385,203,182,52.7,375,197,178,7,5,2,3,1,2,108,56,52,156,86,70,121,61,60
"Michael Chaput",20172018,VAN,C,9,74,43,31,58.1,61,39,22,1,0,1,12,4,8,3,1,2,23,11,12,48,31,17
"Michael Chaput",20182019,MTL,C,32,244,124,120,50.8,210,110,100,1,0,1,33,14,19,61,28,33,105,55,50,78,41,37
"Zdeno Chara",20092010,BOS,D,80,2,1,1,50,1,0,1,1,1,0,0,0,0,0,0,0,1,1,0,1,0,1
"Zdeno Chara",20102011,BOS,D,81,0,0,0,--,0,0,0,0,0,0,0,0,0,0,0,0,0,0,0,0,0,0
"Zdeno Chara",20112012,BOS,D,79,1,0,1,0,1,0,1,0,0,0,0,0,0,0,0,0,0,0,0,1,0,1
"Zdeno Chara",20122013,BOS,D,48,1,0,1,0,0,0,0,0,0,0,1,0,1,0,0,0,0,0,0,1,0,1
"Zdeno Chara",20132014,BOS,D,77,0,0,0,--,0,0,0,0,0,0,0,0,0,0,0,0,0,0,0,0,0,0
"Zdeno Chara",20142015,BOS,D,63,1,1,0,100,1,1,0,0,0,0,0,0,0,0,0,0,1,1,0,0,0,0
"Zdeno Chara",20152016,BOS,D,80,1,0,1,0,1,0,1,0,0,0,0,0,0,0,0,0,1,0,1,0,0,0
"Zdeno Chara",20162017,BOS,D,75,1,0,1,0,1,0,1,0,0,0,0,0,0,0,0,0,1,0,1,0,0,0
"Zdeno Chara",20172018,BOS,D,73,0,0,0,--,0,0,0,0,0,0,0,0,0,0,0,0,0,0,0,0,0,0
"Zdeno Chara",20182019,BOS,D,62,0,0,0,--,0,0,0,0,0,0,0,0,0,0,0,0,0,0,0,0,0,0
"Rourke Chartier",20182019,SJS,C,13,85,34,51,40,77,29,48,2,1,1,6,4,2,22,9,13,34,14,20,29,11,18
"Jonathan Cheechoo",20092010,OTT,R,61,10,4,6,40,8,3,5,2,1,1,0,0,0,5,3,2,1,0,1,4,1,3
"Chris Chelios",20092010,ATL,D,7,0,0,0,--,0,0,0,0,0,0,0,0,0,0,0,0,0,0,0,0,0,0
"Jake Chelios",20182019,DET,D,5,0,0,0,--,0,0,0,0,0,0,0,0,0,0,0,0,0,0,0,0,0,0
"Ben Chiarot",20132014,WPG,D,1,0,0,0,--,0,0,0,0,0,0,0,0,0,0,0,0,0,0,0,0,0,0
"Ben Chiarot",20142015,WPG,D,40,0,0,0,--,0,0,0,0,0,0,0,0,0,0,0,0,0,0,0,0,0,0
"Ben Chiarot",20152016,WPG,D,70,0,0,0,--,0,0,0,0,0,0,0,0,0,0,0,0,0,0,0,0,0,0
"Ben Chiarot",20162017,WPG,D,59,0,0,0,--,0,0,0,0,0,0,0,0,0,0,0,0,0,0,0,0,0,0
"Ben Chiarot",20172018,WPG,D,57,0,0,0,--,0,0,0,0,0,0,0,0,0,0,0,0,0,0,0,0,0,0
"Ben Chiarot",20182019,WPG,D,78,0,0,0,--,0,0,0,0,0,0,0,0,0,0,0,0,0,0,0,0,0,0
"Alex Chiasson",20122013,DAL,R,7,18,5,13,27.8,17,5,12,1,0,1,0,0,0,13,5,8,4,0,4,1,0,1
"Alex Chiasson",20132014,DAL,R,79,132,64,68,48.5,66,31,35,63,30,33,3,3,0,102,47,55,15,7,8,15,10,5
"Alex Chiasson",20142015,OTT,R,76,21,3,18,14.3,14,2,12,1,0,1,6,1,5,11,1,10,9,1,8,1,1,0
"Alex Chiasson",20152016,OTT,R,77,5,3,2,60,4,3,1,1,0,1,0,0,0,3,2,1,1,1,0,1,0,1
"Alex Chiasson",20162017,CGY,R,81,29,7,22,24.1,29,7,22,0,0,0,0,0,0,20,2,18,5,3,2,4,2,2
"Alex Chiasson",20172018,WSH,R,61,41,11,30,26.8,30,9,21,3,1,2,8,1,7,13,3,10,13,3,10,15,5,10
"Alex Chiasson",20182019,EDM,R,73,22,7,15,31.8,18,5,13,0,0,0,4,2,2,11,1,10,7,4,3,4,2,2
"Jason Chimera",20092010,"CBJ,WSH",L,78,40,22,18,55,33,17,16,4,3,1,3,2,1,18,10,8,12,6,6,10,6,4
"Jason Chimera",20102011,WSH,L,81,39,20,19,51.3,36,18,18,2,1,1,1,1,0,17,9,8,12,6,6,10,5,5
"Jason Chimera",20112012,WSH,L,82,62,30,32,48.4,55,28,27,4,1,3,3,1,2,19,8,11,17,9,8,26,13,13
"Jason Chimera",20122013,WSH,L,47,36,21,15,58.3,34,20,14,1,1,0,1,0,1,13,7,6,7,3,4,16,11,5
"Jason Chimera",20132014,WSH,L,82,87,38,49,43.7,31,14,17,3,1,2,53,23,30,15,4,11,20,8,12,52,26,26
"Jason Chimera",20142015,WSH,L,77,76,43,33,56.6,31,23,8,0,0,0,45,20,25,17,10,7,13,7,6,46,26,20
"Jason Chimera",20152016,WSH,L,82,28,8,20,28.6,11,3,8,3,1,2,14,4,10,10,2,8,11,3,8,7,3,4
"Jason Chimera",20162017,NYI,L,82,34,16,18,47.1,22,10,12,0,0,0,12,6,6,16,5,11,14,9,5,4,2,2
"Jason Chimera",20172018,"NYI,ANA",L,74,28,11,17,39.3,25,11,14,0,0,0,3,0,3,5,2,3,8,3,5,15,6,9
"Kyle Chipchura",20092010,"MTL,ANA",C,74,776,378,398,48.7,608,312,296,6,3,3,162,63,99,192,97,95,281,148,133,297,131,166
"Kyle Chipchura",20102011,ANA,C,40,283,132,151,46.6,263,124,139,4,3,1,16,5,11,105,50,55,110,56,54,68,26,42
"Kyle Chipchura",20112012,PHX,C,53,364,174,190,47.8,339,161,178,4,1,3,21,12,9,104,50,54,128,63,65,131,60,71
"Kyle Chipchura",20122013,PHX,C,46,261,126,135,48.3,256,125,131,3,1,2,2,0,2,99,52,47,99,45,54,63,29,34
"Kyle Chipchura",20132014,PHX,C,80,331,176,155,53.2,327,174,153,2,1,1,2,1,1,84,43,41,148,83,65,99,50,49
"Kyle Chipchura",20142015,ARI,C,70,916,473,443,51.6,804,421,383,6,3,3,106,49,57,180,88,92,329,161,168,407,224,183
"Kyle Chipchura",20152016,ARI,C,70,168,88,80,52.4,144,77,67,9,4,5,15,7,8,55,22,33,57,36,21,56,30,26
"Filip Chlapik",20172018,OTT,C,20,110,50,60,45.5,105,47,58,4,2,2,1,1,0,43,21,22,47,21,26,20,8,12
"Filip Chlapik",20182019,OTT,C,5,24,8,16,33.3,22,7,15,2,1,1,0,0,0,6,3,3,10,2,8,8,3,5
"Dennis Cholowski",20182019,DET,D,52,1,1,0,100,1,1,0,0,0,0,0,0,0,0,0,0,0,0,0,1,1,0
"Taylor Chorney",20092010,EDM,D,42,0,0,0,--,0,0,0,0,0,0,0,0,0,0,0,0,0,0,0,0,0,0
"Taylor Chorney",20102011,EDM,D,12,0,0,0,--,0,0,0,0,0,0,0,0,0,0,0,0,0,0,0,0,0,0
"Taylor Chorney",20112012,"STL,EDM",D,5,0,0,0,--,0,0,0,0,0,0,0,0,0,0,0,0,0,0,0,0,0,0
"Taylor Chorney",20142015,PIT,D,7,0,0,0,--,0,0,0,0,0,0,0,0,0,0,0,0,0,0,0,0,0,0
"Taylor Chorney",20152016,WSH,D,55,0,0,0,--,0,0,0,0,0,0,0,0,0,0,0,0,0,0,0,0,0,0
"Taylor Chorney",20162017,WSH,D,18,0,0,0,--,0,0,0,0,0,0,0,0,0,0,0,0,0,0,0,0,0,0
"Taylor Chorney",20172018,"WSH,CBJ",D,25,0,0,0,--,0,0,0,0,0,0,0,0,0,0,0,0,0,0,0,0,0,0
"Erik Christensen",20092010,"ANA,NYR",C,58,674,329,345,48.8,597,288,309,77,41,36,0,0,0,237,121,116,276,127,149,156,78,78
"Erik Christensen",20102011,NYR,C,63,639,316,323,49.5,554,268,286,85,48,37,0,0,0,240,112,128,233,124,109,166,80,86
"Erik Christensen",20112012,"NYR,MIN",C,49,302,159,143,52.6,261,133,128,40,25,15,1,1,0,115,60,55,107,55,52,80,44,36
"Jakob Chychrun",20162017,ARI,D,68,0,0,0,--,0,0,0,0,0,0,0,0,0,0,0,0,0,0,0,0,0,0
"Jakob Chychrun",20172018,ARI,D,50,0,0,0,--,0,0,0,0,0,0,0,0,0,0,0,0,0,0,0,0,0,0
"Jakob Chychrun",20182019,ARI,D,53,0,0,0,--,0,0,0,0,0,0,0,0,0,0,0,0,0,0,0,0,0,0
"Filip Chytil",20172018,NYR,C,9,76,28,48,36.8,75,27,48,1,1,0,0,0,0,25,12,13,23,7,16,28,9,19
"Filip Chytil",20182019,NYR,C,75,175,68,107,38.9,161,64,97,13,4,9,1,0,1,61,26,35,54,20,34,60,22,38
"Anthony Cirelli",20172018,TBL,C,18,214,96,118,44.9,192,83,109,1,1,0,21,12,9,60,28,32,80,39,41,74,29,45
"Anthony Cirelli",20182019,TBL,C,82,951,502,449,52.8,757,399,358,29,17,12,165,86,79,212,114,98,372,204,168,367,184,183
"Casey Cizikas",20112012,NYI,C,15,115,47,68,40.9,110,45,65,4,2,2,1,0,1,29,10,19,51,18,33,35,19,16
"Casey Cizikas",20122013,NYI,C,45,276,144,132,52.2,252,132,120,3,1,2,21,11,10,68,32,36,123,69,54,85,43,42
"Casey Cizikas",20132014,NYI,C,80,"1,011",489,522,48.4,778,398,380,27,15,12,206,76,130,242,120,122,353,178,175,416,191,225
"Casey Cizikas",20142015,NYI,C,70,855,446,409,52.2,726,381,345,20,11,9,109,54,55,223,130,93,311,158,153,321,158,163
"Casey Cizikas",20152016,NYI,C,80,959,469,490,48.9,753,383,370,10,3,7,196,83,113,201,107,94,313,147,166,445,215,230
"Casey Cizikas",20162017,NYI,C,59,846,420,426,49.6,693,353,340,9,5,4,144,62,82,149,73,76,257,136,121,440,211,229
"Casey Cizikas",20172018,NYI,C,64,891,473,418,53.1,692,378,314,8,4,4,191,91,100,106,64,42,316,173,143,469,236,233
"Casey Cizikas",20182019,NYI,C,73,"1,013",497,516,49.1,841,415,426,9,6,3,163,76,87,173,93,80,363,177,186,477,227,250
"Fredrik Claesson",20152016,OTT,D,16,0,0,0,--,0,0,0,0,0,0,0,0,0,0,0,0,0,0,0,0,0,0
"Fredrik Claesson",20162017,OTT,D,33,0,0,0,--,0,0,0,0,0,0,0,0,0,0,0,0,0,0,0,0,0,0
"Fredrik Claesson",20172018,OTT,D,64,0,0,0,--,0,0,0,0,0,0,0,0,0,0,0,0,0,0,0,0,0,0
"Fredrik Claesson",20182019,NYR,D,37,0,0,0,--,0,0,0,0,0,0,0,0,0,0,0,0,0,0,0,0,0,0
"Brett Clark",20092010,COL,D,64,0,0,0,--,0,0,0,0,0,0,0,0,0,0,0,0,0,0,0,0,0,0
"Brett Clark",20102011,TBL,D,82,0,0,0,--,0,0,0,0,0,0,0,0,0,0,0,0,0,0,0,0,0,0
"Brett Clark",20112012,TBL,D,82,0,0,0,--,0,0,0,0,0,0,0,0,0,0,0,0,0,0,0,0,0,0
"Brett Clark",20122013,MIN,D,8,0,0,0,--,0,0,0,0,0,0,0,0,0,0,0,0,0,0,0,0,0,0
"Chris Clark",20092010,"WSH,CBJ",R,74,20,7,13,35,19,7,12,0,0,0,1,0,1,8,3,5,6,2,4,6,2,4
"Chris Clark",20102011,CBJ,R,53,16,3,13,18.8,11,2,9,0,0,0,5,1,4,5,3,2,3,0,3,8,0,8
"Mat Clark",20112012,ANA,D,2,0,0,0,--,0,0,0,0,0,0,0,0,0,0,0,0,0,0,0,0,0,0
"Mat Clark",20142015,ANA,D,7,0,0,0,--,0,0,0,0,0,0,0,0,0,0,0,0,0,0,0,0,0,0
"David Clarkson",20092010,NJD,R,46,20,6,14,30,14,4,10,6,2,4,0,0,0,12,5,7,3,0,3,5,1,4
"David Clarkson",20102011,NJD,R,82,45,19,26,42.2,26,11,15,19,8,11,0,0,0,34,16,18,3,1,2,8,2,6
"David Clarkson",20112012,NJD,R,80,243,102,141,42,116,45,71,126,56,70,1,1,0,185,77,108,29,11,18,29,14,15
"David Clarkson",20122013,NJD,R,48,25,6,19,24,19,3,16,6,3,3,0,0,0,16,5,11,3,0,3,6,1,5
"David Clarkson",20132014,TOR,R,60,21,8,13,38.1,19,8,11,2,0,2,0,0,0,11,3,8,2,1,1,8,4,4
"David Clarkson",20142015,"TOR,CBJ",R,61,73,25,48,34.3,66,23,43,7,2,5,0,0,0,36,13,23,12,3,9,25,9,16
"David Clarkson",20152016,CBJ,R,23,12,2,10,16.7,9,2,7,3,0,3,0,0,0,9,1,8,3,1,2,0,0,0
"Daniel Cleary",20092010,DET,R,64,119,59,60,49.6,68,35,33,41,21,20,10,3,7,73,35,38,23,15,8,22,9,13
"Daniel Cleary",20102011,DET,R,68,91,35,56,38.5,65,24,41,15,8,7,11,3,8,38,17,21,30,9,21,23,9,14
"Daniel Cleary",20112012,DET,R,75,51,21,30,41.2,37,17,20,6,1,5,8,3,5,25,11,14,7,3,4,19,7,12
"Daniel Cleary",20122013,DET,R,48,23,11,12,47.8,20,10,10,1,1,0,2,0,2,10,5,5,4,2,2,9,4,5
"Daniel Cleary",20132014,DET,R,52,22,12,10,54.5,18,10,8,2,1,1,2,1,1,12,7,5,4,2,2,6,3,3
"Daniel Cleary",20142015,DET,R,17,4,2,2,50,4,2,2,0,0,0,0,0,0,3,1,2,1,1,0,0,0,0
"Adam Clendening",20142015,"CHI,VAN",D,21,0,0,0,--,0,0,0,0,0,0,0,0,0,0,0,0,0,0,0,0,0,0
"Adam Clendening",20152016,"PIT,EDM",D,29,0,0,0,--,0,0,0,0,0,0,0,0,0,0,0,0,0,0,0,0,0,0
"Adam Clendening",20162017,NYR,D,31,0,0,0,--,0,0,0,0,0,0,0,0,0,0,0,0,0,0,0,0,0,0
"Adam Clendening",20172018,ARI,D,5,0,0,0,--,0,0,0,0,0,0,0,0,0,0,0,0,0,0,0,0,0,0
"Adam Clendening",20182019,CBJ,D,4,0,0,0,--,0,0,0,0,0,0,0,0,0,0,0,0,0,0,0,0,0,0
"Marc-Andre Cliche",20092010,LAK,C,1,6,4,2,66.7,5,4,1,0,0,0,1,0,1,0,0,0,4,4,0,2,0,2
"Marc-Andre Cliche",20132014,COL,C,76,719,331,388,46,553,264,289,10,3,7,156,64,92,193,84,109,217,93,124,309,154,155
"Marc-Andre Cliche",20142015,COL,C,74,735,377,358,51.3,548,286,262,5,2,3,182,89,93,175,89,86,206,103,103,354,185,169
"Kyle Clifford",20102011,LAK,L,76,15,8,7,53.3,15,8,7,0,0,0,0,0,0,7,5,2,3,0,3,5,3,2
"Kyle Clifford",20112012,LAK,L,81,8,1,7,12.5,8,1,7,0,0,0,0,0,0,2,0,2,4,0,4,2,1,1
"Kyle Clifford",20122013,LAK,L,48,9,1,8,11.1,8,0,8,0,0,0,1,1,0,5,0,5,0,0,0,4,1,3
"Kyle Clifford",20132014,LAK,L,71,12,6,6,50,10,6,4,0,0,0,2,0,2,4,2,2,2,1,1,6,3,3
"Kyle Clifford",20142015,LAK,L,80,6,2,4,33.3,6,2,4,0,0,0,0,0,0,2,1,1,2,1,1,2,0,2
"Kyle Clifford",20152016,LAK,L,56,7,3,4,42.9,7,3,4,0,0,0,0,0,0,6,2,4,1,1,0,0,0,0
"Kyle Clifford",20162017,LAK,L,73,5,2,3,40,5,2,3,0,0,0,0,0,0,4,2,2,0,0,0,1,0,1
"Kyle Clifford",20172018,LAK,L,50,9,1,8,11.1,9,1,8,0,0,0,0,0,0,6,0,6,1,0,1,2,1,1
"Kyle Clifford",20182019,LAK,L,72,8,3,5,37.5,8,3,5,0,0,0,0,0,0,5,1,4,3,2,1,0,0,0
"Connor Clifton",20182019,BOS,D,19,0,0,0,--,0,0,0,0,0,0,0,0,0,0,0,0,0,0,0,0,0,0
"Grant Clitsome",20092010,CBJ,D,11,0,0,0,--,0,0,0,0,0,0,0,0,0,0,0,0,0,0,0,0,0,0
"Grant Clitsome",20102011,CBJ,D,31,0,0,0,--,0,0,0,0,0,0,0,0,0,0,0,0,0,0,0,0,0,0
"Grant Clitsome",20112012,"CBJ,WPG",D,63,1,0,1,0,1,0,1,0,0,0,0,0,0,0,0,0,1,0,1,0,0,0
"Grant Clitsome",20122013,WPG,D,44,0,0,0,--,0,0,0,0,0,0,0,0,0,0,0,0,0,0,0,0,0,0
"Grant Clitsome",20132014,WPG,D,32,0,0,0,--,0,0,0,0,0,0,0,0,0,0,0,0,0,0,0,0,0,0
"Grant Clitsome",20142015,WPG,D,24,0,0,0,--,0,0,0,0,0,0,0,0,0,0,0,0,0,0,0,0,0,0
"Ryane Clowe",20092010,SJS,L,82,73,35,38,48,56,25,31,17,10,7,0,0,0,42,23,19,13,5,8,18,7,11
"Ryane Clowe",20102011,SJS,L,75,41,17,24,41.5,29,13,16,12,4,8,0,0,0,19,5,14,11,6,5,11,6,5
"Ryane Clowe",20112012,SJS,L,76,20,6,14,30,17,6,11,2,0,2,1,0,1,8,2,6,5,2,3,7,2,5
"Ryane Clowe",20122013,"SJS,NYR",L,40,15,5,10,33.3,10,4,6,4,1,3,1,0,1,9,1,8,3,1,2,3,3,0
"Ryane Clowe",20132014,NJD,L,43,3,1,2,33.3,3,1,2,0,0,0,0,0,0,1,0,1,1,1,0,1,0,1
"Ryane Clowe",20142015,NJD,L,13,1,0,1,0,1,0,1,0,0,0,0,0,0,0,0,0,0,0,0,1,0,1
"Rich Clune",20092010,LAK,L,14,5,2,3,40,5,2,3,0,0,0,0,0,0,2,1,1,0,0,0,3,1,2
"Rich Clune",20122013,NSH,L,47,2,0,2,0,2,0,2,0,0,0,0,0,0,0,0,0,1,0,1,1,0,1
"Rich Clune",20132014,NSH,L,58,0,0,0,--,0,0,0,0,0,0,0,0,0,0,0,0,0,0,0,0,0,0
"Rich Clune",20142015,NSH,L,1,0,0,0,--,0,0,0,0,0,0,0,0,0,0,0,0,0,0,0,0,0,0
"Rich Clune",20152016,TOR,L,19,0,0,0,--,0,0,0,0,0,0,0,0,0,0,0,0,0,0,0,0,0,0
"Cal Clutterbuck",20092010,MIN,R,74,10,3,7,30,10,3,7,0,0,0,0,0,0,5,2,3,2,1,1,3,0,3
"Cal Clutterbuck",20102011,MIN,R,76,11,3,8,27.3,7,2,5,4,1,3,0,0,0,4,1,3,5,2,3,2,0,2
"Cal Clutterbuck",20112012,MIN,R,74,15,5,10,33.3,8,3,5,3,1,2,4,1,3,4,2,2,3,0,3,8,3,5
"Cal Clutterbuck",20122013,MIN,R,42,2,1,1,50,1,0,1,0,0,0,1,1,0,0,0,0,2,1,1,0,0,0
"Cal Clutterbuck",20132014,NYI,R,73,16,7,9,43.8,13,6,7,1,1,0,2,0,2,6,3,3,4,2,2,6,2,4
"Cal Clutterbuck",20142015,NYI,R,76,9,6,3,66.7,2,2,0,1,1,0,6,3,3,2,1,1,4,3,1,3,2,1
"Cal Clutterbuck",20152016,NYI,R,77,3,1,2,33.3,2,0,2,0,0,0,1,1,0,0,0,0,2,0,2,1,1,0
"Cal Clutterbuck",20162017,NYI,R,66,8,3,5,37.5,3,1,2,2,1,1,3,1,2,4,2,2,1,0,1,3,1,2
"Cal Clutterbuck",20172018,NYI,R,76,20,7,13,35,8,3,5,0,0,0,12,4,8,7,2,5,2,1,1,11,4,7
"Cal Clutterbuck",20182019,NYI,R,73,34,15,19,44.1,14,7,7,16,6,10,4,2,2,22,8,14,4,3,1,8,4,4
"Braydon Coburn",20092010,PHI,D,81,0,0,0,--,0,0,0,0,0,0,0,0,0,0,0,0,0,0,0,0,0,0
"Braydon Coburn",20102011,PHI,D,82,0,0,0,--,0,0,0,0,0,0,0,0,0,0,0,0,0,0,0,0,0,0
"Braydon Coburn",20112012,PHI,D,81,1,0,1,0,0,0,0,0,0,0,1,0,1,0,0,0,0,0,0,1,0,1
"Braydon Coburn",20122013,PHI,D,33,0,0,0,--,0,0,0,0,0,0,0,0,0,0,0,0,0,0,0,0,0,0
"Braydon Coburn",20132014,PHI,D,82,0,0,0,--,0,0,0,0,0,0,0,0,0,0,0,0,0,0,0,0,0,0
"Braydon Coburn",20142015,"PHI,TBL",D,43,0,0,0,--,0,0,0,0,0,0,0,0,0,0,0,0,0,0,0,0,0,0
"Braydon Coburn",20152016,TBL,D,80,0,0,0,--,0,0,0,0,0,0,0,0,0,0,0,0,0,0,0,0,0,0
"Braydon Coburn",20162017,TBL,D,80,0,0,0,--,0,0,0,0,0,0,0,0,0,0,0,0,0,0,0,0,0,0
"Braydon Coburn",20172018,TBL,D,72,0,0,0,--,0,0,0,0,0,0,0,0,0,0,0,0,0,0,0,0,0,0
"Braydon Coburn",20182019,TBL,D,74,0,0,0,--,0,0,0,0,0,0,0,0,0,0,0,0,0,0,0,0,0,0
"Andrew Cogliano",20092010,EDM,C,82,379,163,216,43,333,141,192,14,8,6,32,14,18,90,30,60,170,77,93,119,56,63
"Andrew Cogliano",20102011,EDM,C,82,"1,108",461,647,41.6,831,347,484,60,24,36,217,90,127,253,103,150,446,195,251,409,163,246
"Andrew Cogliano",20112012,ANA,C,82,386,162,224,42,324,137,187,14,6,8,48,19,29,101,37,64,164,63,101,121,62,59
"Andrew Cogliano",20122013,ANA,C,48,92,32,60,34.8,77,26,51,1,0,1,14,6,8,19,3,16,60,25,35,13,4,9
"Andrew Cogliano",20132014,ANA,C,82,27,11,16,40.7,15,8,7,0,0,0,12,3,9,9,3,6,13,6,7,5,2,3
"Andrew Cogliano",20142015,ANA,C,82,49,16,33,32.6,25,8,17,4,0,4,20,8,12,24,5,19,18,7,11,7,4,3
"Andrew Cogliano",20152016,ANA,C,82,17,6,11,35.3,15,6,9,1,0,1,1,0,1,8,1,7,4,2,2,5,3,2
"Andrew Cogliano",20162017,ANA,C,82,18,8,10,44.4,12,5,7,0,0,0,6,3,3,10,4,6,6,4,2,2,0,2
"Andrew Cogliano",20172018,ANA,C,80,71,35,36,49.3,53,23,30,0,0,0,18,12,6,33,11,22,21,11,10,17,13,4
"Andrew Cogliano",20182019,"ANA,DAL",C,78,29,11,18,37.9,21,9,12,0,0,0,8,2,6,10,3,7,7,3,4,12,5,7
"Colby Cohen",20102011,COL,D,3,0,0,0,--,0,0,0,0,0,0,0,0,0,0,0,0,0,0,0,0,0,0
"Carlo Colaiacovo",20092010,STL,D,67,1,1,0,100,1,1,0,0,0,0,0,0,0,1,1,0,0,0,0,0,0,0
"Carlo Colaiacovo",20102011,STL,D,65,0,0,0,--,0,0,0,0,0,0,0,0,0,0,0,0,0,0,0,0,0,0
"Carlo Colaiacovo",20112012,STL,D,64,0,0,0,--,0,0,0,0,0,0,0,0,0,0,0,0,0,0,0,0,0,0
"Carlo Colaiacovo",20122013,DET,D,6,0,0,0,--,0,0,0,0,0,0,0,0,0,0,0,0,0,0,0,0,0,0
"Carlo Colaiacovo",20132014,STL,D,25,0,0,0,--,0,0,0,0,0,0,0,0,0,0,0,0,0,0,0,0,0,0
"Carlo Colaiacovo",20142015,PHI,D,33,0,0,0,--,0,0,0,0,0,0,0,0,0,0,0,0,0,0,0,0,0,0
"Carlo Colaiacovo",20152016,BUF,D,36,0,0,0,--,0,0,0,0,0,0,0,0,0,0,0,0,0,0,0,0,0,0
"Joe Colborne",20102011,TOR,C,1,9,3,6,33.3,7,3,4,2,0,2,0,0,0,3,1,2,5,1,4,1,1,0
"Joe Colborne",20112012,TOR,C,10,78,28,50,35.9,77,28,49,1,0,1,0,0,0,24,9,15,30,12,18,24,7,17
"Joe Colborne",20122013,TOR,C,5,29,15,14,51.7,29,15,14,0,0,0,0,0,0,9,6,3,14,5,9,6,4,2
"Joe Colborne",20132014,CGY,C,80,441,214,227,48.5,384,186,198,48,25,23,9,3,6,167,80,87,144,70,74,130,64,66
"Joe Colborne",20142015,CGY,C,64,336,176,160,52.4,286,148,138,38,21,17,12,7,5,150,79,71,65,30,35,121,67,54
"Joe Colborne",20152016,CGY,C,73,155,85,70,54.8,95,51,44,56,31,25,4,3,1,95,55,40,28,13,15,32,17,15
"Joe Colborne",20162017,COL,C,62,117,45,72,38.5,92,29,63,17,11,6,8,5,3,50,18,32,30,13,17,37,14,23
"Erik Cole",20092010,CAR,L,40,15,4,11,26.7,12,4,8,1,0,1,2,0,2,8,2,6,4,1,3,3,1,2
"Erik Cole",20102011,CAR,L,82,34,7,27,20.6,18,3,15,7,2,5,9,2,7,16,4,12,10,0,10,8,3,5
"Erik Cole",20112012,MTL,L,82,56,24,32,42.9,40,15,25,15,9,6,1,0,1,30,14,16,5,0,5,21,10,11
"Erik Cole",20122013,"MTL,DAL",L,47,67,22,45,32.8,40,15,25,26,7,19,1,0,1,38,8,30,11,6,5,18,8,10
"Erik Cole",20132014,DAL,L,75,41,19,22,46.3,18,5,13,21,13,8,2,1,1,28,13,15,5,3,2,8,3,5
"Erik Cole",20142015,"DAL,DET",L,68,16,5,11,31.3,11,4,7,4,1,3,1,0,1,10,2,8,3,2,1,3,1,2
"Ian Cole",20102011,STL,D,26,0,0,0,--,0,0,0,0,0,0,0,0,0,0,0,0,0,0,0,0,0,0
"Ian Cole",20112012,STL,D,26,0,0,0,--,0,0,0,0,0,0,0,0,0,0,0,0,0,0,0,0,0,0
"Ian Cole",20122013,STL,D,15,0,0,0,--,0,0,0,0,0,0,0,0,0,0,0,0,0,0,0,0,0,0
"Ian Cole",20132014,STL,D,46,0,0,0,--,0,0,0,0,0,0,0,0,0,0,0,0,0,0,0,0,0,0
"Ian Cole",20142015,"STL,PIT",D,74,0,0,0,--,0,0,0,0,0,0,0,0,0,0,0,0,0,0,0,0,0,0
"Ian Cole",20152016,PIT,D,70,0,0,0,--,0,0,0,0,0,0,0,0,0,0,0,0,0,0,0,0,0,0
"Ian Cole",20162017,PIT,D,81,0,0,0,--,0,0,0,0,0,0,0,0,0,0,0,0,0,0,0,0,0,0
"Ian Cole",20172018,"PIT,CBJ",D,67,0,0,0,--,0,0,0,0,0,0,0,0,0,0,0,0,0,0,0,0,0,0
"Ian Cole",20182019,COL,D,71,0,0,0,--,0,0,0,0,0,0,0,0,0,0,0,0,0,0,0,0,0,0
"Blake Coleman",20162017,NJD,C,23,226,96,130,42.5,196,87,109,3,1,2,27,8,19,49,19,30,75,34,41,102,43,59
"Blake Coleman",20172018,NJD,C,79,537,252,285,46.9,435,207,228,11,4,7,91,41,50,109,53,56,168,85,83,260,114,146
"Blake Coleman",20182019,NJD,C,78,262,109,153,41.6,145,66,79,9,3,6,108,40,68,54,24,30,50,24,26,158,61,97
"Sean Collins",20102011,WSH,D,4,0,0,0,--,0,0,0,0,0,0,0,0,0,0,0,0,0,0,0,0,0,0
"Sean Collins",20112012,WSH,D,2,0,0,0,--,0,0,0,0,0,0,0,0,0,0,0,0,0,0,0,0,0,0
"Sean Collins",20122013,CBJ,C,5,5,1,4,20,5,1,4,0,0,0,0,0,0,0,0,0,0,0,0,5,1,4
"Sean Collins",20132014,CBJ,C,6,0,0,0,--,0,0,0,0,0,0,0,0,0,0,0,0,0,0,0,0,0,0
"Sean Collins",20142015,CBJ,C,8,5,2,3,40,5,2,3,0,0,0,0,0,0,4,2,2,1,0,1,0,0,0
"Sean Collins",20152016,WSH,C,2,0,0,0,--,0,0,0,0,0,0,0,0,0,0,0,0,0,0,0,0,0,0
"Jeremy Colliton",20102011,NYI,C,15,84,52,32,61.9,63,37,26,3,2,1,18,13,5,26,12,14,24,16,8,34,24,10
"Blake Comeau",20092010,NYI,L,61,21,10,11,47.6,6,4,2,1,1,0,14,5,9,6,3,3,9,5,4,6,2,4
"Blake Comeau",20102011,NYI,L,77,112,35,77,31.3,60,14,46,13,8,5,39,13,26,33,11,22,38,10,28,41,14,27
"Blake Comeau",20112012,"NYI,CGY",L,74,91,29,62,31.9,71,26,45,2,0,2,18,3,15,31,11,20,26,6,20,34,12,22
"Blake Comeau",20122013,"CGY,CBJ",L,42,86,40,46,46.5,73,36,37,0,0,0,13,4,9,27,14,13,26,14,12,33,12,21
"Blake Comeau",20132014,CBJ,L,61,17,10,7,58.8,15,9,6,2,1,1,0,0,0,4,2,2,11,6,5,2,2,0
"Blake Comeau",20142015,PIT,L,61,9,7,2,77.8,6,4,2,3,3,0,0,0,0,5,4,1,1,1,0,3,2,1
"Blake Comeau",20152016,COL,L,81,566,276,290,48.8,361,176,185,62,35,27,143,65,78,170,83,87,122,63,59,274,130,144
"Blake Comeau",20162017,COL,L,77,246,114,132,46.3,160,75,85,26,14,12,60,25,35,104,50,54,50,24,26,92,40,52
"Blake Comeau",20172018,COL,L,79,271,104,167,38.4,164,66,98,2,0,2,105,38,67,80,39,41,69,22,47,122,43,79
"Blake Comeau",20182019,DAL,L,77,57,25,32,43.9,42,19,23,1,0,1,14,6,8,18,7,11,22,12,10,17,6,11
"Mike Commodore",20092010,CBJ,D,57,0,0,0,--,0,0,0,0,0,0,0,0,0,0,0,0,0,0,0,0,0,0
"Mike Commodore",20102011,CBJ,D,20,1,0,1,0,0,0,0,1,0,1,0,0,0,1,0,1,0,0,0,0,0,0
"Mike Commodore",20112012,"DET,TBL",D,30,0,0,0,--,0,0,0,0,0,0,0,0,0,0,0,0,0,0,0,0,0,0
"J.T. Compher",20162017,COL,L,21,164,78,86,47.6,149,71,78,3,2,1,12,5,7,32,16,16,65,31,34,67,31,36
"J.T. Compher",20172018,COL,L,69,605,273,332,45.1,444,199,245,70,34,36,91,40,51,179,77,102,202,95,107,224,101,123
"J.T. Compher",20182019,COL,L,66,612,301,311,49.2,372,182,190,93,51,42,147,68,79,204,100,104,123,61,62,285,140,145
"Mike Comrie",20092010,EDM,C,43,47,25,22,53.2,38,19,19,9,6,3,0,0,0,13,7,6,19,13,6,15,5,10
"Mike Comrie",20102011,PIT,C,21,40,15,25,37.5,33,13,20,7,2,5,0,0,0,18,6,12,10,5,5,12,4,8
"Max Comtois",20182019,ANA,L,10,11,3,8,27.3,10,3,7,1,0,1,0,0,0,6,1,5,3,2,1,2,0,2
"Cory Conacher",20122013,"TBL,OTT",C,47,15,4,11,26.7,11,3,8,4,1,3,0,0,0,7,2,5,3,0,3,5,2,3
"Cory Conacher",20132014,"OTT,BUF",C,79,14,9,5,64.3,10,7,3,4,2,2,0,0,0,8,5,3,3,2,1,3,2,1
"Cory Conacher",20142015,NYI,C,15,3,1,2,33.3,3,1,2,0,0,0,0,0,0,0,0,0,2,0,2,1,1,0
"Cory Conacher",20162017,TBL,C,11,2,1,1,50,2,1,1,0,0,0,0,0,0,2,1,1,0,0,0,0,0,0
"Cory Conacher",20172018,TBL,C,36,16,4,12,25,15,3,12,0,0,0,1,1,0,7,1,6,5,1,4,4,2,2
"Cory Conacher",20182019,TBL,C,1,0,0,0,--,0,0,0,0,0,0,0,0,0,0,0,0,0,0,0,0,0,0
"Tim Conboy",20092010,CAR,D,12,0,0,0,--,0,0,0,0,0,0,0,0,0,0,0,0,0,0,0,0,0,0
"Erik Condra",20102011,OTT,R,26,4,2,2,50,2,2,0,0,0,0,2,0,2,1,0,1,2,1,1,1,1,0
"Erik Condra",20112012,OTT,R,81,27,11,16,40.7,15,8,7,0,0,0,12,3,9,7,3,4,5,2,3,15,6,9
"Erik Condra",20122013,OTT,R,48,21,8,13,38.1,12,5,7,1,0,1,8,3,5,6,3,3,2,0,2,13,5,8
"Erik Condra",20132014,OTT,R,76,15,1,14,6.7,0,0,0,0,0,0,15,1,14,3,1,2,4,0,4,8,0,8
"Erik Condra",20142015,OTT,R,68,9,2,7,22.2,4,2,2,0,0,0,5,0,5,1,0,1,1,1,0,7,1,6
"Erik Condra",20152016,TBL,R,54,3,1,2,33.3,2,1,1,0,0,0,1,0,1,1,0,1,1,0,1,1,1,0
"Erik Condra",20162017,TBL,R,13,1,1,0,100,1,1,0,0,0,0,0,0,0,1,1,0,0,0,0,0,0,0
"Erik Condra",20182019,DAL,R,6,1,0,1,0,1,0,1,0,0,0,0,0,0,1,0,1,0,0,0,0,0,0
"Kevin Connauton",20132014,DAL,D,36,0,0,0,--,0,0,0,0,0,0,0,0,0,0,0,0,0,0,0,0,0,0
"Kevin Connauton",20142015,"DAL,CBJ",D,62,0,0,0,--,0,0,0,0,0,0,0,0,0,0,0,0,0,0,0,0,0,0
"Kevin Connauton",20152016,"CBJ,ARI",D,65,0,0,0,--,0,0,0,0,0,0,0,0,0,0,0,0,0,0,0,0,0,0
"Kevin Connauton",20162017,ARI,D,24,0,0,0,--,0,0,0,0,0,0,0,0,0,0,0,0,0,0,0,0,0,0
"Kevin Connauton",20172018,ARI,D,73,0,0,0,--,0,0,0,0,0,0,0,0,0,0,0,0,0,0,0,0,0,0
"Kevin Connauton",20182019,ARI,D,50,0,0,0,--,0,0,0,0,0,0,0,0,0,0,0,0,0,0,0,0,0,0
"Chris Conner",20092010,PIT,R,8,1,0,1,0,0,0,0,1,0,1,0,0,0,0,0,0,1,0,1,0,0,0
"Chris Conner",20102011,PIT,R,60,4,1,3,25,2,1,1,2,0,2,0,0,0,4,1,3,0,0,0,0,0,0
"Chris Conner",20112012,DET,R,8,0,0,0,--,0,0,0,0,0,0,0,0,0,0,0,0,0,0,0,0,0,0
"Chris Conner",20122013,PHX,R,12,2,0,2,0,2,0,2,0,0,0,0,0,0,0,0,0,1,0,1,1,0,1
"Chris Conner",20132014,PIT,R,19,1,0,1,0,1,0,1,0,0,0,0,0,0,0,0,0,1,0,1,0,0,0
"Chris Conner",20142015,WSH,R,2,0,0,0,--,0,0,0,0,0,0,0,0,0,0,0,0,0,0,0,0,0,0
"Brett Connolly",20112012,TBL,R,68,52,20,32,38.5,40,15,25,12,5,7,0,0,0,28,12,16,16,7,9,8,1,7
"Brett Connolly",20122013,TBL,R,5,5,4,1,80,4,4,0,1,0,1,0,0,0,2,1,1,0,0,0,3,3,0
"Brett Connolly",20132014,TBL,R,11,52,25,27,48.1,52,25,27,0,0,0,0,0,0,21,12,9,21,7,14,10,6,4
"Brett Connolly",20142015,"TBL,BOS",R,55,43,18,25,41.9,32,13,19,11,5,6,0,0,0,32,11,21,4,3,1,7,4,3
"Brett Connolly",20152016,BOS,R,71,31,14,17,45.2,21,8,13,10,6,4,0,0,0,25,12,13,3,2,1,3,0,3
"Brett Connolly",20162017,WSH,R,66,14,4,10,28.6,9,2,7,5,2,3,0,0,0,9,4,5,4,0,4,1,0,1
"Brett Connolly",20172018,WSH,R,70,31,14,17,45.2,23,10,13,8,4,4,0,0,0,17,6,11,12,6,6,2,2,0
"Brett Connolly",20182019,WSH,R,81,31,9,22,29,27,9,18,4,0,4,0,0,0,18,5,13,2,1,1,11,3,8
"Mike Connolly",20112012,COL,L,2,0,0,0,--,0,0,0,0,0,0,0,0,0,0,0,0,0,0,0,0,0,0
"Tim Connolly",20092010,BUF,C,73,764,358,406,46.9,589,266,323,128,71,57,47,21,26,303,152,151,259,114,145,197,89,108
"Tim Connolly",20102011,BUF,C,68,969,445,524,45.9,712,335,377,165,83,82,92,27,65,375,188,187,315,145,170,279,112,167
"Tim Connolly",20112012,TOR,C,70,786,383,403,48.7,617,291,326,82,44,38,87,48,39,268,132,136,277,119,158,241,132,109
"Kyle Connor",20162017,WPG,L,20,2,1,1,50,1,0,1,1,1,0,0,0,0,2,1,1,0,0,0,0,0,0
"Kyle Connor",20172018,WPG,L,76,7,2,5,28.6,5,2,3,2,0,2,0,0,0,5,2,3,1,0,1,1,0,1
"Kyle Connor",20182019,WPG,L,82,13,8,5,61.5,11,6,5,2,2,0,0,0,0,8,6,2,2,0,2,3,2,1
"Craig Conroy",20092010,CGY,C,63,879,453,426,51.5,667,355,312,24,12,12,188,86,102,257,125,132,279,155,124,342,173,169
"Craig Conroy",20102011,CGY,C,18,189,101,88,53.4,123,66,57,3,3,0,63,32,31,44,24,20,54,31,23,91,46,45
"Matt Cooke",20092010,PIT,L,79,24,13,11,54.2,13,9,4,0,0,0,11,4,7,8,4,4,6,4,2,10,5,5
"Matt Cooke",20102011,PIT,L,67,29,8,21,27.6,10,5,5,0,0,0,19,3,16,9,2,7,7,1,6,13,5,8
"Matt Cooke",20112012,PIT,L,82,33,18,15,54.5,18,13,5,1,0,1,14,5,9,15,9,6,8,2,6,10,7,3
"Matt Cooke",20122013,PIT,L,48,14,3,11,21.4,7,1,6,0,0,0,7,2,5,3,0,3,4,1,3,7,2,5
"Matt Cooke",20132014,MIN,L,82,26,10,16,38.5,16,5,11,0,0,0,10,5,5,13,3,10,3,1,2,10,6,4
"Matt Cooke",20142015,MIN,L,29,9,3,6,33.3,5,3,2,0,0,0,4,0,4,1,1,0,3,2,1,5,0,5
"Andrew Copp",20142015,WPG,C,1,9,6,3,66.7,8,5,3,0,0,0,1,1,0,2,1,1,3,2,1,4,3,1
"Andrew Copp",20152016,WPG,C,77,486,224,262,46.1,425,201,224,8,4,4,53,19,34,132,71,61,170,75,95,184,78,106
"Andrew Copp",20162017,WPG,C,64,192,95,97,49.5,136,71,65,7,4,3,49,20,29,51,31,20,70,32,38,71,32,39
"Andrew Copp",20172018,WPG,C,82,571,296,275,51.8,462,235,227,3,2,1,106,59,47,140,74,66,200,103,97,231,119,112
"Andrew Copp",20182019,WPG,C,69,358,198,160,55.3,319,182,137,2,1,1,37,15,22,120,68,52,119,62,57,119,68,51
"Patrice Cormier",20102011,ATL,C,21,67,39,28,58.2,59,34,25,5,3,2,3,2,1,21,14,7,22,13,9,24,12,12
"Patrice Cormier",20112012,WPG,C,9,30,22,8,73.3,30,22,8,0,0,0,0,0,0,10,10,0,14,9,5,6,3,3
"Patrice Cormier",20122013,WPG,C,10,6,1,5,16.7,6,1,5,0,0,0,0,0,0,3,1,2,3,0,3,0,0,0
"Patrice Cormier",20132014,WPG,C,9,46,26,20,56.5,46,26,20,0,0,0,0,0,0,15,6,9,10,7,3,21,13,8
"Patrice Cormier",20142015,WPG,C,1,5,3,2,60,5,3,2,0,0,0,0,0,0,0,0,0,3,1,2,2,2,0
"Patrice Cormier",20152016,WPG,C,2,9,3,6,33.3,6,2,4,3,1,2,0,0,0,5,2,3,3,1,2,1,0,1
"Philippe Cornet",20112012,EDM,L,2,0,0,0,--,0,0,0,0,0,0,0,0,0,0,0,0,0,0,0,0,0,0
"Frank Corrado",20122013,VAN,D,3,0,0,0,--,0,0,0,0,0,0,0,0,0,0,0,0,0,0,0,0,0,0
"Frank Corrado",20132014,VAN,D,15,0,0,0,--,0,0,0,0,0,0,0,0,0,0,0,0,0,0,0,0,0,0
"Frank Corrado",20142015,VAN,D,10,0,0,0,--,0,0,0,0,0,0,0,0,0,0,0,0,0,0,0,0,0,0
"Frank Corrado",20152016,TOR,D,39,0,0,0,--,0,0,0,0,0,0,0,0,0,0,0,0,0,0,0,0,0,0
"Frank Corrado",20162017,"TOR,PIT",D,4,0,0,0,--,0,0,0,0,0,0,0,0,0,0,0,0,0,0,0,0,0,0
"Frank Corrado",20172018,PIT,D,5,0,0,0,--,0,0,0,0,0,0,0,0,0,0,0,0,0,0,0,0,0,0
"Matthew Corrente",20092010,NJD,D,12,0,0,0,--,0,0,0,0,0,0,0,0,0,0,0,0,0,0,0,0,0,0
"Matthew Corrente",20102011,NJD,D,22,0,0,0,--,0,0,0,0,0,0,0,0,0,0,0,0,0,0,0,0,0,0
"Joe Corvo",20092010,"CAR,WSH",D,52,0,0,0,--,0,0,0,0,0,0,0,0,0,0,0,0,0,0,0,0,0,0
"Joe Corvo",20102011,CAR,D,82,1,0,1,0,0,0,0,0,0,0,1,0,1,0,0,0,0,0,0,1,0,1
"Joe Corvo",20112012,BOS,D,75,0,0,0,--,0,0,0,0,0,0,0,0,0,0,0,0,0,0,0,0,0,0
"Joe Corvo",20122013,CAR,D,40,0,0,0,--,0,0,0,0,0,0,0,0,0,0,0,0,0,0,0,0,0,0
"Joe Corvo",20132014,OTT,D,25,0,0,0,--,0,0,0,0,0,0,0,0,0,0,0,0,0,0,0,0,0,0
"Jean-Philippe Cote",20132014,TBL,D,19,0,0,0,--,0,0,0,0,0,0,0,0,0,0,0,0,0,0,0,0,0,0
"Riley Cote",20092010,PHI,L,15,0,0,0,--,0,0,0,0,0,0,0,0,0,0,0,0,0,0,0,0,0,0
"Nick Cousins",20142015,PHI,C,11,52,23,29,44.2,52,23,29,0,0,0,0,0,0,16,6,10,26,13,13,10,4,6
"Nick Cousins",20152016,PHI,C,36,237,109,128,46,229,107,122,8,2,6,0,0,0,68,32,36,100,45,55,69,32,37
"Nick Cousins",20162017,PHI,C,60,217,89,128,41,202,80,122,14,8,6,1,1,0,82,35,47,78,28,50,57,26,31
"Nick Cousins",20172018,ARI,C,71,224,84,140,37.5,219,83,136,5,1,4,0,0,0,71,25,46,70,27,43,83,32,51
"Nick Cousins",20182019,ARI,C,81,520,243,277,46.7,480,225,255,40,18,22,0,0,0,189,89,100,196,107,89,135,47,88
"Logan Couture",20092010,SJS,C,25,143,75,68,52.5,140,73,67,3,2,1,0,0,0,49,23,26,63,32,31,30,19,11
"Logan Couture",20102011,SJS,C,79,888,474,414,53.4,720,386,334,138,77,61,30,11,19,337,172,165,306,163,143,245,139,106
"Logan Couture",20112012,SJS,C,80,910,468,442,51.4,791,409,382,77,44,33,42,15,27,340,160,180,326,172,154,244,136,108
"Logan Couture",20122013,SJS,C,48,489,252,237,51.5,456,233,223,9,4,5,24,15,9,154,73,81,179,95,84,156,84,72
"Logan Couture",20132014,SJS,C,65,950,479,471,50.4,846,431,415,48,26,22,56,22,34,263,118,145,397,207,190,290,154,136
"Logan Couture",20142015,SJS,C,82,990,477,513,48.2,883,434,449,30,19,11,77,24,53,272,136,136,376,188,188,342,153,189
"Logan Couture",20152016,SJS,C,52,576,271,305,47,532,253,279,6,0,6,38,18,20,164,78,86,238,116,122,174,77,97
"Logan Couture",20162017,SJS,C,73,753,297,456,39.4,693,277,416,8,3,5,52,17,35,195,70,125,322,135,187,236,92,144
"Logan Couture",20172018,SJS,C,78,325,149,176,45.9,281,130,151,14,6,8,30,13,17,100,48,52,115,48,67,110,53,57
"Logan Couture",20182019,SJS,C,81,609,282,327,46.3,537,248,289,30,13,17,42,21,21,165,73,92,272,124,148,172,85,87
"Sean Couturier",20112012,PHI,C,77,804,378,426,47,651,310,341,23,14,9,130,54,76,173,81,92,336,154,182,295,143,152
"Sean Couturier",20122013,PHI,C,46,553,243,310,43.9,458,204,254,23,12,11,72,27,45,116,58,58,215,81,134,222,104,118
"Sean Couturier",20132014,PHI,C,82,"1,353",646,707,47.7,"1,076",518,558,49,27,22,228,101,127,335,166,169,523,243,280,495,237,258
"Sean Couturier",20142015,PHI,C,82,"1,330",643,687,48.3,"1,069",511,558,88,47,41,173,85,88,338,169,169,460,214,246,532,260,272
"Sean Couturier",20152016,PHI,C,63,"1,105",537,568,48.6,933,452,481,83,37,46,89,48,41,308,145,163,398,183,215,399,209,190
"Sean Couturier",20162017,PHI,C,66,"1,066",587,479,55.1,894,496,398,78,41,37,94,50,44,289,170,119,383,201,182,394,216,178
"Sean Couturier",20172018,PHI,C,82,"1,001",529,472,52.9,787,421,366,63,38,25,151,70,81,260,123,137,309,169,140,432,237,195
"Sean Couturier",20182019,PHI,C,80,"1,323",755,568,57.1,"1,040",580,460,120,87,33,163,88,75,418,227,191,375,220,155,530,308,222
"Jared Cowen",20092010,OTT,D,1,0,0,0,--,0,0,0,0,0,0,0,0,0,0,0,0,0,0,0,0,0,0
"Jared Cowen",20112012,OTT,D,82,0,0,0,--,0,0,0,0,0,0,0,0,0,0,0,0,0,0,0,0,0,0
"Jared Cowen",20122013,OTT,D,7,0,0,0,--,0,0,0,0,0,0,0,0,0,0,0,0,0,0,0,0,0,0
"Jared Cowen",20132014,OTT,D,68,0,0,0,--,0,0,0,0,0,0,0,0,0,0,0,0,0,0,0,0,0,0
"Jared Cowen",20142015,OTT,D,54,0,0,0,--,0,0,0,0,0,0,0,0,0,0,0,0,0,0,0,0,0,0
"Jared Cowen",20152016,OTT,D,37,0,0,0,--,0,0,0,0,0,0,0,0,0,0,0,0,0,0,0,0,0,0
"Charlie Coyle",20122013,MIN,C,37,26,9,17,34.6,22,6,16,3,2,1,1,1,0,13,4,9,6,3,3,7,2,5
"Charlie Coyle",20132014,MIN,C,70,458,192,266,41.9,386,160,226,64,29,35,8,3,5,202,89,113,156,71,85,100,32,68
"Charlie Coyle",20142015,MIN,C,82,718,334,384,46.5,668,313,355,43,15,28,7,6,1,234,92,142,226,107,119,258,135,123
"Charlie Coyle",20152016,MIN,C,82,502,228,274,45.4,428,197,231,46,18,28,28,13,15,188,86,102,156,70,86,158,72,86
"Charlie Coyle",20162017,MIN,C,82,248,114,134,46,202,94,108,45,19,26,1,1,0,133,56,77,53,30,23,62,28,34
"Charlie Coyle",20172018,MIN,C,66,460,240,220,52.2,390,208,182,33,16,17,37,16,21,154,73,81,131,71,60,175,96,79
"Charlie Coyle",20182019,"MIN,BOS",C,81,702,322,380,45.9,611,282,329,52,26,26,39,14,25,254,103,151,217,117,100,231,102,129
"Joey Crabb",20102011,TOR,R,48,22,5,17,22.7,16,2,14,6,3,3,0,0,0,9,4,5,6,1,5,7,0,7
"Joey Crabb",20112012,TOR,R,67,10,1,9,10,6,0,6,0,0,0,4,1,3,1,0,1,1,0,1,8,1,7
"Joey Crabb",20122013,WSH,R,26,34,7,27,20.6,31,6,25,1,0,1,2,1,1,9,2,7,13,2,11,12,3,9
"Joey Crabb",20132014,FLA,R,9,20,10,10,50,10,7,3,0,0,0,10,3,7,4,4,0,2,1,1,14,5,9
"Adam Cracknell",20102011,STL,R,24,118,46,72,39,115,46,69,1,0,1,2,0,2,46,19,27,50,17,33,22,10,12
"Adam Cracknell",20112012,STL,R,2,1,0,1,0,1,0,1,0,0,0,0,0,0,0,0,0,1,0,1,0,0,0
"Adam Cracknell",20122013,STL,R,20,25,6,19,24,25,6,19,0,0,0,0,0,0,9,1,8,5,2,3,11,3,8
"Adam Cracknell",20132014,STL,R,19,27,10,17,37,27,10,17,0,0,0,0,0,0,9,2,7,16,7,9,2,1,1
"Adam Cracknell",20142015,CBJ,R,17,58,20,38,34.5,55,19,36,1,1,0,2,0,2,22,6,16,21,9,12,15,5,10
"Adam Cracknell",20152016,"VAN,EDM",R,52,395,156,239,39.5,363,146,217,7,3,4,25,7,18,115,47,68,143,60,83,137,49,88
"Adam Cracknell",20162017,DAL,R,69,295,135,160,45.8,278,128,150,3,2,1,14,5,9,93,38,55,104,58,46,98,39,59
"Adam Cracknell",20172018,"DAL,NYR",R,5,6,3,3,50,5,2,3,0,0,0,1,1,0,1,0,1,4,2,2,1,1,0
"Adam Cracknell",20182019,ANA,R,2,0,0,0,--,0,0,0,0,0,0,0,0,0,0,0,0,0,0,0,0,0,0
"Ryan Craig",20092010,TBL,C,3,1,0,1,0,1,0,1,0,0,0,0,0,0,0,0,0,1,0,1,0,0,0
"Ryan Craig",20102011,PIT,C,6,5,3,2,60,1,0,1,4,3,1,0,0,0,3,2,1,1,1,0,1,0,1
"Ryan Craig",20132014,CBJ,C,6,0,0,0,--,0,0,0,0,0,0,0,0,0,0,0,0,0,0,0,0,0,0
"Ryan Craig",20142015,CBJ,C,2,0,0,0,--,0,0,0,0,0,0,0,0,0,0,0,0,0,0,0,0,0,0
"Joseph Cramarossa",20162017,"ANA,VAN",C,59,7,6,1,85.7,6,5,1,0,0,0,1,1,0,1,1,0,4,3,1,2,2,0
"Andrew Crescenzi",20172018,LAK,C,2,16,8,8,50,15,8,7,0,0,0,1,0,1,5,2,3,3,1,2,8,5,3
"Kyle Criscuolo",20172018,BUF,C,9,41,19,22,46.3,40,19,21,0,0,0,1,0,1,14,5,9,12,6,6,15,8,7
"B.J. Crombeen",20092010,STL,R,79,51,18,33,35.3,40,14,26,0,0,0,11,4,7,17,6,11,17,8,9,17,4,13
"B.J. Crombeen",20102011,STL,R,80,64,19,45,29.7,56,18,38,1,0,1,7,1,6,28,7,21,16,6,10,20,6,14
"B.J. Crombeen",20112012,STL,R,40,12,3,9,25,12,3,9,0,0,0,0,0,0,6,1,5,0,0,0,6,2,4
"B.J. Crombeen",20122013,TBL,R,44,20,4,16,20,13,3,10,0,0,0,7,1,6,4,0,4,5,2,3,11,2,9
"B.J. Crombeen",20132014,TBL,R,55,8,3,5,37.5,8,3,5,0,0,0,0,0,0,3,2,1,0,0,0,5,1,4
"B.J. Crombeen",20142015,ARI,R,58,1,1,0,100,1,1,0,0,0,0,0,0,0,1,1,0,0,0,0,0,0,0
"Sidney Crosby",20092010,PIT,C,81,"1,791","1,001",790,55.9,"1,266",691,575,420,253,167,105,57,48,771,437,334,562,300,262,451,259,192
"Sidney Crosby",20102011,PIT,C,41,981,546,435,55.7,688,377,311,245,145,100,48,24,24,395,216,179,296,173,123,290,157,133
"Sidney Crosby",20112012,PIT,C,22,453,227,226,50.1,346,170,176,100,55,45,7,2,5,210,108,102,144,69,75,99,50,49
"Sidney Crosby",20122013,PIT,C,36,834,453,381,54.3,609,323,286,171,99,72,54,31,23,328,184,144,249,134,115,257,135,122
"Sidney Crosby",20132014,PIT,C,80,"1,887",991,896,52.5,"1,378",697,681,419,253,166,90,41,49,767,421,346,608,320,288,512,250,262
"Sidney Crosby",20142015,PIT,C,77,"1,597",797,800,49.9,"1,223",604,619,335,176,159,39,17,22,769,390,379,479,234,245,349,173,176
"Sidney Crosby",20152016,PIT,C,80,"1,907",986,921,51.7,"1,495",770,725,362,196,166,50,20,30,842,472,370,582,277,305,483,237,246
"Sidney Crosby",20162017,PIT,C,75,"1,748",842,906,48.2,"1,386",650,736,343,185,158,19,7,12,782,392,390,619,293,326,347,157,190
"Sidney Crosby",20172018,PIT,C,82,"1,935","1,026",909,53,"1,539",808,731,359,200,159,37,18,19,825,454,371,675,360,315,435,212,223
"Sidney Crosby",20182019,PIT,C,79,"1,826","1,012",814,55.4,"1,479",804,675,309,193,116,38,15,23,773,469,304,632,313,319,421,230,191
"Tommy Cross",20152016,BOS,D,3,0,0,0,--,0,0,0,0,0,0,0,0,0,0,0,0,0,0,0,0,0,0
"Lawson Crouse",20162017,ARI,L,72,2,1,1,50,2,1,1,0,0,0,0,0,0,2,1,1,0,0,0,0,0,0
"Lawson Crouse",20172018,ARI,L,11,11,3,8,27.3,11,3,8,0,0,0,0,0,0,8,1,7,1,0,1,2,2,0
"Lawson Crouse",20182019,ARI,L,81,58,24,34,41.4,47,19,28,1,1,0,10,4,6,25,8,17,18,8,10,15,8,7
"Mark Cullen",20112012,FLA,C,6,27,15,12,55.5,26,15,11,0,0,0,1,0,1,4,2,2,14,8,6,9,5,4
"Matt Cullen",20092010,"CAR,OTT",C,81,"1,121",572,549,51,843,420,423,98,62,36,180,90,90,326,173,153,384,195,189,413,205,208
"Matt Cullen",20102011,MIN,C,78,843,473,370,56.1,677,373,304,73,41,32,93,59,34,269,138,131,247,151,96,327,184,143
"Matt Cullen",20112012,MIN,C,73,"1,178",627,551,53.2,929,515,414,114,50,64,135,62,73,354,160,194,351,203,148,473,264,209
"Matt Cullen",20122013,MIN,C,42,448,245,203,54.7,374,208,166,46,21,25,28,16,12,159,80,79,131,71,60,158,94,64
"Matt Cullen",20132014,NSH,C,77,772,438,334,56.7,645,362,283,97,62,35,30,14,16,332,186,146,186,99,87,254,153,101
"Matt Cullen",20142015,NSH,C,62,287,155,132,54,253,136,117,10,5,5,24,14,10,126,59,67,37,17,20,124,79,45
"Matt Cullen",20152016,PIT,C,82,"1,044",582,462,55.8,790,468,322,26,15,11,228,99,129,196,116,80,296,185,111,552,281,271
"Matt Cullen",20162017,PIT,C,72,859,440,419,51.2,653,353,300,24,14,10,182,73,109,179,97,82,203,106,97,477,237,240
"Matt Cullen",20172018,MIN,C,79,705,355,350,50.4,643,322,321,8,4,4,54,29,25,198,97,101,258,141,117,249,117,132
"Matt Cullen",20182019,PIT,C,71,640,320,320,50,485,241,244,5,3,2,150,76,74,72,36,36,182,101,81,386,183,203
"Jassen Cullimore",20102011,CHI,D,36,0,0,0,--,0,0,0,0,0,0,0,0,0,0,0,0,0,0,0,0,0,0
"Tyler Cuma",20112012,MIN,D,1,0,0,0,--,0,0,0,0,0,0,0,0,0,0,0,0,0,0,0,0,0,0
"Kyle Cumiskey",20092010,COL,D,61,0,0,0,--,0,0,0,0,0,0,0,0,0,0,0,0,0,0,0,0,0,0
"Kyle Cumiskey",20102011,COL,D,18,0,0,0,--,0,0,0,0,0,0,0,0,0,0,0,0,0,0,0,0,0,0
"Kyle Cumiskey",20142015,CHI,D,7,0,0,0,--,0,0,0,0,0,0,0,0,0,0,0,0,0,0,0,0,0,0
"Mark Cundari",20122013,CGY,D,4,0,0,0,--,0,0,0,0,0,0,0,0,0,0,0,0,0,0,0,0,0,0
"Mark Cundari",20132014,CGY,D,4,0,0,0,--,0,0,0,0,0,0,0,0,0,0,0,0,0,0,0,0,0,0
"Craig Cunningham",20132014,BOS,L,2,7,3,4,42.9,6,2,4,0,0,0,1,1,0,3,1,2,3,1,2,1,1,0
"Craig Cunningham",20142015,"BOS,ARI",L,51,136,69,67,50.7,113,55,58,4,2,2,19,12,7,37,15,22,32,13,19,67,41,26
"Craig Cunningham",20152016,ARI,L,10,3,2,1,66.7,3,2,1,0,0,0,0,0,0,2,2,0,0,0,0,1,0,1
"Josh Currie",20182019,EDM,R,21,5,2,3,40,5,2,3,0,0,0,0,0,0,3,0,3,2,2,0,0,0,0
"Austin Czarnik",20162017,BOS,C,49,133,57,76,42.9,116,53,63,10,2,8,7,2,5,53,22,31,61,29,32,19,6,13
"Austin Czarnik",20172018,BOS,C,10,28,14,14,50,21,11,10,3,2,1,4,1,3,11,5,6,11,7,4,6,2,4
"Austin Czarnik",20182019,CGY,C,54,64,30,34,46.9,42,19,23,21,10,11,1,1,0,44,19,25,11,5,6,9,6,3
"Kevin Czuczman",20132014,NYI,D,13,1,1,0,100,1,1,0,0,0,0,0,0,0,0,0,0,1,1,0,0,0,0
"Matt D'Agostini",20092010,"MTL,STL",R,47,10,7,3,70,10,7,3,0,0,0,0,0,0,4,3,1,3,2,1,3,2,1
"Matt D'Agostini",20102011,STL,R,82,55,21,34,38.2,50,19,31,5,2,3,0,0,0,23,7,16,19,8,11,13,6,7
"Matt D'Agostini",20112012,STL,R,55,29,8,21,27.6,26,8,18,3,0,3,0,0,0,11,2,9,13,5,8,5,1,4
"Matt D'Agostini",20122013,"STL,NJD",R,29,18,5,13,27.8,15,5,10,3,0,3,0,0,0,13,2,11,1,1,0,4,2,2
"Matt D'Agostini",20132014,"PIT,BUF",R,57,15,5,10,33.3,7,2,5,8,3,5,0,0,0,8,3,5,6,1,5,1,1,0
"Jerry D'Amigo",20132014,TOR,R,22,4,1,3,25,2,1,1,0,0,0,2,0,2,2,1,1,2,0,2,0,0,0
"Jerry D'Amigo",20142015,BUF,R,9,0,0,0,--,0,0,0,0,0,0,0,0,0,0,0,0,0,0,0,0,0,0
"Stephane Da Costa",20102011,OTT,C,4,21,6,15,28.6,18,6,12,3,0,3,0,0,0,7,1,6,11,3,8,3,2,1
"Stephane Da Costa",20112012,OTT,C,22,177,65,112,36.7,147,55,92,29,10,19,1,0,1,65,25,40,78,24,54,34,16,18
"Stephane Da Costa",20122013,OTT,C,9,64,39,25,60.9,48,28,20,16,11,5,0,0,0,42,29,13,13,7,6,9,3,6
"Stephane Da Costa",20132014,OTT,C,12,79,32,47,40.5,72,30,42,7,2,5,0,0,0,36,14,22,29,13,16,14,5,9
"Evgenii Dadonov",20092010,FLA,R,4,0,0,0,--,0,0,0,0,0,0,0,0,0,0,0,0,0,0,0,0,0,0
"Evgenii Dadonov",20102011,FLA,R,36,5,1,4,20,5,1,4,0,0,0,0,0,0,1,0,1,3,0,3,1,1,0
"Evgenii Dadonov",20112012,FLA,R,15,6,0,6,0,6,0,6,0,0,0,0,0,0,2,0,2,0,0,0,4,0,4
"Evgenii Dadonov",20172018,FLA,R,74,0,0,0,--,0,0,0,0,0,0,0,0,0,0,0,0,0,0,0,0,0,0
"Evgenii Dadonov",20182019,FLA,R,82,5,2,3,40,5,2,3,0,0,0,0,0,0,1,0,1,2,2,0,2,0,2
"Klas Dahlbeck",20142015,"CHI,ARI",D,23,0,0,0,--,0,0,0,0,0,0,0,0,0,0,0,0,0,0,0,0,0,0
"Klas Dahlbeck",20152016,ARI,D,71,0,0,0,--,0,0,0,0,0,0,0,0,0,0,0,0,0,0,0,0,0,0
"Klas Dahlbeck",20162017,CAR,D,43,0,0,0,--,0,0,0,0,0,0,0,0,0,0,0,0,0,0,0,0,0,0
"Klas Dahlbeck",20172018,CAR,D,33,0,0,0,--,0,0,0,0,0,0,0,0,0,0,0,0,0,0,0,0,0,0
"Rasmus Dahlin",20182019,BUF,D,82,0,0,0,--,0,0,0,0,0,0,0,0,0,0,0,0,0,0,0,0,0,0
"Carl Dahlstrom",20172018,CHI,D,11,1,1,0,100,1,1,0,0,0,0,0,0,0,0,0,0,0,0,0,1,1,0
"Carl Dahlstrom",20182019,CHI,D,38,0,0,0,--,0,0,0,0,0,0,0,0,0,0,0,0,0,0,0,0,0,0
"Michael Dal Colle",20172018,NYI,L,4,0,0,0,--,0,0,0,0,0,0,0,0,0,0,0,0,0,0,0,0,0,0
"Michael Dal Colle",20182019,NYI,L,28,1,0,1,0,1,0,1,0,0,0,0,0,0,1,0,1,0,0,0,0,0,0
"Trevor Daley",20092010,DAL,D,77,0,0,0,--,0,0,0,0,0,0,0,0,0,0,0,0,0,0,0,0,0,0
"Trevor Daley",20102011,DAL,D,82,0,0,0,--,0,0,0,0,0,0,0,0,0,0,0,0,0,0,0,0,0,0
"Trevor Daley",20112012,DAL,D,79,0,0,0,--,0,0,0,0,0,0,0,0,0,0,0,0,0,0,0,0,0,0
"Trevor Daley",20122013,DAL,D,44,0,0,0,--,0,0,0,0,0,0,0,0,0,0,0,0,0,0,0,0,0,0
"Trevor Daley",20132014,DAL,D,67,0,0,0,--,0,0,0,0,0,0,0,0,0,0,0,0,0,0,0,0,0,0
"Trevor Daley",20142015,DAL,D,68,0,0,0,--,0,0,0,0,0,0,0,0,0,0,0,0,0,0,0,0,0,0
"Trevor Daley",20152016,"CHI,PIT",D,82,1,0,1,0,1,0,1,0,0,0,0,0,0,1,0,1,0,0,0,0,0,0
"Trevor Daley",20162017,PIT,D,56,0,0,0,--,0,0,0,0,0,0,0,0,0,0,0,0,0,0,0,0,0,0
"Trevor Daley",20172018,DET,D,77,0,0,0,--,0,0,0,0,0,0,0,0,0,0,0,0,0,0,0,0,0,0
"Trevor Daley",20182019,DET,D,44,0,0,0,--,0,0,0,0,0,0,0,0,0,0,0,0,0,0,0,0,0,0
"Zac Dalpe",20102011,CAR,C,15,26,7,19,26.9,24,7,17,0,0,0,2,0,2,11,3,8,10,3,7,5,1,4
"Zac Dalpe",20112012,CAR,C,16,11,5,6,45.5,10,4,6,1,1,0,0,0,0,3,3,0,7,2,5,1,0,1
"Zac Dalpe",20122013,CAR,C,10,3,1,2,33.3,3,1,2,0,0,0,0,0,0,2,1,1,0,0,0,1,0,1
"Zac Dalpe",20132014,VAN,C,55,231,106,125,45.9,219,98,121,11,8,3,1,0,1,56,21,35,108,52,56,67,33,34
"Zac Dalpe",20142015,BUF,C,21,33,20,13,60.6,33,20,13,0,0,0,0,0,0,8,5,3,4,2,2,21,13,8
"Zac Dalpe",20152016,MIN,C,2,17,11,6,64.7,16,11,5,1,0,1,0,0,0,8,6,2,6,3,3,3,2,1
"Zac Dalpe",20162017,MIN,C,9,59,27,32,45.8,58,27,31,1,0,1,0,0,0,14,8,6,32,13,19,13,6,7
"Zac Dalpe",20172018,CBJ,C,12,24,7,17,29.2,22,6,16,2,1,1,0,0,0,15,5,10,5,1,4,4,1,3
"Zac Dalpe",20182019,CBJ,C,1,1,0,1,0,1,0,1,0,0,0,0,0,0,0,0,0,1,0,1,0,0,0
"Phillip Danault",20142015,CHI,C,2,20,6,14,30,19,6,13,1,0,1,0,0,0,11,4,7,8,2,6,1,0,1
"Phillip Danault",20152016,"CHI,MTL",C,51,519,247,272,47.6,486,231,255,9,6,3,24,10,14,109,51,58,163,81,82,247,115,132
"Phillip Danault",20162017,MTL,C,82,"1,031",533,498,51.7,923,479,444,41,21,20,67,33,34,343,173,170,353,191,162,335,169,166
"Phillip Danault",20172018,MTL,C,52,720,380,340,52.8,586,307,279,39,26,13,95,47,48,187,102,85,258,133,125,275,145,130
"Phillip Danault",20182019,MTL,C,81,"1,588",882,706,55.5,"1,258",694,564,35,27,8,295,161,134,381,207,174,526,311,215,681,364,317
"Marko Dano",20142015,CBJ,L,35,37,16,21,43.2,37,16,21,0,0,0,0,0,0,16,8,8,17,6,11,4,2,2
"Marko Dano",20152016,"CHI,WPG",L,34,6,2,4,33.3,6,2,4,0,0,0,0,0,0,4,1,3,1,1,0,1,0,1
"Marko Dano",20162017,WPG,L,38,4,1,3,25,4,1,3,0,0,0,0,0,0,1,0,1,1,0,1,2,1,1
"Marko Dano",20172018,WPG,L,23,2,1,1,50,2,1,1,0,0,0,0,0,0,0,0,0,0,0,0,2,1,1
"Marko Dano",20182019,COL,L,8,5,0,5,0,5,0,5,0,0,0,0,0,0,2,0,2,2,0,2,1,0,1
"Mathieu Darche",20092010,MTL,L,29,5,3,2,60,3,1,2,2,2,0,0,0,0,2,1,1,1,1,0,2,1,1
"Mathieu Darche",20102011,MTL,L,59,21,7,14,33.3,20,6,14,1,1,0,0,0,0,9,1,8,5,3,2,7,3,4
"Mathieu Darche",20112012,MTL,L,61,19,6,13,31.6,11,4,7,1,1,0,7,1,6,5,2,3,5,2,3,9,2,7
"Pavel Datsyuk",20092010,DET,C,80,"1,070",590,480,55.1,809,447,362,205,116,89,56,27,29,457,257,200,323,167,156,289,165,124
"Pavel Datsyuk",20102011,DET,C,56,785,429,356,54.6,553,297,256,164,95,69,68,37,31,287,155,132,261,141,120,237,133,104
"Pavel Datsyuk",20112012,DET,C,70,"1,249",702,547,56.2,881,493,388,191,110,81,177,99,78,439,244,195,394,214,180,416,244,172
"Pavel Datsyuk",20122013,DET,C,47,887,488,399,55,596,312,284,171,101,70,120,75,45,349,187,162,228,120,108,310,181,129
"Pavel Datsyuk",20132014,DET,C,45,835,446,389,53.4,634,329,305,139,86,53,62,31,31,348,196,152,252,125,127,235,125,110
"Pavel Datsyuk",20142015,DET,C,63,"1,122",601,521,53.6,893,473,420,208,117,91,21,11,10,510,273,237,361,197,164,251,131,120
"Pavel Datsyuk",20152016,DET,C,66,"1,116",599,517,53.7,925,489,436,186,109,77,5,1,4,534,292,242,352,190,162,230,117,113
"Kaspars Daugavins",20092010,OTT,L,1,0,0,0,--,0,0,0,0,0,0,0,0,0,0,0,0,0,0,0,0,0,0
"Kaspars Daugavins",20112012,OTT,L,65,60,23,37,38.3,43,16,27,1,1,0,16,6,10,24,12,12,19,6,13,17,5,12
"Kaspars Daugavins",20122013,"OTT,BOS",L,25,18,9,9,50,13,8,5,0,0,0,5,1,4,8,4,4,3,2,1,7,3,4
"Laurent Dauphin",20152016,ARI,C,8,73,32,41,43.8,67,28,39,3,2,1,3,2,1,25,14,11,32,14,18,16,4,12
"Laurent Dauphin",20162017,ARI,C,24,82,37,45,45.1,74,34,40,0,0,0,8,3,5,20,10,10,31,13,18,31,14,17
"Laurent Dauphin",20172018,ARI,C,2,9,5,4,55.5,9,5,4,0,0,0,0,0,0,4,2,2,5,3,2,0,0,0
"Laurent Dauphin",20182019,ARI,C,1,1,0,1,0,1,0,1,0,0,0,0,0,0,1,0,1,0,0,0,0,0,0
"Brandon Davidson",20142015,EDM,D,12,0,0,0,--,0,0,0,0,0,0,0,0,0,0,0,0,0,0,0,0,0,0
"Brandon Davidson",20152016,EDM,D,51,0,0,0,--,0,0,0,0,0,0,0,0,0,0,0,0,0,0,0,0,0,0
"Brandon Davidson",20162017,"EDM,MTL",D,38,0,0,0,--,0,0,0,0,0,0,0,0,0,0,0,0,0,0,0,0,0,0
"Brandon Davidson",20172018,"MTL,EDM,NYI",D,51,0,0,0,--,0,0,0,0,0,0,0,0,0,0,0,0,0,0,0,0,0,0
"Brandon Davidson",20182019,CHI,D,10,0,0,0,--,0,0,0,0,0,0,0,0,0,0,0,0,0,0,0,0,0,0
"Patrick Davis",20092010,NJD,R,8,6,4,2,66.7,6,4,2,0,0,0,0,0,0,3,3,0,1,1,0,2,0,2
"Rob Davison",20092010,NJD,D,1,0,0,0,--,0,0,0,0,0,0,0,0,0,0,0,0,0,0,0,0,0,0
"Nigel Dawes",20092010,CGY,L,66,1,0,1,0,1,0,1,0,0,0,0,0,0,0,0,0,1,0,1,0,0,0
"Nigel Dawes",20102011,"ATL,MTL",L,13,0,0,0,--,0,0,0,0,0,0,0,0,0,0,0,0,0,0,0,0,0,0
"Calvin de Haan",20112012,NYI,D,1,0,0,0,--,0,0,0,0,0,0,0,0,0,0,0,0,0,0,0,0,0,0
"Calvin de Haan",20132014,NYI,D,51,0,0,0,--,0,0,0,0,0,0,0,0,0,0,0,0,0,0,0,0,0,0
"Calvin de Haan",20142015,NYI,D,65,0,0,0,--,0,0,0,0,0,0,0,0,0,0,0,0,0,0,0,0,0,0
"Calvin de Haan",20152016,NYI,D,72,1,0,1,0,1,0,1,0,0,0,0,0,0,0,0,0,1,0,1,0,0,0
"Calvin de Haan",20162017,NYI,D,82,0,0,0,--,0,0,0,0,0,0,0,0,0,0,0,0,0,0,0,0,0,0
"Calvin de Haan",20172018,NYI,D,33,0,0,0,--,0,0,0,0,0,0,0,0,0,0,0,0,0,0,0,0,0,0
"Calvin de Haan",20182019,CAR,D,74,1,0,1,0,1,0,1,0,0,0,0,0,0,0,0,0,0,0,0,1,0,1
"Jacob de la Rose",20142015,MTL,L,33,160,64,96,40,140,55,85,2,1,1,18,8,10,40,11,29,68,29,39,52,24,28
"Jacob de la Rose",20152016,MTL,L,22,130,67,63,51.5,121,63,58,1,1,0,8,3,5,25,14,11,49,28,21,56,25,31
"Jacob de la Rose",20162017,MTL,L,9,34,17,17,50,27,13,14,1,0,1,6,4,2,4,3,1,13,7,6,17,7,10
"Jacob de la Rose",20172018,MTL,L,55,467,206,261,44.1,423,192,231,3,1,2,41,13,28,133,58,75,159,72,87,175,76,99
"Jacob de la Rose",20182019,DET,L,60,380,161,219,42.4,348,145,203,6,5,1,26,11,15,108,50,58,134,62,72,138,49,89
"Chase De Leo",20152016,WPG,C,2,1,1,0,100,1,1,0,0,0,0,0,0,0,1,1,0,0,0,0,0,0,0
"Chase De Leo",20182019,ANA,C,1,0,0,0,--,0,0,0,0,0,0,0,0,0,0,0,0,0,0,0,0,0,0
"Jean-Sebastien Dea",20162017,PIT,C,1,2,1,1,50,2,1,1,0,0,0,0,0,0,1,1,0,0,0,0,1,0,1
"Jean-Sebastien Dea",20172018,PIT,C,5,21,10,11,47.6,21,10,11,0,0,0,0,0,0,4,2,2,11,5,6,6,3,3
"Jean-Sebastien Dea",20182019,"NJD,PIT",C,23,104,53,51,51,92,47,45,4,3,1,8,3,5,32,16,16,32,17,15,40,20,20
"Tony DeAngelo",20162017,ARI,D,39,0,0,0,--,0,0,0,0,0,0,0,0,0,0,0,0,0,0,0,0,0,0
"Tony DeAngelo",20172018,NYR,D,32,1,1,0,100,1,1,0,0,0,0,0,0,0,1,1,0,0,0,0,0,0,0
"Tony DeAngelo",20182019,NYR,D,61,0,0,0,--,0,0,0,0,0,0,0,0,0,0,0,0,0,0,0,0,0,0
"Alex DeBrincat",20172018,CHI,L,82,59,25,34,42.4,52,22,30,7,3,4,0,0,0,33,15,18,16,7,9,10,3,7
"Alex DeBrincat",20182019,CHI,L,82,35,16,19,45.7,30,13,17,3,1,2,2,2,0,16,6,10,7,3,4,12,7,5
"Jake DeBrusk",20172018,BOS,L,70,30,13,17,43.3,25,12,13,5,1,4,0,0,0,16,6,10,10,4,6,4,3,1
"Jake DeBrusk",20182019,BOS,L,68,38,8,30,21.1,35,8,27,2,0,2,1,0,1,26,5,21,5,0,5,7,3,4
"Brandon DeFazio",20142015,VAN,L,2,0,0,0,--,0,0,0,0,0,0,0,0,0,0,0,0,0,0,0,0,0,0
"Danny DeKeyser",20122013,DET,D,11,0,0,0,--,0,0,0,0,0,0,0,0,0,0,0,0,0,0,0,0,0,0
"Danny DeKeyser",20132014,DET,D,65,0,0,0,--,0,0,0,0,0,0,0,0,0,0,0,0,0,0,0,0,0,0
"Danny DeKeyser",20142015,DET,D,80,0,0,0,--,0,0,0,0,0,0,0,0,0,0,0,0,0,0,0,0,0,0
"Danny DeKeyser",20152016,DET,D,78,0,0,0,--,0,0,0,0,0,0,0,0,0,0,0,0,0,0,0,0,0,0
"Danny DeKeyser",20162017,DET,D,82,0,0,0,--,0,0,0,0,0,0,0,0,0,0,0,0,0,0,0,0,0,0
"Danny DeKeyser",20172018,DET,D,65,0,0,0,--,0,0,0,0,0,0,0,0,0,0,0,0,0,0,0,0,0,0
"Danny DeKeyser",20182019,DET,D,52,0,0,0,--,0,0,0,0,0,0,0,0,0,0,0,0,0,0,0,0,0,0
"Michael Del Zotto",20092010,NYR,D,80,0,0,0,--,0,0,0,0,0,0,0,0,0,0,0,0,0,0,0,0,0,0
"Michael Del Zotto",20102011,NYR,D,47,0,0,0,--,0,0,0,0,0,0,0,0,0,0,0,0,0,0,0,0,0,0
"Michael Del Zotto",20112012,NYR,D,77,0,0,0,--,0,0,0,0,0,0,0,0,0,0,0,0,0,0,0,0,0,0
"Michael Del Zotto",20122013,NYR,D,46,0,0,0,--,0,0,0,0,0,0,0,0,0,0,0,0,0,0,0,0,0,0
"Michael Del Zotto",20132014,"NYR,NSH",D,67,1,0,1,0,1,0,1,0,0,0,0,0,0,0,0,0,0,0,0,1,0,1
"Michael Del Zotto",20142015,PHI,D,64,0,0,0,--,0,0,0,0,0,0,0,0,0,0,0,0,0,0,0,0,0,0
"Michael Del Zotto",20152016,PHI,D,52,0,0,0,--,0,0,0,0,0,0,0,0,0,0,0,0,0,0,0,0,0,0
"Michael Del Zotto",20162017,PHI,D,51,1,0,1,0,1,0,1,0,0,0,0,0,0,1,0,1,0,0,0,0,0,0
"Michael Del Zotto",20172018,VAN,D,82,0,0,0,--,0,0,0,0,0,0,0,0,0,0,0,0,0,0,0,0,0,0
"Michael Del Zotto",20182019,"VAN,ANA,STL",D,42,0,0,0,--,0,0,0,0,0,0,0,0,0,0,0,0,0,0,0,0,0,0
"Stefan Della Rovere",20102011,STL,L,7,4,3,1,75,4,3,1,0,0,0,0,0,0,2,1,1,2,2,0,0,0,0
"Dylan DeMelo",20152016,SJS,D,45,0,0,0,--,0,0,0,0,0,0,0,0,0,0,0,0,0,0,0,0,0,0
"Dylan DeMelo",20162017,SJS,D,25,0,0,0,--,0,0,0,0,0,0,0,0,0,0,0,0,0,0,0,0,0,0
"Dylan DeMelo",20172018,SJS,D,63,0,0,0,--,0,0,0,0,0,0,0,0,0,0,0,0,0,0,0,0,0,0
"Dylan DeMelo",20182019,OTT,D,77,0,0,0,--,0,0,0,0,0,0,0,0,0,0,0,0,0,0,0,0,0,0
"Jason Demers",20092010,SJS,D,51,0,0,0,--,0,0,0,0,0,0,0,0,0,0,0,0,0,0,0,0,0,0
"Jason Demers",20102011,SJS,D,75,0,0,0,--,0,0,0,0,0,0,0,0,0,0,0,0,0,0,0,0,0,0
"Jason Demers",20112012,SJS,D,57,0,0,0,--,0,0,0,0,0,0,0,0,0,0,0,0,0,0,0,0,0,0
"Jason Demers",20122013,SJS,D,22,0,0,0,--,0,0,0,0,0,0,0,0,0,0,0,0,0,0,0,0,0,0
"Jason Demers",20132014,SJS,D,75,0,0,0,--,0,0,0,0,0,0,0,0,0,0,0,0,0,0,0,0,0,0
"Jason Demers",20142015,"SJS,DAL",D,81,0,0,0,--,0,0,0,0,0,0,0,0,0,0,0,0,0,0,0,0,0,0
"Jason Demers",20152016,DAL,D,62,0,0,0,--,0,0,0,0,0,0,0,0,0,0,0,0,0,0,0,0,0,0
"Jason Demers",20162017,FLA,D,81,1,0,1,0,1,0,1,0,0,0,0,0,0,0,0,0,1,0,1,0,0,0
"Jason Demers",20172018,ARI,D,69,0,0,0,--,0,0,0,0,0,0,0,0,0,0,0,0,0,0,0,0,0,0
"Jason Demers",20182019,ARI,D,35,0,0,0,--,0,0,0,0,0,0,0,0,0,0,0,0,0,0,0,0,0,0
"Pavol Demitra",20092010,VAN,R,28,86,46,40,53.5,58,30,28,17,13,4,11,3,8,41,25,16,10,5,5,34,16,18
"Travis Dermott",20172018,TOR,D,37,0,0,0,--,0,0,0,0,0,0,0,0,0,0,0,0,0,0,0,0,0,0
"Travis Dermott",20182019,TOR,D,64,0,0,0,--,0,0,0,0,0,0,0,0,0,0,0,0,0,0,0,0,0,0
"Guillaume Desbiens",20092010,VAN,R,1,0,0,0,--,0,0,0,0,0,0,0,0,0,0,0,0,0,0,0,0,0,0
"Guillaume Desbiens",20102011,VAN,R,12,1,1,0,100,1,1,0,0,0,0,0,0,0,1,1,0,0,0,0,0,0,0
"Guillaume Desbiens",20112012,CGY,R,10,2,1,1,50,2,1,1,0,0,0,0,0,0,1,1,0,0,0,0,1,0,1
"Nicolas Deschamps",20132014,WSH,C,3,0,0,0,--,0,0,0,0,0,0,0,0,0,0,0,0,0,0,0,0,0,0
"David Desharnais",20092010,MTL,C,6,28,16,12,57.1,25,15,10,3,1,2,0,0,0,10,6,4,12,6,6,6,4,2
"David Desharnais",20102011,MTL,C,43,445,221,224,49.7,371,187,184,47,23,24,27,11,16,128,56,72,181,96,85,136,69,67
"David Desharnais",20112012,MTL,C,81,"1,371",678,693,49.5,"1,051",498,553,281,159,122,39,21,18,574,307,267,456,213,243,341,158,183
"David Desharnais",20122013,MTL,C,48,764,382,382,50,600,290,310,153,89,64,11,3,8,347,181,166,271,127,144,146,74,72
"David Desharnais",20132014,MTL,C,79,"1,202",611,591,50.8,980,490,490,199,114,85,23,7,16,440,216,224,464,245,219,298,150,148
"David Desharnais",20142015,MTL,C,82,"1,189",629,560,52.9,"1,002",513,489,182,112,70,5,4,1,531,286,245,462,246,216,196,97,99
"David Desharnais",20152016,MTL,C,65,803,391,412,48.7,710,333,377,91,58,33,2,0,2,301,154,147,298,148,150,204,89,115
"David Desharnais",20162017,"MTL,EDM",C,49,332,170,162,51.2,304,159,145,27,11,16,1,0,1,127,65,62,117,60,57,88,45,43
"David Desharnais",20172018,NYR,C,71,701,386,315,55.1,641,352,289,60,34,26,0,0,0,256,138,118,251,153,98,194,95,99
"Andrew Desjardins",20102011,SJS,L,17,56,31,25,55.4,53,29,24,0,0,0,3,2,1,15,5,10,30,21,9,11,5,6
"Andrew Desjardins",20112012,SJS,L,76,362,192,170,53,347,183,164,5,3,2,10,6,4,117,59,58,143,75,68,102,58,44
"Andrew Desjardins",20122013,SJS,L,42,72,39,33,54.2,48,30,18,1,1,0,23,8,15,24,15,9,20,9,11,28,15,13
"Andrew Desjardins",20132014,SJS,L,81,675,371,304,55,623,347,276,14,7,7,38,17,21,206,93,113,280,172,108,189,106,83
"Andrew Desjardins",20142015,"SJS,CHI",L,69,312,158,154,50.6,262,130,132,5,3,2,45,25,20,75,36,39,116,59,57,121,63,58
"Andrew Desjardins",20152016,CHI,L,77,87,43,44,49.4,65,33,32,3,3,0,19,7,12,23,12,11,26,12,14,38,19,19
"Andrew Desjardins",20162017,CHI,L,46,69,39,30,56.5,63,35,28,0,0,0,6,4,2,20,11,9,21,9,12,28,19,9
"Nicolas Deslauriers",20132014,BUF,L,17,1,0,1,0,1,0,1,0,0,0,0,0,0,1,0,1,0,0,0,0,0,0
"Nicolas Deslauriers",20142015,BUF,L,82,1,0,1,0,1,0,1,0,0,0,0,0,0,1,0,1,0,0,0,0,0,0
"Nicolas Deslauriers",20152016,BUF,L,70,1,0,1,0,1,0,1,0,0,0,0,0,0,0,0,0,0,0,0,1,0,1
"Nicolas Deslauriers",20162017,BUF,L,42,3,0,3,0,3,0,3,0,0,0,0,0,0,3,0,3,0,0,0,0,0,0
"Nicolas Deslauriers",20172018,MTL,L,58,6,4,2,66.7,1,0,1,0,0,0,5,4,1,2,1,1,3,2,1,1,1,0
"Nicolas Deslauriers",20182019,MTL,L,48,1,1,0,100,0,0,0,0,0,0,1,1,0,1,1,0,0,0,0,0,0,0
"Simon Despres",20112012,PIT,D,18,0,0,0,--,0,0,0,0,0,0,0,0,0,0,0,0,0,0,0,0,0,0
"Simon Despres",20122013,PIT,D,33,0,0,0,--,0,0,0,0,0,0,0,0,0,0,0,0,0,0,0,0,0,0
"Simon Despres",20132014,PIT,D,34,0,0,0,--,0,0,0,0,0,0,0,0,0,0,0,0,0,0,0,0,0,0
"Simon Despres",20142015,"PIT,ANA",D,75,1,0,1,0,1,0,1,0,0,0,0,0,0,0,0,0,0,0,0,1,0,1
"Simon Despres",20152016,ANA,D,32,0,0,0,--,0,0,0,0,0,0,0,0,0,0,0,0,0,0,0,0,0,0
"Simon Despres",20162017,ANA,D,1,0,0,0,--,0,0,0,0,0,0,0,0,0,0,0,0,0,0,0,0,0,0
"Jamie Devane",20132014,TOR,L,2,0,0,0,--,0,0,0,0,0,0,0,0,0,0,0,0,0,0,0,0,0,0
"Andre Deveaux",20092010,TOR,C,1,1,1,0,100,1,1,0,0,0,0,0,0,0,0,0,0,0,0,0,1,1,0
"Andre Deveaux",20112012,NYR,C,9,1,1,0,100,1,1,0,0,0,0,0,0,0,0,0,0,0,0,0,1,1,0
"Phillip Di Giuseppe",20152016,CAR,L,41,20,7,13,35,16,7,9,4,0,4,0,0,0,14,6,8,4,1,3,2,0,2
"Phillip Di Giuseppe",20162017,CAR,L,36,2,0,2,0,2,0,2,0,0,0,0,0,0,2,0,2,0,0,0,0,0,0
"Phillip Di Giuseppe",20172018,CAR,L,49,1,0,1,0,1,0,1,0,0,0,0,0,0,0,0,0,0,0,0,1,0,1
"Phillip Di Giuseppe",20182019,"CAR,NSH",L,24,5,3,2,60,4,2,2,1,1,0,0,0,0,3,3,0,2,0,2,0,0,0
"Raphael Diaz",20112012,MTL,D,59,2,1,1,50,2,1,1,0,0,0,0,0,0,1,0,1,1,1,0,0,0,0
"Raphael Diaz",20122013,MTL,D,23,0,0,0,--,0,0,0,0,0,0,0,0,0,0,0,0,0,0,0,0,0,0
"Raphael Diaz",20132014,"MTL,VAN,NYR",D,63,1,0,1,0,1,0,1,0,0,0,0,0,0,0,0,0,0,0,0,1,0,1
"Raphael Diaz",20142015,CGY,D,56,0,0,0,--,0,0,0,0,0,0,0,0,0,0,0,0,0,0,0,0,0,0
"Justin DiBenedetto",20102011,NYI,C,8,0,0,0,--,0,0,0,0,0,0,0,0,0,0,0,0,0,0,0,0,0,0
"Jason Dickinson",20152016,DAL,C,1,7,1,6,14.3,7,1,6,0,0,0,0,0,0,3,0,3,4,1,3,0,0,0
"Jason Dickinson",20162017,DAL,C,10,13,4,9,30.8,11,4,7,0,0,0,2,0,2,8,3,5,4,1,3,1,0,1
"Jason Dickinson",20172018,DAL,C,27,142,69,73,48.6,141,68,73,1,1,0,0,0,0,46,26,20,62,24,38,34,19,15
"Jason Dickinson",20182019,DAL,C,67,469,201,268,42.9,405,179,226,6,1,5,58,21,37,98,37,61,180,81,99,191,83,108
"Christopher DiDomenico",20162017,OTT,L,3,3,2,1,66.7,3,2,1,0,0,0,0,0,0,2,1,1,0,0,0,1,1,0
"Christopher DiDomenico",20172018,OTT,L,24,19,6,13,31.6,16,4,12,3,2,1,0,0,0,15,4,11,3,1,2,1,1,0
"Darren Dietz",20152016,MTL,D,13,0,0,0,--,0,0,0,0,0,0,0,0,0,0,0,0,0,0,0,0,0,0
"Brenden Dillon",20112012,DAL,D,1,0,0,0,--,0,0,0,0,0,0,0,0,0,0,0,0,0,0,0,0,0,0
"Brenden Dillon",20122013,DAL,D,48,0,0,0,--,0,0,0,0,0,0,0,0,0,0,0,0,0,0,0,0,0,0
"Brenden Dillon",20132014,DAL,D,80,0,0,0,--,0,0,0,0,0,0,0,0,0,0,0,0,0,0,0,0,0,0
"Brenden Dillon",20142015,"DAL,SJS",D,80,0,0,0,--,0,0,0,0,0,0,0,0,0,0,0,0,0,0,0,0,0,0
"Brenden Dillon",20152016,SJS,D,76,0,0,0,--,0,0,0,0,0,0,0,0,0,0,0,0,0,0,0,0,0,0
"Brenden Dillon",20162017,SJS,D,81,0,0,0,--,0,0,0,0,0,0,0,0,0,0,0,0,0,0,0,0,0,0
"Brenden Dillon",20172018,SJS,D,81,0,0,0,--,0,0,0,0,0,0,0,0,0,0,0,0,0,0,0,0,0,0
"Brenden Dillon",20182019,SJS,D,82,0,0,0,--,0,0,0,0,0,0,0,0,0,0,0,0,0,0,0,0,0,0
"Jon Disalvatore",20112012,MIN,R,1,0,0,0,--,0,0,0,0,0,0,0,0,0,0,0,0,0,0,0,0,0,0
"Christian Djoos",20172018,WSH,D,63,0,0,0,--,0,0,0,0,0,0,0,0,0,0,0,0,0,0,0,0,0,0
"Christian Djoos",20182019,WSH,D,45,0,0,0,--,0,0,0,0,0,0,0,0,0,0,0,0,0,0,0,0,0,0
"Shane Doan",20092010,PHX,R,82,153,70,83,45.8,96,47,49,42,18,24,15,5,10,110,53,57,18,10,8,25,7,18
"Shane Doan",20102011,PHX,R,72,159,73,86,45.9,118,55,63,41,18,23,0,0,0,141,63,78,11,4,7,7,6,1
"Shane Doan",20112012,PHX,R,79,59,33,26,55.9,36,18,18,19,11,8,4,4,0,30,17,13,13,5,8,16,11,5
"Shane Doan",20122013,PHX,R,48,15,4,11,26.7,11,3,8,4,1,3,0,0,0,8,3,5,2,1,1,5,0,5
"Shane Doan",20132014,PHX,R,69,12,6,6,50,9,4,5,2,2,0,1,0,1,6,3,3,1,1,0,5,2,3
"Shane Doan",20142015,ARI,R,79,11,3,8,27.3,7,2,5,4,1,3,0,0,0,9,3,6,1,0,1,1,0,1
"Shane Doan",20152016,ARI,R,72,143,74,69,51.8,123,65,58,16,7,9,4,2,2,120,60,60,14,11,3,9,3,6
"Shane Doan",20162017,ARI,R,74,199,94,105,47.2,152,73,79,47,21,26,0,0,0,131,58,73,14,8,6,54,28,26
"Max Domi",20152016,ARI,C,81,55,20,35,36.4,32,11,21,22,8,14,1,1,0,42,13,29,10,4,6,3,3,0
"Max Domi",20162017,ARI,C,59,10,5,5,50,8,4,4,1,1,0,1,0,1,4,2,2,2,1,1,4,2,2
"Max Domi",20172018,ARI,C,82,412,185,227,44.9,346,152,194,66,33,33,0,0,0,175,79,96,120,50,70,117,56,61
"Max Domi",20182019,MTL,C,82,996,447,549,44.9,841,369,472,150,75,75,5,3,2,391,187,204,334,135,199,271,125,146
"Ryan Donato",20172018,BOS,C,12,16,12,4,75,16,12,4,0,0,0,0,0,0,7,6,1,7,4,3,2,2,0
"Ryan Donato",20182019,"BOS,MIN",C,56,28,11,17,39.3,25,10,15,3,1,2,0,0,0,22,7,15,4,3,1,2,1,1
"Matt Donovan",20112012,NYI,D,3,0,0,0,--,0,0,0,0,0,0,0,0,0,0,0,0,0,0,0,0,0,0
"Matt Donovan",20132014,NYI,D,52,0,0,0,--,0,0,0,0,0,0,0,0,0,0,0,0,0,0,0,0,0,0
"Matt Donovan",20142015,NYI,D,12,0,0,0,--,0,0,0,0,0,0,0,0,0,0,0,0,0,0,0,0,0,0
"Matt Donovan",20182019,NSH,D,2,0,0,0,--,0,0,0,0,0,0,0,0,0,0,0,0,0,0,0,0,0,0
"Shean Donovan",20092010,OTT,R,30,5,0,5,0,5,0,5,0,0,0,0,0,0,2,0,2,0,0,0,3,0,3
"Joonas Donskoi",20152016,SJS,R,76,3,2,1,66.7,2,1,1,1,1,0,0,0,0,3,2,1,0,0,0,0,0,0
"Joonas Donskoi",20162017,SJS,R,61,16,8,8,50,14,6,8,2,2,0,0,0,0,9,5,4,5,3,2,2,0,2
"Joonas Donskoi",20172018,SJS,R,66,12,5,7,41.7,10,4,6,2,1,1,0,0,0,7,2,5,3,2,1,2,1,1
"Joonas Donskoi",20182019,SJS,R,80,10,1,9,10,9,1,8,1,0,1,0,0,0,7,1,6,3,0,3,0,0,0
"Jamie Doornbosch",20102011,NYI,D,1,0,0,0,--,0,0,0,0,0,0,0,0,0,0,0,0,0,0,0,0,0,0
"Derek Dorsett",20092010,CBJ,R,51,33,9,24,27.3,33,9,24,0,0,0,0,0,0,16,6,10,11,2,9,6,1,5
"Derek Dorsett",20102011,CBJ,R,76,51,19,32,37.3,47,18,29,1,0,1,3,1,2,19,7,12,17,7,10,15,5,10
"Derek Dorsett",20112012,CBJ,R,77,28,14,14,50,15,4,11,4,4,0,9,6,3,10,4,6,12,6,6,6,4,2
"Derek Dorsett",20122013,CBJ,R,24,23,13,10,56.5,16,9,7,2,1,1,5,3,2,3,1,2,8,3,5,12,9,3
"Derek Dorsett",20132014,NYR,R,51,3,0,3,0,2,0,2,0,0,0,1,0,1,1,0,1,1,0,1,1,0,1
"Derek Dorsett",20142015,VAN,R,79,16,7,9,43.8,14,6,8,0,0,0,2,1,1,12,5,7,3,2,1,1,0,1
"Derek Dorsett",20152016,VAN,R,71,10,3,7,30,6,1,5,0,0,0,4,2,2,5,1,4,4,2,2,1,0,1
"Derek Dorsett",20162017,VAN,R,14,1,1,0,100,1,1,0,0,0,0,0,0,0,1,1,0,0,0,0,0,0,0
"Derek Dorsett",20172018,VAN,R,20,3,0,3,0,1,0,1,0,0,0,2,0,2,1,0,1,0,0,0,2,0,2
"Jake Dotchin",20162017,TBL,D,35,0,0,0,--,0,0,0,0,0,0,0,0,0,0,0,0,0,0,0,0,0,0
"Jake Dotchin",20172018,TBL,D,48,0,0,0,--,0,0,0,0,0,0,0,0,0,0,0,0,0,0,0,0,0,0
"Jake Dotchin",20182019,ANA,D,20,0,0,0,--,0,0,0,0,0,0,0,0,0,0,0,0,0,0,0,0,0,0
"Drew Doughty",20092010,LAK,D,82,0,0,0,--,0,0,0,0,0,0,0,0,0,0,0,0,0,0,0,0,0,0
"Drew Doughty",20102011,LAK,D,76,0,0,0,--,0,0,0,0,0,0,0,0,0,0,0,0,0,0,0,0,0,0
"Drew Doughty",20112012,LAK,D,77,0,0,0,--,0,0,0,0,0,0,0,0,0,0,0,0,0,0,0,0,0,0
"Drew Doughty",20122013,LAK,D,48,0,0,0,--,0,0,0,0,0,0,0,0,0,0,0,0,0,0,0,0,0,0
"Drew Doughty",20132014,LAK,D,78,0,0,0,--,0,0,0,0,0,0,0,0,0,0,0,0,0,0,0,0,0,0
"Drew Doughty",20142015,LAK,D,82,1,0,1,0,0,0,0,0,0,0,1,0,1,1,0,1,0,0,0,0,0,0
"Drew Doughty",20152016,LAK,D,82,0,0,0,--,0,0,0,0,0,0,0,0,0,0,0,0,0,0,0,0,0,0
"Drew Doughty",20162017,LAK,D,82,1,1,0,100,1,1,0,0,0,0,0,0,0,0,0,0,1,1,0,0,0,0
"Drew Doughty",20172018,LAK,D,82,1,0,1,0,1,0,1,0,0,0,0,0,0,1,0,1,0,0,0,0,0,0
"Drew Doughty",20182019,LAK,D,82,0,0,0,--,0,0,0,0,0,0,0,0,0,0,0,0,0,0,0,0,0,0
"Nic Dowd",20152016,LAK,C,5,34,18,16,52.9,28,15,13,5,3,2,1,0,1,16,7,9,12,7,5,6,4,2
"Nic Dowd",20162017,LAK,C,70,707,338,369,47.8,609,288,321,95,50,45,3,0,3,328,154,174,213,105,108,166,79,87
"Nic Dowd",20172018,"LAK,VAN",C,56,396,202,194,51,346,178,168,1,1,0,49,23,26,48,19,29,160,78,82,188,105,83
"Nic Dowd",20182019,WSH,C,64,472,245,227,51.9,381,195,186,2,2,0,89,48,41,101,60,41,169,82,87,202,103,99
"Jake Dowell",20092010,CHI,C,3,4,2,2,50,4,2,2,0,0,0,0,0,0,1,1,0,2,1,1,1,0,1
"Jake Dowell",20102011,CHI,C,79,652,319,333,48.9,583,290,293,12,4,8,57,25,32,180,81,99,257,122,135,215,116,99
"Jake Dowell",20112012,DAL,C,52,197,94,103,47.7,180,84,96,0,0,0,17,10,7,74,36,38,42,28,14,81,30,51
"Jake Dowell",20122013,MIN,C,2,3,2,1,66.7,2,2,0,0,0,0,1,0,1,1,1,0,1,1,0,1,0,1
"Jake Dowell",20132014,MIN,C,1,4,2,2,50,4,2,2,0,0,0,0,0,0,1,0,1,3,2,1,0,0,0
"Justin Dowling",20162017,DAL,C,9,69,38,31,55.1,67,37,30,1,1,0,1,0,1,6,3,3,33,20,13,30,15,15
"Justin Dowling",20182019,DAL,C,11,59,31,28,52.5,53,28,25,6,3,3,0,0,0,20,10,10,22,12,10,17,9,8
"Steve Downie",20092010,TBL,R,79,34,17,17,50,26,14,12,8,3,5,0,0,0,13,5,8,10,5,5,10,6,4
"Steve Downie",20102011,TBL,R,57,96,43,53,44.8,53,27,26,42,16,26,1,0,1,49,22,27,28,13,15,19,8,11
"Steve Downie",20112012,"TBL,COL",R,75,87,40,47,46,60,27,33,27,13,14,0,0,0,39,15,24,29,13,16,19,12,7
"Steve Downie",20122013,COL,R,2,1,1,0,100,1,1,0,0,0,0,0,0,0,1,1,0,0,0,0,0,0,0
"Steve Downie",20132014,"COL,PHI",R,62,7,4,3,57.1,7,4,3,0,0,0,0,0,0,5,3,2,0,0,0,2,1,1
"Steve Downie",20142015,PIT,R,72,8,4,4,50,7,3,4,1,1,0,0,0,0,3,1,2,2,2,0,3,1,2
"Steve Downie",20152016,ARI,R,26,4,2,2,50,4,2,2,0,0,0,0,0,0,1,1,0,3,1,2,0,0,0
"Leon Draisaitl",20142015,EDM,C,37,315,128,187,40.6,270,112,158,45,16,29,0,0,0,148,60,88,134,55,79,33,13,20
"Leon Draisaitl",20152016,EDM,C,72,"1,038",502,536,48.4,908,446,462,123,53,70,7,3,4,404,178,226,362,177,185,272,147,125
"Leon Draisaitl",20162017,EDM,C,82,972,476,496,49,792,386,406,144,76,68,36,14,22,459,220,239,252,114,138,261,142,119
"Leon Draisaitl",20172018,EDM,C,78,"1,198",672,526,56.1,979,559,420,128,63,65,91,50,41,476,280,196,346,180,166,376,212,164
"Leon Draisaitl",20182019,EDM,C,82,"1,340",677,663,50.5,968,495,473,252,122,130,120,60,60,618,294,324,296,151,145,426,232,194
"Kris Draper",20092010,DET,C,81,319,166,153,52,241,126,115,5,2,3,73,38,35,96,47,49,83,41,42,141,78,63
"Kris Draper",20102011,DET,C,47,168,95,73,56.5,79,42,37,2,2,0,87,51,36,43,21,22,19,10,9,106,64,42
"Nick Drazenovic",20102011,STL,C,3,11,6,5,54.5,11,6,5,0,0,0,0,0,0,5,1,4,3,2,1,3,3,0
"Nick Drazenovic",20122013,CBJ,C,8,54,29,25,53.7,50,27,23,0,0,0,4,2,2,15,6,9,15,8,7,24,15,9
"Nick Drazenovic",20132014,PIT,C,1,4,3,1,75,3,2,1,1,1,0,0,0,0,1,1,0,1,0,1,2,2,0
"Davis Drewiske",20092010,LAK,D,42,0,0,0,--,0,0,0,0,0,0,0,0,0,0,0,0,0,0,0,0,0,0
"Davis Drewiske",20102011,LAK,D,38,0,0,0,--,0,0,0,0,0,0,0,0,0,0,0,0,0,0,0,0,0,0
"Davis Drewiske",20112012,LAK,D,9,0,0,0,--,0,0,0,0,0,0,0,0,0,0,0,0,0,0,0,0,0,0
"Davis Drewiske",20122013,"LAK,MTL",D,29,1,1,0,100,1,1,0,0,0,0,0,0,0,0,0,0,1,1,0,0,0,0
"Sheldon Dries",20182019,COL,C,40,131,66,65,50.4,103,51,52,3,1,2,25,14,11,32,13,19,53,32,21,46,21,25
"Jonathan Drouin",20142015,TBL,L,70,21,11,10,52.4,18,9,9,3,2,1,0,0,0,14,5,9,3,2,1,4,4,0
"Jonathan Drouin",20152016,TBL,L,21,19,9,10,47.4,16,7,9,3,2,1,0,0,0,14,6,8,4,2,2,1,1,0
"Jonathan Drouin",20162017,TBL,L,73,220,96,124,43.6,144,63,81,75,32,43,1,1,0,138,62,76,41,15,26,41,19,22
"Jonathan Drouin",20172018,MTL,L,77,"1,051",447,604,42.5,887,367,520,152,75,77,12,5,7,436,177,259,363,158,205,252,112,140
"Jonathan Drouin",20182019,MTL,L,81,88,37,51,42,57,19,38,29,16,13,2,2,0,62,27,35,13,4,9,13,6,7
"Chris Drury",20092010,NYR,C,77,"1,206",638,568,52.9,815,439,376,107,59,48,284,140,144,295,156,139,293,146,147,606,330,276
"Chris Drury",20102011,NYR,C,24,225,127,98,56.4,179,102,77,11,4,7,35,21,14,61,32,29,29,13,16,135,82,53
"Dillon Dube",20182019,CGY,C,25,40,16,24,40,39,16,23,1,0,1,0,0,0,14,6,8,11,7,4,15,3,12
"Brandon Dubinsky",20092010,NYR,C,69,675,347,328,51.4,471,247,224,93,52,41,111,48,63,245,140,105,222,100,122,208,106,102
"Brandon Dubinsky",20102011,NYR,C,77,875,459,416,52.5,522,275,247,186,116,70,167,68,99,368,202,166,150,77,73,357,180,177
"Brandon Dubinsky",20112012,NYR,C,77,395,205,190,51.9,235,126,109,54,29,25,106,50,56,127,67,60,86,43,43,182,95,87
"Brandon Dubinsky",20122013,CBJ,C,29,439,256,183,58.3,314,183,131,74,47,27,51,26,25,164,93,71,137,84,53,138,79,59
"Brandon Dubinsky",20132014,CBJ,C,76,"1,107",586,521,52.9,852,459,393,133,72,61,122,55,67,372,193,179,356,204,152,379,189,190
"Brandon Dubinsky",20142015,CBJ,C,47,859,436,423,50.8,663,332,331,90,47,43,106,57,49,261,134,127,288,144,144,310,158,152
"Brandon Dubinsky",20152016,CBJ,C,75,"1,484",780,704,52.6,"1,155",595,560,145,86,59,184,99,85,439,239,200,472,258,214,573,283,290
"Brandon Dubinsky",20162017,CBJ,C,80,"1,488",770,718,51.8,"1,259",653,606,56,37,19,173,80,93,390,205,185,470,245,225,628,320,308
"Brandon Dubinsky",20172018,CBJ,C,62,952,521,431,54.7,796,436,360,17,10,7,139,75,64,216,114,102,281,158,123,455,249,206
"Brandon Dubinsky",20182019,CBJ,C,61,748,427,321,57.1,646,383,263,10,1,9,92,43,49,104,61,43,136,84,52,508,282,226
"Pierre-Luc Dubois",20172018,CBJ,C,82,"1,052",461,591,43.8,947,407,540,96,50,46,9,4,5,447,212,235,415,170,245,190,79,111
"Pierre-Luc Dubois",20182019,CBJ,C,82,"1,047",455,592,43.5,961,417,544,79,34,45,7,4,3,517,233,284,411,166,245,119,56,63
"Matt Duchene",20092010,COL,C,81,"1,088",479,609,44,967,422,545,101,49,52,20,8,12,357,160,197,446,199,247,283,118,165
"Matt Duchene",20102011,COL,C,80,"1,246",628,618,50.4,"1,107",555,552,128,66,62,11,7,4,460,224,236,471,247,224,315,157,158
"Matt Duchene",20112012,COL,C,58,391,200,191,51.1,362,184,178,25,14,11,4,2,2,179,91,88,123,64,59,89,45,44
"Matt Duchene",20122013,COL,C,47,893,488,405,54.6,712,405,307,52,29,23,129,54,75,288,156,132,294,165,129,311,167,144
"Matt Duchene",20132014,COL,C,71,"1,058",532,526,50.3,942,466,476,100,58,42,16,8,8,333,154,179,402,216,186,323,162,161
"Matt Duchene",20142015,COL,C,82,"1,217",635,582,52.2,"1,100",575,525,106,54,52,11,6,5,317,165,152,487,250,237,413,220,193
"Matt Duchene",20152016,COL,C,76,739,428,311,57.9,560,319,241,158,97,61,21,12,9,351,215,136,187,97,90,201,116,85
"Matt Duchene",20162017,COL,C,77,"1,098",687,411,62.6,831,516,315,128,86,42,139,85,54,363,228,135,283,176,107,452,283,169
"Matt Duchene",20172018,"COL,OTT",C,82,"1,354",717,637,53,"1,145",602,543,172,97,75,37,18,19,505,278,227,413,225,188,436,214,222
"Matt Duchene",20182019,"OTT,CBJ",C,73,"1,222",676,546,55.3,"1,027",571,456,182,100,82,13,5,8,530,312,218,372,203,169,320,161,159
"Anthony Duclair",20142015,NYR,L,18,0,0,0,--,0,0,0,0,0,0,0,0,0,0,0,0,0,0,0,0,0,0
"Anthony Duclair",20152016,ARI,L,81,1,0,1,0,1,0,1,0,0,0,0,0,0,1,0,1,0,0,0,0,0,0
"Anthony Duclair",20162017,ARI,L,58,8,4,4,50,8,4,4,0,0,0,0,0,0,4,1,3,3,2,1,1,1,0
"Anthony Duclair",20172018,"ARI,CHI",L,56,2,1,1,50,2,1,1,0,0,0,0,0,0,2,1,1,0,0,0,0,0,0
"Anthony Duclair",20182019,"CBJ,OTT",L,74,15,2,13,13.3,12,2,10,2,0,2,1,0,1,12,2,10,2,0,2,1,0,1
"Mike Duco",20092010,FLA,R,10,0,0,0,--,0,0,0,0,0,0,0,0,0,0,0,0,0,0,0,0,0,0
"Mike Duco",20102011,FLA,R,2,0,0,0,--,0,0,0,0,0,0,0,0,0,0,0,0,0,0,0,0,0,0
"Mike Duco",20112012,VAN,R,6,0,0,0,--,0,0,0,0,0,0,0,0,0,0,0,0,0,0,0,0,0,0
"Matt Dumba",20132014,MIN,D,13,0,0,0,--,0,0,0,0,0,0,0,0,0,0,0,0,0,0,0,0,0,0
"Matt Dumba",20142015,MIN,D,58,0,0,0,--,0,0,0,0,0,0,0,0,0,0,0,0,0,0,0,0,0,0
"Matt Dumba",20152016,MIN,D,81,0,0,0,--,0,0,0,0,0,0,0,0,0,0,0,0,0,0,0,0,0,0
"Matt Dumba",20162017,MIN,D,76,0,0,0,--,0,0,0,0,0,0,0,0,0,0,0,0,0,0,0,0,0,0
"Matt Dumba",20172018,MIN,D,82,2,2,0,100,2,2,0,0,0,0,0,0,0,0,0,0,1,1,0,1,1,0
"Matt Dumba",20182019,MIN,D,32,0,0,0,--,0,0,0,0,0,0,0,0,0,0,0,0,0,0,0,0,0,0
"Gabriel Dumont",20112012,MTL,C,3,18,3,15,16.7,18,3,15,0,0,0,0,0,0,7,1,6,8,2,6,3,0,3
"Gabriel Dumont",20122013,MTL,C,10,46,29,17,63,44,28,16,0,0,0,2,1,1,19,9,10,15,12,3,12,8,4
"Gabriel Dumont",20132014,MTL,C,2,8,3,5,37.5,8,3,5,0,0,0,0,0,0,2,1,1,1,0,1,5,2,3
"Gabriel Dumont",20142015,MTL,C,3,13,11,2,84.6,12,10,2,0,0,0,1,1,0,2,2,0,6,4,2,5,5,0
"Gabriel Dumont",20162017,TBL,C,39,242,133,109,55,207,111,96,3,3,0,32,19,13,44,27,17,36,14,22,162,92,70
"Gabriel Dumont",20172018,"TBL,OTT",C,30,103,41,62,39.8,92,37,55,2,2,0,9,2,7,35,13,22,33,10,23,35,18,17
"J-P Dumont",20092010,NSH,R,74,0,0,0,--,0,0,0,0,0,0,0,0,0,0,0,0,0,0,0,0,0,0
"J-P Dumont",20102011,NSH,R,70,2,1,1,50,1,1,0,1,0,1,0,0,0,2,1,1,0,0,0,0,0,0
"Brian Dumoulin",20132014,PIT,D,6,0,0,0,--,0,0,0,0,0,0,0,0,0,0,0,0,0,0,0,0,0,0
"Brian Dumoulin",20142015,PIT,D,8,0,0,0,--,0,0,0,0,0,0,0,0,0,0,0,0,0,0,0,0,0,0
"Brian Dumoulin",20152016,PIT,D,79,1,1,0,100,1,1,0,0,0,0,0,0,0,0,0,0,1,1,0,0,0,0
"Brian Dumoulin",20162017,PIT,D,70,0,0,0,--,0,0,0,0,0,0,0,0,0,0,0,0,0,0,0,0,0,0
"Brian Dumoulin",20172018,PIT,D,80,0,0,0,--,0,0,0,0,0,0,0,0,0,0,0,0,0,0,0,0,0,0
"Brian Dumoulin",20182019,PIT,D,76,0,0,0,--,0,0,0,0,0,0,0,0,0,0,0,0,0,0,0,0,0,0
"Vince Dunn",20172018,STL,D,75,1,1,0,100,1,1,0,0,0,0,0,0,0,0,0,0,0,0,0,1,1,0
"Vince Dunn",20182019,STL,D,78,1,0,1,0,1,0,1,0,0,0,0,0,0,0,0,0,1,0,1,0,0,0
"Brodie Dupont",20102011,NYR,L,1,0,0,0,--,0,0,0,0,0,0,0,0,0,0,0,0,0,0,0,0,0,0
"Pascal Dupuis",20092010,PIT,R,81,33,13,20,39.4,25,7,18,1,1,0,7,5,2,21,9,12,7,2,5,5,2,3
"Pascal Dupuis",20102011,PIT,R,81,28,6,22,21.4,16,2,14,2,1,1,10,3,7,7,1,6,8,1,7,13,4,9
"Pascal Dupuis",20112012,PIT,R,82,115,51,64,44.4,86,41,45,9,3,6,20,7,13,38,18,20,56,26,30,21,7,14
"Pascal Dupuis",20122013,PIT,R,48,57,27,30,47.4,37,17,20,9,4,5,11,6,5,19,8,11,23,12,11,15,7,8
"Pascal Dupuis",20132014,PIT,R,39,6,2,4,33.3,3,1,2,0,0,0,3,1,2,2,1,1,3,1,2,1,0,1
"Pascal Dupuis",20142015,PIT,R,16,1,1,0,100,1,1,0,0,0,0,0,0,0,0,0,0,1,1,0,0,0,0
"Pascal Dupuis",20152016,PIT,R,18,3,2,1,66.7,0,0,0,0,0,0,3,2,1,0,0,0,2,2,0,1,0,1
"Philippe Dupuis",20092010,COL,C,4,20,9,11,45,17,7,10,2,2,0,1,0,1,6,4,2,7,2,5,7,3,4
"Philippe Dupuis",20102011,COL,C,74,331,153,178,46.2,261,124,137,7,6,1,63,23,40,87,38,49,129,62,67,115,53,62
"Philippe Dupuis",20112012,TOR,C,30,58,29,29,50,55,27,28,1,1,0,2,1,1,12,6,6,31,19,12,15,4,11
"Chris Durno",20092010,COL,L,41,40,21,19,52.5,40,21,19,0,0,0,0,0,0,14,6,8,21,10,11,5,5,0
"Christian Dvorak",20162017,ARI,C,78,"1,006",471,535,46.8,860,403,457,108,52,56,38,16,22,357,169,188,327,157,170,322,145,177
"Christian Dvorak",20172018,ARI,C,78,"1,139",585,554,51.4,968,495,473,105,54,51,66,36,30,358,161,197,374,209,165,407,215,192
"Christian Dvorak",20182019,ARI,C,20,226,125,101,55.3,206,115,91,20,10,10,0,0,0,89,46,43,59,32,27,78,47,31
"Keith Aucoin",20122013,NYI,C,41,344,167,177,48.5,321,153,168,21,13,8,2,1,1,101,48,53,143,68,75,100,51,49
"Keith Aucoin",20132014,STL,C,2,15,9,6,60,14,8,6,1,1,0,0,0,0,4,3,1,5,3,2,6,3,3
"Justin Auger",20172018,LAK,R,2,0,0,0,--,0,0,0,0,0,0,0,0,0,0,0,0,0,0,0,0,0,0
"Keith Aulie",20102011,TOR,D,40,0,0,0,--,0,0,0,0,0,0,0,0,0,0,0,0,0,0,0,0,0,0
"Keith Aulie",20112012,"TOR,TBL",D,36,0,0,0,--,0,0,0,0,0,0,0,0,0,0,0,0,0,0,0,0,0,0
"Keith Aulie",20122013,TBL,D,45,0,0,0,--,0,0,0,0,0,0,0,0,0,0,0,0,0,0,0,0,0,0
"Keith Aulie",20132014,TBL,D,15,0,0,0,--,0,0,0,0,0,0,0,0,0,0,0,0,0,0,0,0,0,0
"Keith Aulie",20142015,EDM,D,31,0,0,0,--,0,0,0,0,0,0,0,0,0,0,0,0,0,0,0,0,0,0
"Brady Austin",20162017,BUF,D,5,0,0,0,--,0,0,0,0,0,0,0,0,0,0,0,0,0,0,0,0,0,0
"Yohann Auvitu",20162017,NJD,D,25,0,0,0,--,0,0,0,0,0,0,0,0,0,0,0,0,0,0,0,0,0,0
"Yohann Auvitu",20172018,EDM,D,33,0,0,0,--,0,0,0,0,0,0,0,0,0,0,0,0,0,0,0,0,0,0
"Sean Avery",20092010,NYR,L,69,14,4,10,28.6,14,4,10,0,0,0,0,0,0,3,1,2,2,0,2,9,3,6
"Sean Avery",20102011,NYR,L,76,24,15,9,62.5,22,13,9,2,2,0,0,0,0,10,8,2,5,1,4,9,6,3
"Sean Avery",20112012,NYR,L,15,3,0,3,0,3,0,3,0,0,0,0,0,0,1,0,1,0,0,0,2,0,2
"Anton Babchuk",20102011,"CAR,CGY",D,82,0,0,0,--,0,0,0,0,0,0,0,0,0,0,0,0,0,0,0,0,0,0
"Anton Babchuk",20112012,CGY,D,32,0,0,0,--,0,0,0,0,0,0,0,0,0,0,0,0,0,0,0,0,0,0
"Anton Babchuk",20122013,CGY,D,7,0,0,0,--,0,0,0,0,0,0,0,0,0,0,0,0,0,0,0,0,0,0
"David Backes",20092010,STL,R,79,"1,065",504,561,47.3,799,389,410,157,75,82,109,40,69,348,156,192,384,185,199,330,162,168
"David Backes",20102011,STL,R,82,"1,138",506,632,44.5,850,382,468,180,79,101,108,45,63,392,163,229,403,192,211,343,151,192
"David Backes",20112012,STL,R,82,"1,353",658,695,48.6,"1,003",495,508,191,89,102,159,74,85,428,200,228,474,232,242,451,226,225
"David Backes",20122013,STL,R,48,912,477,435,52.3,737,403,334,84,37,47,91,37,54,269,142,127,314,165,149,329,170,159
"David Backes",20132014,STL,R,74,"1,201",621,580,51.7,884,454,430,165,82,83,152,85,67,385,191,194,407,206,201,409,224,185
"David Backes",20142015,STL,R,80,"1,130",617,513,54.6,836,457,379,136,79,57,158,81,77,334,175,159,357,204,153,439,238,201
"David Backes",20152016,STL,R,79,"1,192",620,572,52,921,480,441,135,73,62,136,67,69,356,176,180,329,174,155,507,270,237
"David Backes",20162017,BOS,R,74,123,60,63,48.8,89,41,48,21,11,10,13,8,5,50,28,22,31,12,19,42,20,22
"David Backes",20172018,BOS,R,57,242,125,117,51.6,180,93,87,52,29,23,10,3,7,94,53,41,71,32,39,77,40,37
"David Backes",20182019,BOS,R,70,309,176,133,57,240,135,105,56,36,20,13,5,8,130,76,54,84,44,40,95,56,39
"Mikael Backlund",20092010,CGY,C,23,191,102,89,53.4,168,85,83,23,17,6,0,0,0,67,42,25,88,43,45,36,17,19
"Mikael Backlund",20102011,CGY,C,73,664,319,345,48,572,279,293,42,23,19,50,17,33,202,95,107,276,138,138,186,86,100
"Mikael Backlund",20112012,CGY,C,41,496,225,271,45.4,413,190,223,29,13,16,54,22,32,118,50,68,192,89,103,186,86,100
"Mikael Backlund",20122013,CGY,C,32,407,194,213,47.7,357,169,188,40,22,18,10,3,7,129,67,62,137,63,74,141,64,77
"Mikael Backlund",20132014,CGY,C,76,"1,322",628,694,47.5,"1,015",479,536,138,65,73,169,84,85,415,193,222,428,205,223,479,230,249
"Mikael Backlund",20142015,CGY,C,52,875,423,452,48.3,724,361,363,77,33,44,74,29,45,216,107,109,305,146,159,354,170,184
"Mikael Backlund",20152016,CGY,C,82,"1,143",539,604,47.2,926,448,478,79,37,42,138,54,84,315,146,169,389,193,196,439,200,239
"Mikael Backlund",20162017,CGY,C,81,"1,479",711,768,48.1,"1,086",516,570,129,81,48,264,114,150,333,172,161,455,229,226,691,310,381
"Mikael Backlund",20172018,CGY,C,82,"1,410",705,705,50,"1,093",562,531,87,42,45,230,101,129,354,185,169,489,252,237,567,268,299
"Mikael Backlund",20182019,CGY,C,77,"1,031",511,520,49.6,893,438,455,60,26,34,78,47,31,342,166,176,365,177,188,324,168,156
"Nicklas Backstrom",20092010,WSH,C,82,"1,336",667,669,49.9,"1,052",506,546,250,144,106,34,17,17,562,288,274,474,227,247,295,148,147
"Nicklas Backstrom",20102011,WSH,C,77,"1,315",690,625,52.5,989,513,476,248,133,115,78,44,34,507,254,253,492,258,234,316,178,138
"Nicklas Backstrom",20112012,WSH,C,42,691,353,338,51.1,505,247,258,152,86,66,34,20,14,282,145,137,234,120,114,175,88,87
"Nicklas Backstrom",20122013,WSH,C,48,840,432,408,51.4,664,338,326,107,55,52,69,39,30,300,139,161,281,166,115,259,127,132
"Nicklas Backstrom",20132014,WSH,C,82,"1,415",714,701,50.5,"1,158",571,587,188,109,79,69,34,35,578,294,284,429,196,233,408,224,184
"Nicklas Backstrom",20142015,WSH,C,82,"1,609",862,747,53.6,"1,346",727,619,154,88,66,109,47,62,598,312,286,537,295,242,474,255,219
"Nicklas Backstrom",20152016,WSH,C,75,"1,357",659,698,48.6,"1,116",533,583,141,79,62,100,47,53,436,214,222,471,232,239,450,213,237
"Nicklas Backstrom",20162017,WSH,C,82,"1,333",685,648,51.4,"1,127",589,538,158,83,75,48,13,35,498,268,230,460,247,213,375,170,205
"Nicklas Backstrom",20172018,WSH,C,81,"1,371",702,669,51.2,"1,131",574,557,165,90,75,75,38,37,469,245,224,536,273,263,366,184,182
"Nicklas Backstrom",20182019,WSH,C,80,"1,439",700,739,48.6,"1,205",583,622,158,78,80,76,39,37,493,232,261,505,252,253,441,216,225
"Sven Baertschi",20112012,CGY,L,5,0,0,0,--,0,0,0,0,0,0,0,0,0,0,0,0,0,0,0,0,0,0
"Sven Baertschi",20122013,CGY,L,20,1,1,0,100,1,1,0,0,0,0,0,0,0,0,0,0,0,0,0,1,1,0
"Sven Baertschi",20132014,CGY,L,26,0,0,0,--,0,0,0,0,0,0,0,0,0,0,0,0,0,0,0,0,0,0
"Sven Baertschi",20142015,"CGY,VAN",L,18,0,0,0,--,0,0,0,0,0,0,0,0,0,0,0,0,0,0,0,0,0,0
"Sven Baertschi",20152016,VAN,L,69,1,0,1,0,1,0,1,0,0,0,0,0,0,0,0,0,1,0,1,0,0,0
"Sven Baertschi",20162017,VAN,L,68,1,1,0,100,1,1,0,0,0,0,0,0,0,1,1,0,0,0,0,0,0,0
"Sven Baertschi",20172018,VAN,L,53,7,1,6,14.3,6,1,5,1,0,1,0,0,0,2,0,2,0,0,0,5,1,4
"Sven Baertschi",20182019,VAN,L,26,4,1,3,25,4,1,3,0,0,0,0,0,0,1,0,1,0,0,0,3,1,2
"Drew Bagnall",20102011,MIN,D,2,0,0,0,--,0,0,0,0,0,0,0,0,0,0,0,0,0,0,0,0,0,0
"Casey Bailey",20142015,TOR,R,6,0,0,0,--,0,0,0,0,0,0,0,0,0,0,0,0,0,0,0,0,0,0
"Casey Bailey",20162017,OTT,R,7,1,0,1,0,1,0,1,0,0,0,0,0,0,1,0,1,0,0,0,0,0,0
"Josh Bailey",20092010,NYI,R,73,426,171,255,40.1,366,143,223,35,18,17,25,10,15,140,61,79,163,58,105,123,52,71
"Josh Bailey",20102011,NYI,R,70,615,273,342,44.4,453,201,252,77,38,39,85,34,51,208,94,114,217,96,121,190,83,107
"Josh Bailey",20112012,NYI,R,80,736,323,413,43.9,589,259,330,40,21,19,107,43,64,216,95,121,219,90,129,301,138,163
"Josh Bailey",20122013,NYI,R,38,75,35,40,46.7,56,29,27,1,0,1,18,6,12,25,11,14,18,7,11,32,17,15
"Josh Bailey",20132014,NYI,R,77,228,113,115,49.6,173,85,88,37,20,17,18,8,10,71,40,31,73,27,46,84,46,38
"Josh Bailey",20142015,NYI,R,70,66,30,36,45.5,51,25,26,10,3,7,5,2,3,20,12,8,21,8,13,25,10,15
"Josh Bailey",20152016,NYI,R,81,34,14,20,41.2,27,11,16,2,1,1,5,2,3,14,4,10,9,5,4,11,5,6
"Josh Bailey",20162017,NYI,R,82,15,8,7,53.3,6,3,3,4,2,2,5,3,2,5,3,2,4,2,2,6,3,3
"Josh Bailey",20172018,NYI,R,76,50,11,39,22,43,10,33,1,0,1,6,1,5,23,5,18,7,1,6,20,5,15
"Josh Bailey",20182019,NYI,R,82,272,140,132,51.5,242,124,118,29,16,13,1,0,1,155,79,76,45,24,21,72,37,35
"Justin Bailey",20152016,BUF,R,8,0,0,0,--,0,0,0,0,0,0,0,0,0,0,0,0,0,0,0,0,0,0
"Justin Bailey",20162017,BUF,R,32,1,0,1,0,1,0,1,0,0,0,0,0,0,0,0,0,0,0,0,1,0,1
"Justin Bailey",20172018,BUF,R,12,2,0,2,0,2,0,2,0,0,0,0,0,0,1,0,1,1,0,1,0,0,0
"Justin Bailey",20182019,PHI,R,11,0,0,0,--,0,0,0,0,0,0,0,0,0,0,0,0,0,0,0,0,0,0
"Rudolfs Balcers",20182019,OTT,L,36,7,1,6,14.3,6,1,5,1,0,1,0,0,0,3,0,3,3,0,3,1,1,0
"Chase Balisy",20172018,FLA,C,8,30,11,19,36.7,30,11,19,0,0,0,0,0,0,8,3,5,15,7,8,7,1,6
"Keith Ballard",20092010,FLA,D,82,0,0,0,--,0,0,0,0,0,0,0,0,0,0,0,0,0,0,0,0,0,0
"Keith Ballard",20102011,VAN,D,65,0,0,0,--,0,0,0,0,0,0,0,0,0,0,0,0,0,0,0,0,0,0
"Keith Ballard",20112012,VAN,D,47,0,0,0,--,0,0,0,0,0,0,0,0,0,0,0,0,0,0,0,0,0,0
"Keith Ballard",20122013,VAN,D,36,0,0,0,--,0,0,0,0,0,0,0,0,0,0,0,0,0,0,0,0,0,0
"Keith Ballard",20132014,MIN,D,45,0,0,0,--,0,0,0,0,0,0,0,0,0,0,0,0,0,0,0,0,0,0
"Keith Ballard",20142015,MIN,D,14,0,0,0,--,0,0,0,0,0,0,0,0,0,0,0,0,0,0,0,0,0,0
"Carter Bancks",20122013,CGY,L,2,0,0,0,--,0,0,0,0,0,0,0,0,0,0,0,0,0,0,0,0,0,0
"Daniel Bang",20122013,NSH,L,8,0,0,0,--,0,0,0,0,0,0,0,0,0,0,0,0,0,0,0,0,0,0
"Nick Baptiste",20162017,BUF,R,14,3,1,2,33.3,3,1,2,0,0,0,0,0,0,2,1,1,1,0,1,0,0,0
"Nick Baptiste",20172018,BUF,R,33,9,2,7,22.2,9,2,7,0,0,0,0,0,0,6,1,5,3,1,2,0,0,0
"Ivan Barbashev",20162017,STL,C,30,207,83,124,40.1,196,80,116,8,3,5,3,0,3,61,28,33,79,31,48,67,24,43
"Ivan Barbashev",20172018,STL,C,53,159,61,98,38.4,153,61,92,4,0,4,2,0,2,61,18,43,62,28,34,36,15,21
"Ivan Barbashev",20182019,STL,C,80,441,201,240,45.6,394,184,210,4,1,3,43,16,27,92,42,50,194,84,110,155,75,80
"Riley Barber",20162017,WSH,R,3,0,0,0,--,0,0,0,0,0,0,0,0,0,0,0,0,0,0,0,0,0,0
"Mark Barberio",20122013,TBL,D,2,0,0,0,--,0,0,0,0,0,0,0,0,0,0,0,0,0,0,0,0,0,0
"Mark Barberio",20132014,TBL,D,49,0,0,0,--,0,0,0,0,0,0,0,0,0,0,0,0,0,0,0,0,0,0
"Mark Barberio",20142015,TBL,D,52,0,0,0,--,0,0,0,0,0,0,0,0,0,0,0,0,0,0,0,0,0,0
"Mark Barberio",20152016,MTL,D,30,0,0,0,--,0,0,0,0,0,0,0,0,0,0,0,0,0,0,0,0,0,0
"Mark Barberio",20162017,"MTL,COL",D,60,0,0,0,--,0,0,0,0,0,0,0,0,0,0,0,0,0,0,0,0,0,0
"Mark Barberio",20172018,COL,D,46,0,0,0,--,0,0,0,0,0,0,0,0,0,0,0,0,0,0,0,0,0,0
"Mark Barberio",20182019,COL,D,12,0,0,0,--,0,0,0,0,0,0,0,0,0,0,0,0,0,0,0,0,0,0
"Krys Barch",20092010,DAL,R,63,3,0,3,0,3,0,3,0,0,0,0,0,0,3,0,3,0,0,0,0,0,0
"Krys Barch",20102011,DAL,R,44,4,2,2,50,4,2,2,0,0,0,0,0,0,3,2,1,0,0,0,1,0,1
"Krys Barch",20112012,"DAL,FLA",R,51,7,2,5,28.6,7,2,5,0,0,0,0,0,0,4,1,3,0,0,0,3,1,2
"Krys Barch",20122013,NJD,R,22,2,1,1,50,2,1,1,0,0,0,0,0,0,1,0,1,0,0,0,1,1,0
"Krys Barch",20132014,FLA,R,55,1,1,0,100,1,1,0,0,0,0,0,0,0,0,0,0,0,0,0,1,1,0
"Radek Dvorak",20092010,FLA,R,76,17,3,14,17.6,12,2,10,2,1,1,3,0,3,3,1,2,9,1,8,5,1,4
"Radek Dvorak",20102011,"FLA,ATL",R,66,19,7,12,36.8,10,3,7,1,1,0,8,3,5,5,2,3,3,1,2,11,4,7
"Radek Dvorak",20112012,DAL,R,73,25,10,15,40,18,6,12,0,0,0,7,4,3,2,1,1,8,2,6,15,7,8
"Radek Dvorak",20122013,ANA,R,9,2,0,2,0,2,0,2,0,0,0,0,0,0,0,0,0,2,0,2,0,0,0
"Radek Dvorak",20132014,CAR,R,60,12,6,6,50,9,4,5,0,0,0,3,2,1,7,3,4,3,2,1,2,1,1
"Patrick Dwyer",20092010,CAR,R,58,224,78,146,34.8,190,65,125,9,4,5,25,9,16,66,22,44,100,40,60,57,16,41
"Patrick Dwyer",20102011,CAR,R,80,238,80,158,33.6,221,77,144,8,2,6,9,1,8,80,29,51,87,27,60,71,24,47
"Patrick Dwyer",20112012,CAR,R,73,29,15,14,51.7,23,13,10,1,0,1,5,2,3,8,5,3,8,2,6,13,8,5
"Patrick Dwyer",20122013,CAR,R,46,47,17,30,36.2,35,11,24,4,2,2,8,4,4,18,5,13,7,1,6,22,11,11
"Patrick Dwyer",20132014,CAR,R,75,24,9,15,37.5,21,8,13,0,0,0,3,1,2,7,4,3,10,3,7,7,2,5
"Patrick Dwyer",20142015,CAR,R,71,19,5,14,26.3,13,4,9,2,1,1,4,0,4,8,3,5,6,1,5,5,1,4
"Ryan Dzingel",20152016,OTT,C,30,4,2,2,50,4,2,2,0,0,0,0,0,0,1,1,0,2,0,2,1,1,0
"Ryan Dzingel",20162017,OTT,C,81,30,9,21,30,28,9,19,1,0,1,1,0,1,22,6,16,5,3,2,3,0,3
"Ryan Dzingel",20172018,OTT,C,79,56,24,32,42.9,49,22,27,7,2,5,0,0,0,30,13,17,11,5,6,15,6,9
"Ryan Dzingel",20182019,"OTT,CBJ",C,78,95,39,56,41,81,32,49,14,7,7,0,0,0,46,18,28,24,9,15,25,12,13
"Dave Dziurzynski",20122013,OTT,L,12,4,3,1,75,3,2,1,1,1,0,0,0,0,1,1,0,2,1,1,1,1,0
"Dave Dziurzynski",20152016,OTT,L,14,7,3,4,42.9,7,3,4,0,0,0,0,0,0,2,1,1,3,1,2,2,1,1
"Ben Eager",20092010,CHI,L,60,1,0,1,0,1,0,1,0,0,0,0,0,0,1,0,1,0,0,0,0,0,0
"Ben Eager",20102011,"ATL,SJS",L,68,2,0,2,0,1,0,1,0,0,0,1,0,1,1,0,1,0,0,0,1,0,1
"Ben Eager",20112012,EDM,L,63,2,0,2,0,2,0,2,0,0,0,0,0,0,2,0,2,0,0,0,0,0,0
"Ben Eager",20122013,EDM,L,14,0,0,0,--,0,0,0,0,0,0,0,0,0,0,0,0,0,0,0,0,0,0
"Ben Eager",20132014,EDM,L,7,2,1,1,50,2,1,1,0,0,0,0,0,0,1,0,1,1,1,0,0,0,0
"Cody Eakin",20112012,WSH,C,30,40,21,19,52.5,39,21,18,1,0,1,0,0,0,11,5,6,16,7,9,13,9,4
"Cody Eakin",20122013,DAL,C,48,626,304,322,48.6,499,249,250,37,23,14,90,32,58,195,89,106,224,110,114,207,105,102
"Cody Eakin",20132014,DAL,C,81,"1,223",585,638,47.8,"1,012",481,531,93,45,48,118,59,59,357,175,182,444,206,238,422,204,218
"Cody Eakin",20142015,DAL,C,78,"1,292",656,636,50.8,"1,082",558,524,50,23,27,160,75,85,311,170,141,481,228,253,500,258,242
"Cody Eakin",20152016,DAL,C,82,"1,188",567,621,47.7,"1,012",493,519,77,29,48,99,45,54,331,154,177,433,214,219,424,199,225
"Cody Eakin",20162017,DAL,C,60,"1,001",524,477,52.4,846,442,404,50,31,19,105,51,54,287,154,133,338,168,170,376,202,174
"Cody Eakin",20172018,VGK,C,80,919,479,440,52.1,779,409,370,38,20,18,102,50,52,267,147,120,318,153,165,334,179,155
"Cody Eakin",20182019,VGK,C,78,940,479,461,51,821,419,402,46,24,22,73,36,37,318,174,144,289,134,155,333,171,162
"Robbie Earl",20092010,MIN,L,32,2,0,2,0,2,0,2,0,0,0,0,0,0,0,0,0,1,0,1,1,0,1
"Robbie Earl",20102011,MIN,L,6,2,0,2,0,2,0,2,0,0,0,0,0,0,0,0,0,1,0,1,1,0,1
"Mark Eaton",20092010,PIT,D,79,0,0,0,--,0,0,0,0,0,0,0,0,0,0,0,0,0,0,0,0,0,0
"Mark Eaton",20102011,NYI,D,34,0,0,0,--,0,0,0,0,0,0,0,0,0,0,0,0,0,0,0,0,0,0
"Mark Eaton",20112012,NYI,D,62,0,0,0,--,0,0,0,0,0,0,0,0,0,0,0,0,0,0,0,0,0,0
"Mark Eaton",20122013,PIT,D,23,0,0,0,--,0,0,0,0,0,0,0,0,0,0,0,0,0,0,0,0,0,0
"Patrick Eaves",20092010,DET,R,65,14,4,10,28.6,7,3,4,2,0,2,5,1,4,7,2,5,0,0,0,7,2,5
"Patrick Eaves",20102011,DET,R,63,10,3,7,30,4,0,4,1,0,1,5,3,2,5,3,2,1,0,1,4,0,4
"Patrick Eaves",20112012,DET,R,10,5,2,3,40,4,1,3,0,0,0,1,1,0,2,0,2,0,0,0,3,2,1
"Patrick Eaves",20122013,DET,R,34,11,7,4,63.6,10,7,3,0,0,0,1,0,1,4,4,0,3,2,1,4,1,3
"Patrick Eaves",20132014,"DET,NSH",R,30,15,7,8,46.7,12,5,7,2,2,0,1,0,1,6,5,1,1,0,1,8,2,6
"Patrick Eaves",20142015,DAL,R,47,5,2,3,40,5,2,3,0,0,0,0,0,0,2,0,2,2,1,1,1,1,0
"Patrick Eaves",20152016,DAL,R,54,11,3,8,27.3,5,1,4,3,1,2,3,1,2,6,1,5,5,2,3,0,0,0
"Patrick Eaves",20162017,"DAL,ANA",R,79,4,2,2,50,4,2,2,0,0,0,0,0,0,2,1,1,1,0,1,1,1,0
"Patrick Eaves",20172018,ANA,R,2,1,0,1,0,1,0,1,0,0,0,0,0,0,0,0,0,0,0,0,1,0,1
"Patrick Eaves",20182019,ANA,R,7,0,0,0,--,0,0,0,0,0,0,0,0,0,0,0,0,0,0,0,0,0,0
"Andrew Ebbett",20092010,"ANA,CHI,MIN",C,61,553,274,279,49.5,482,240,242,35,19,16,36,15,21,162,82,80,218,114,104,171,76,95
"Andrew Ebbett",20102011,PHX,C,33,229,104,125,45.4,211,97,114,0,0,0,18,7,11,81,32,49,68,30,38,80,42,38
"Andrew Ebbett",20112012,VAN,C,18,28,15,13,53.6,16,9,7,12,6,6,0,0,0,14,8,6,7,4,3,7,3,4
"Andrew Ebbett",20122013,VAN,C,28,267,106,161,39.7,228,87,141,12,6,6,27,13,14,64,22,42,84,30,54,119,54,65
"Andrew Ebbett",20132014,PIT,C,9,35,15,20,42.9,35,15,20,0,0,0,0,0,0,12,5,7,11,4,7,12,6,6
"Andrew Ebbett",20142015,PIT,C,24,86,39,47,45.4,83,37,46,3,2,1,0,0,0,30,14,16,34,15,19,22,10,12
"Jordan Eberle",20102011,EDM,R,69,26,11,15,42.3,17,6,11,5,3,2,4,2,2,10,5,5,4,2,2,12,4,8
"Jordan Eberle",20112012,EDM,R,78,27,12,15,44.4,24,11,13,2,0,2,1,1,0,11,4,7,9,5,4,7,3,4
"Jordan Eberle",20122013,EDM,R,48,19,8,11,42.1,11,4,7,8,4,4,0,0,0,11,4,7,5,2,3,3,2,1
"Jordan Eberle",20132014,EDM,R,80,21,8,13,38.1,17,8,9,2,0,2,2,0,2,11,4,7,5,1,4,5,3,2
"Jordan Eberle",20142015,EDM,R,81,6,1,5,16.7,5,1,4,0,0,0,1,0,1,1,0,1,2,1,1,3,0,3
"Jordan Eberle",20152016,EDM,R,69,8,5,3,62.5,8,5,3,0,0,0,0,0,0,7,5,2,1,0,1,0,0,0
"Jordan Eberle",20162017,EDM,R,82,20,10,10,50,19,10,9,1,0,1,0,0,0,18,9,9,2,1,1,0,0,0
"Jordan Eberle",20172018,NYI,R,81,33,12,21,36.4,31,12,19,2,0,2,0,0,0,22,7,15,8,3,5,3,2,1
"Jordan Eberle",20182019,NYI,R,78,20,9,11,45,20,9,11,0,0,0,0,0,0,18,8,10,2,1,1,0,0,0
"Tyler Eckford",20092010,NJD,D,3,0,0,0,--,0,0,0,0,0,0,0,0,0,0,0,0,0,0,0,0,0,0
"Tyler Eckford",20102011,NJD,D,4,0,0,0,--,0,0,0,0,0,0,0,0,0,0,0,0,0,0,0,0,0,0
"Alexander Edler",20092010,VAN,D,76,2,0,2,0,1,0,1,0,0,0,1,0,1,0,0,0,1,0,1,1,0,1
"Alexander Edler",20102011,VAN,D,51,2,0,2,0,1,0,1,1,0,1,0,0,0,2,0,2,0,0,0,0,0,0
"Alexander Edler",20112012,VAN,D,82,3,0,3,0,3,0,3,0,0,0,0,0,0,1,0,1,1,0,1,1,0,1
"Alexander Edler",20122013,VAN,D,45,1,1,0,100,1,1,0,0,0,0,0,0,0,1,1,0,0,0,0,0,0,0
"Alexander Edler",20132014,VAN,D,63,3,2,1,66.7,1,1,0,2,1,1,0,0,0,3,2,1,0,0,0,0,0,0
"Alexander Edler",20142015,VAN,D,74,1,0,1,0,1,0,1,0,0,0,0,0,0,0,0,0,0,0,0,1,0,1
"Alexander Edler",20152016,VAN,D,52,0,0,0,--,0,0,0,0,0,0,0,0,0,0,0,0,0,0,0,0,0,0
"Alexander Edler",20162017,VAN,D,68,3,2,1,66.7,3,2,1,0,0,0,0,0,0,1,1,0,0,0,0,2,1,1
"Alexander Edler",20172018,VAN,D,70,2,1,1,50,2,1,1,0,0,0,0,0,0,1,0,1,1,1,0,0,0,0
"Alexander Edler",20182019,VAN,D,56,0,0,0,--,0,0,0,0,0,0,0,0,0,0,0,0,0,0,0,0,0,0
"Joel Edmundson",20152016,STL,D,67,0,0,0,--,0,0,0,0,0,0,0,0,0,0,0,0,0,0,0,0,0,0
"Joel Edmundson",20162017,STL,D,69,0,0,0,--,0,0,0,0,0,0,0,0,0,0,0,0,0,0,0,0,0,0
"Joel Edmundson",20172018,STL,D,69,0,0,0,--,0,0,0,0,0,0,0,0,0,0,0,0,0,0,0,0,0,0
"Joel Edmundson",20182019,STL,D,64,1,0,1,0,1,0,1,0,0,0,0,0,0,0,0,0,1,0,1,0,0,0
"Nikolaj Ehlers",20152016,WPG,L,72,2,0,2,0,2,0,2,0,0,0,0,0,0,1,0,1,0,0,0,1,0,1
"Nikolaj Ehlers",20162017,WPG,L,82,4,0,4,0,4,0,4,0,0,0,0,0,0,3,0,3,1,0,1,0,0,0
"Nikolaj Ehlers",20172018,WPG,L,82,9,5,4,55.5,9,5,4,0,0,0,0,0,0,5,3,2,1,0,1,3,2,1
"Nikolaj Ehlers",20182019,WPG,L,62,2,1,1,50,2,1,1,0,0,0,0,0,0,2,1,1,0,0,0,0,0,0
"Christoffer Ehn",20182019,DET,C,60,177,84,93,47.5,166,80,86,2,0,2,9,4,5,37,15,22,78,36,42,62,33,29
"Christian Ehrhoff",20092010,VAN,D,80,0,0,0,--,0,0,0,0,0,0,0,0,0,0,0,0,0,0,0,0,0,0
"Christian Ehrhoff",20102011,VAN,D,79,0,0,0,--,0,0,0,0,0,0,0,0,0,0,0,0,0,0,0,0,0,0
"Christian Ehrhoff",20112012,BUF,D,66,0,0,0,--,0,0,0,0,0,0,0,0,0,0,0,0,0,0,0,0,0,0
"Christian Ehrhoff",20122013,BUF,D,47,0,0,0,--,0,0,0,0,0,0,0,0,0,0,0,0,0,0,0,0,0,0
"Christian Ehrhoff",20132014,BUF,D,79,0,0,0,--,0,0,0,0,0,0,0,0,0,0,0,0,0,0,0,0,0,0
"Christian Ehrhoff",20142015,PIT,D,49,0,0,0,--,0,0,0,0,0,0,0,0,0,0,0,0,0,0,0,0,0,0
"Christian Ehrhoff",20152016,"LAK,CHI",D,48,0,0,0,--,0,0,0,0,0,0,0,0,0,0,0,0,0,0,0,0,0,0
"Jack Eichel",20152016,BUF,C,81,980,402,578,41,913,378,535,46,17,29,21,7,14,317,133,184,346,144,202,317,125,192
"Jack Eichel",20162017,BUF,C,61,796,310,486,38.9,773,297,476,15,9,6,8,4,4,252,100,152,287,109,178,257,101,156
"Jack Eichel",20172018,BUF,C,67,836,347,489,41.5,793,330,463,34,17,17,9,0,9,296,118,178,336,145,191,204,84,120
"Jack Eichel",20182019,BUF,C,77,"1,270",597,673,47,"1,054",479,575,183,103,80,33,15,18,474,207,267,512,244,268,284,146,138
"Victor Ejdsell",20172018,CHI,C,6,60,20,40,33.3,59,19,40,1,1,0,0,0,0,21,8,13,21,7,14,18,5,13
"Aaron Ekblad",20142015,FLA,D,81,0,0,0,--,0,0,0,0,0,0,0,0,0,0,0,0,0,0,0,0,0,0
"Aaron Ekblad",20152016,FLA,D,78,0,0,0,--,0,0,0,0,0,0,0,0,0,0,0,0,0,0,0,0,0,0
"Aaron Ekblad",20162017,FLA,D,68,0,0,0,--,0,0,0,0,0,0,0,0,0,0,0,0,0,0,0,0,0,0
"Aaron Ekblad",20172018,FLA,D,82,0,0,0,--,0,0,0,0,0,0,0,0,0,0,0,0,0,0,0,0,0,0
"Aaron Ekblad",20182019,FLA,D,82,0,0,0,--,0,0,0,0,0,0,0,0,0,0,0,0,0,0,0,0,0,0
"Mattias Ekholm",20112012,NSH,D,2,0,0,0,--,0,0,0,0,0,0,0,0,0,0,0,0,0,0,0,0,0,0
"Mattias Ekholm",20122013,NSH,D,1,0,0,0,--,0,0,0,0,0,0,0,0,0,0,0,0,0,0,0,0,0,0
"Mattias Ekholm",20132014,NSH,D,62,0,0,0,--,0,0,0,0,0,0,0,0,0,0,0,0,0,0,0,0,0,0
"Mattias Ekholm",20142015,NSH,D,80,0,0,0,--,0,0,0,0,0,0,0,0,0,0,0,0,0,0,0,0,0,0
"Mattias Ekholm",20152016,NSH,D,82,0,0,0,--,0,0,0,0,0,0,0,0,0,0,0,0,0,0,0,0,0,0
"Mattias Ekholm",20162017,NSH,D,82,0,0,0,--,0,0,0,0,0,0,0,0,0,0,0,0,0,0,0,0,0,0
"Mattias Ekholm",20172018,NSH,D,81,1,0,1,0,1,0,1,0,0,0,0,0,0,0,0,0,0,0,0,1,0,1
"Mattias Ekholm",20182019,NSH,D,80,0,0,0,--,0,0,0,0,0,0,0,0,0,0,0,0,0,0,0,0,0,0
"Oliver Ekman-Larsson",20102011,PHX,D,48,0,0,0,--,0,0,0,0,0,0,0,0,0,0,0,0,0,0,0,0,0,0
"Oliver Ekman-Larsson",20112012,PHX,D,82,0,0,0,--,0,0,0,0,0,0,0,0,0,0,0,0,0,0,0,0,0,0
"Oliver Ekman-Larsson",20122013,PHX,D,48,0,0,0,--,0,0,0,0,0,0,0,0,0,0,0,0,0,0,0,0,0,0
"Oliver Ekman-Larsson",20132014,PHX,D,80,1,0,1,0,0,0,0,0,0,0,1,0,1,1,0,1,0,0,0,0,0,0
"Oliver Ekman-Larsson",20142015,ARI,D,82,0,0,0,--,0,0,0,0,0,0,0,0,0,0,0,0,0,0,0,0,0,0
"Oliver Ekman-Larsson",20152016,ARI,D,75,0,0,0,--,0,0,0,0,0,0,0,0,0,0,0,0,0,0,0,0,0,0
"Oliver Ekman-Larsson",20162017,ARI,D,79,0,0,0,--,0,0,0,0,0,0,0,0,0,0,0,0,0,0,0,0,0,0
"Oliver Ekman-Larsson",20172018,ARI,D,82,1,0,1,0,0,0,0,0,0,0,1,0,1,0,0,0,0,0,0,1,0,1
"Oliver Ekman-Larsson",20182019,ARI,D,81,0,0,0,--,0,0,0,0,0,0,0,0,0,0,0,0,0,0,0,0,0,0
"Patrik Elias",20092010,NJD,C,58,457,205,252,44.9,387,171,216,50,24,26,20,10,10,181,70,111,167,79,88,109,56,53
"Patrik Elias",20102011,NJD,C,81,498,224,274,45,416,185,231,21,10,11,61,29,32,150,57,93,199,89,110,149,78,71
"Patrik Elias",20112012,NJD,C,81,"1,369",604,765,44.1,"1,004",454,550,195,90,105,170,60,110,435,197,238,503,212,291,431,195,236
"Patrik Elias",20122013,NJD,C,48,163,71,92,43.6,102,41,61,47,25,22,14,5,9,79,38,41,46,17,29,38,16,22
"Patrik Elias",20132014,NJD,C,65,677,276,401,40.8,563,226,337,72,36,36,42,14,28,236,94,142,277,113,164,164,69,95
"Patrik Elias",20142015,NJD,C,69,673,263,410,39.1,561,217,344,58,30,28,54,16,38,193,90,103,252,99,153,228,74,154
"Patrik Elias",20152016,NJD,C,16,28,9,19,32.1,18,6,12,6,2,4,4,1,3,17,3,14,4,3,1,7,3,4
"Remi Elie",20162017,DAL,L,18,1,1,0,100,1,1,0,0,0,0,0,0,0,0,0,0,0,0,0,1,1,0
"Remi Elie",20172018,DAL,L,72,14,5,9,35.7,14,5,9,0,0,0,0,0,0,7,1,6,5,2,3,2,2,0
"Remi Elie",20182019,BUF,L,16,1,1,0,100,1,1,0,0,0,0,0,0,0,0,0,0,0,0,0,1,1,0
"Corey Elkins",20092010,LAK,C,3,18,6,12,33.3,15,4,11,3,2,1,0,0,0,8,4,4,5,1,4,5,1,4
"Lars Eller",20092010,STL,C,7,19,9,10,47.4,18,8,10,1,1,0,0,0,0,9,4,5,6,3,3,3,1,2
"Lars Eller",20102011,MTL,C,77,431,183,248,42.5,419,178,241,8,1,7,4,4,0,134,52,82,171,74,97,126,57,69
"Lars Eller",20112012,MTL,C,79,685,319,366,46.6,606,276,330,17,11,6,62,32,30,173,65,108,287,146,141,225,108,117
"Lars Eller",20122013,MTL,C,46,542,267,275,49.3,458,227,231,27,15,12,57,25,32,151,80,71,194,89,105,197,98,99
"Lars Eller",20132014,MTL,C,77,979,521,458,53.2,809,430,379,86,49,37,84,42,42,297,159,138,328,187,141,354,175,179
"Lars Eller",20142015,MTL,C,77,784,405,379,51.7,708,366,342,19,11,8,57,28,29,200,103,97,290,149,141,294,153,141
"Lars Eller",20152016,MTL,C,79,409,207,202,50.6,306,162,144,36,15,21,67,30,37,131,68,63,120,60,60,158,79,79
"Lars Eller",20162017,WSH,C,81,883,416,467,47.1,708,346,362,8,5,3,167,65,102,262,139,123,283,137,146,338,140,198
"Lars Eller",20172018,WSH,C,81,956,471,485,49.3,755,379,376,77,36,41,124,56,68,274,115,159,336,168,168,346,188,158
"Lars Eller",20182019,WSH,C,81,"1,109",543,566,49,839,419,420,69,36,33,201,88,113,296,134,162,338,172,166,475,237,238
"Keaton Ellerby",20092010,FLA,D,22,0,0,0,--,0,0,0,0,0,0,0,0,0,0,0,0,0,0,0,0,0,0
"Keaton Ellerby",20102011,FLA,D,54,0,0,0,--,0,0,0,0,0,0,0,0,0,0,0,0,0,0,0,0,0,0
"Keaton Ellerby",20112012,FLA,D,40,0,0,0,--,0,0,0,0,0,0,0,0,0,0,0,0,0,0,0,0,0,0
"Keaton Ellerby",20122013,"FLA,LAK",D,44,0,0,0,--,0,0,0,0,0,0,0,0,0,0,0,0,0,0,0,0,0,0
"Keaton Ellerby",20132014,WPG,D,51,0,0,0,--,0,0,0,0,0,0,0,0,0,0,0,0,0,0,0,0,0,0
"Keaton Ellerby",20142015,WPG,D,1,0,0,0,--,0,0,0,0,0,0,0,0,0,0,0,0,0,0,0,0,0,0
"Stefan Elliott",20112012,COL,D,39,0,0,0,--,0,0,0,0,0,0,0,0,0,0,0,0,0,0,0,0,0,0
"Stefan Elliott",20122013,COL,D,18,0,0,0,--,0,0,0,0,0,0,0,0,0,0,0,0,0,0,0,0,0,0
"Stefan Elliott",20132014,COL,D,1,0,0,0,--,0,0,0,0,0,0,0,0,0,0,0,0,0,0,0,0,0,0
"Stefan Elliott",20142015,COL,D,5,0,0,0,--,0,0,0,0,0,0,0,0,0,0,0,0,0,0,0,0,0,0
"Stefan Elliott",20152016,"ARI,NSH",D,21,0,0,0,--,0,0,0,0,0,0,0,0,0,0,0,0,0,0,0,0,0,0
"Stefan Elliott",20182019,OTT,D,3,0,0,0,--,0,0,0,0,0,0,0,0,0,0,0,0,0,0,0,0,0,0
"Matt Ellis",20092010,BUF,L,72,282,141,141,50,272,134,138,5,5,0,5,2,3,86,45,41,106,49,57,90,47,43
"Matt Ellis",20102011,BUF,L,14,58,28,30,48.3,53,26,27,2,1,1,3,1,2,19,10,9,23,7,16,16,11,5
"Matt Ellis",20112012,BUF,L,60,244,117,127,48,223,107,116,2,0,2,19,10,9,71,33,38,87,45,42,86,39,47
"Matt Ellis",20122013,BUF,L,6,36,15,21,41.7,32,14,18,1,1,0,3,0,3,12,5,7,18,8,10,6,2,4
"Matt Ellis",20132014,BUF,L,50,166,69,97,41.6,129,54,75,3,0,3,34,15,19,48,20,28,55,26,29,63,23,40
"Matt Ellis",20142015,BUF,L,39,205,100,105,48.8,170,86,84,0,0,0,35,14,21,38,16,22,67,47,20,100,37,63
"Morgan Ellis",20152016,MTL,D,3,0,0,0,--,0,0,0,0,0,0,0,0,0,0,0,0,0,0,0,0,0,0
"Ryan Ellis",20112012,NSH,D,32,0,0,0,--,0,0,0,0,0,0,0,0,0,0,0,0,0,0,0,0,0,0
"Ryan Ellis",20122013,NSH,D,32,0,0,0,--,0,0,0,0,0,0,0,0,0,0,0,0,0,0,0,0,0,0
"Ryan Ellis",20132014,NSH,D,80,0,0,0,--,0,0,0,0,0,0,0,0,0,0,0,0,0,0,0,0,0,0
"Ryan Ellis",20142015,NSH,D,58,0,0,0,--,0,0,0,0,0,0,0,0,0,0,0,0,0,0,0,0,0,0
"Ryan Ellis",20152016,NSH,D,79,0,0,0,--,0,0,0,0,0,0,0,0,0,0,0,0,0,0,0,0,0,0
"Ryan Ellis",20162017,NSH,D,71,0,0,0,--,0,0,0,0,0,0,0,0,0,0,0,0,0,0,0,0,0,0
"Ryan Ellis",20172018,NSH,D,44,0,0,0,--,0,0,0,0,0,0,0,0,0,0,0,0,0,0,0,0,0,0
"Ryan Ellis",20182019,NSH,D,82,0,0,0,--,0,0,0,0,0,0,0,0,0,0,0,0,0,0,0,0,0,0
"Turner Elson",20152016,CGY,C,1,0,0,0,--,0,0,0,0,0,0,0,0,0,0,0,0,0,0,0,0,0,0
"Alexei Emelin",20112012,MTL,D,67,0,0,0,--,0,0,0,0,0,0,0,0,0,0,0,0,0,0,0,0,0,0
"Alexei Emelin",20122013,MTL,D,38,0,0,0,--,0,0,0,0,0,0,0,0,0,0,0,0,0,0,0,0,0,0
"Alexei Emelin",20132014,MTL,D,59,0,0,0,--,0,0,0,0,0,0,0,0,0,0,0,0,0,0,0,0,0,0
"Alexei Emelin",20142015,MTL,D,68,0,0,0,--,0,0,0,0,0,0,0,0,0,0,0,0,0,0,0,0,0,0
"Alexei Emelin",20152016,MTL,D,72,0,0,0,--,0,0,0,0,0,0,0,0,0,0,0,0,0,0,0,0,0,0
"Alexei Emelin",20162017,MTL,D,76,0,0,0,--,0,0,0,0,0,0,0,0,0,0,0,0,0,0,0,0,0,0
"Alexei Emelin",20172018,NSH,D,76,1,1,0,100,1,1,0,0,0,0,0,0,0,0,0,0,0,0,0,1,1,0
"Steve Eminger",20092010,ANA,D,63,0,0,0,--,0,0,0,0,0,0,0,0,0,0,0,0,0,0,0,0,0,0
"Steve Eminger",20102011,NYR,D,65,0,0,0,--,0,0,0,0,0,0,0,0,0,0,0,0,0,0,0,0,0,0
"Steve Eminger",20112012,NYR,D,42,0,0,0,--,0,0,0,0,0,0,0,0,0,0,0,0,0,0,0,0,0,0
"Steve Eminger",20122013,NYR,D,35,0,0,0,--,0,0,0,0,0,0,0,0,0,0,0,0,0,0,0,0,0,0
"Cory Emmerton",20102011,DET,C,2,1,0,1,0,1,0,1,0,0,0,0,0,0,1,0,1,0,0,0,0,0,0
"Cory Emmerton",20112012,DET,C,71,313,151,162,48.2,301,145,156,6,3,3,6,3,3,137,65,72,112,52,60,64,34,30
"Cory Emmerton",20122013,DET,C,48,413,187,226,45.3,369,166,203,3,1,2,41,20,21,154,69,85,135,57,78,124,61,63
"Cory Emmerton",20132014,DET,C,18,107,58,49,54.2,96,51,45,0,0,0,11,7,4,23,10,13,42,27,15,42,21,21
"Deryk Engelland",20092010,PIT,D,9,0,0,0,--,0,0,0,0,0,0,0,0,0,0,0,0,0,0,0,0,0,0
"Deryk Engelland",20102011,PIT,D,63,0,0,0,--,0,0,0,0,0,0,0,0,0,0,0,0,0,0,0,0,0,0
"Deryk Engelland",20112012,PIT,D,73,0,0,0,--,0,0,0,0,0,0,0,0,0,0,0,0,0,0,0,0,0,0
"Deryk Engelland",20122013,PIT,D,42,0,0,0,--,0,0,0,0,0,0,0,0,0,0,0,0,0,0,0,0,0,0
"Deryk Engelland",20132014,PIT,D,56,0,0,0,--,0,0,0,0,0,0,0,0,0,0,0,0,0,0,0,0,0,0
"Deryk Engelland",20142015,CGY,D,76,0,0,0,--,0,0,0,0,0,0,0,0,0,0,0,0,0,0,0,0,0,0
"Deryk Engelland",20152016,CGY,D,69,0,0,0,--,0,0,0,0,0,0,0,0,0,0,0,0,0,0,0,0,0,0
"Deryk Engelland",20162017,CGY,D,81,1,1,0,100,1,1,0,0,0,0,0,0,0,0,0,0,1,1,0,0,0,0
"Deryk Engelland",20172018,VGK,D,79,0,0,0,--,0,0,0,0,0,0,0,0,0,0,0,0,0,0,0,0,0,0
"Deryk Engelland",20182019,VGK,D,74,0,0,0,--,0,0,0,0,0,0,0,0,0,0,0,0,0,0,0,0,0,0
"Andreas Englund",20162017,OTT,D,5,0,0,0,--,0,0,0,0,0,0,0,0,0,0,0,0,0,0,0,0,0,0
"Andreas Englund",20172018,OTT,D,1,0,0,0,--,0,0,0,0,0,0,0,0,0,0,0,0,0,0,0,0,0,0
"Andreas Englund",20182019,OTT,D,3,0,0,0,--,0,0,0,0,0,0,0,0,0,0,0,0,0,0,0,0,0,0
"Andreas Engqvist",20102011,MTL,C,3,19,7,12,36.8,19,7,12,0,0,0,0,0,0,6,1,5,5,2,3,8,4,4
"Andreas Engqvist",20112012,MTL,C,12,60,24,36,40,47,18,29,0,0,0,13,6,7,23,10,13,13,3,10,24,11,13
"Tyler Ennis",20092010,BUF,C,10,31,13,18,41.9,31,13,18,0,0,0,0,0,0,13,7,6,9,2,7,9,4,5
"Tyler Ennis",20102011,BUF,C,82,9,2,7,22.2,8,2,6,1,0,1,0,0,0,5,2,3,1,0,1,3,0,3
"Tyler Ennis",20112012,BUF,C,48,316,145,171,45.9,288,133,155,26,12,14,2,0,2,127,58,69,114,54,60,75,33,42
"Tyler Ennis",20122013,BUF,C,47,377,158,219,41.9,330,132,198,44,24,20,3,2,1,110,39,71,200,82,118,67,37,30
"Tyler Ennis",20132014,BUF,C,80,625,242,383,38.7,558,214,344,62,26,36,5,2,3,171,67,104,322,133,189,132,42,90
"Tyler Ennis",20142015,BUF,C,78,183,67,116,36.6,154,59,95,23,8,15,6,0,6,43,14,29,88,27,61,52,26,26
"Tyler Ennis",20152016,BUF,C,23,2,2,0,100,2,2,0,0,0,0,0,0,0,1,1,0,0,0,0,1,1,0
"Tyler Ennis",20162017,BUF,C,51,16,3,13,18.8,12,3,9,4,0,4,0,0,0,8,1,7,6,1,5,2,1,1
"Tyler Ennis",20172018,MIN,C,73,12,3,9,25,11,2,9,1,1,0,0,0,0,6,1,5,3,0,3,3,2,1
"Tyler Ennis",20182019,TOR,C,51,1,1,0,100,1,1,0,0,0,0,0,0,0,1,1,0,0,0,0,0,0,0
"Toby Enstrom",20092010,ATL,D,82,0,0,0,--,0,0,0,0,0,0,0,0,0,0,0,0,0,0,0,0,0,0
"Toby Enstrom",20102011,ATL,D,72,0,0,0,--,0,0,0,0,0,0,0,0,0,0,0,0,0,0,0,0,0,0
"Toby Enstrom",20112012,WPG,D,62,0,0,0,--,0,0,0,0,0,0,0,0,0,0,0,0,0,0,0,0,0,0
"Toby Enstrom",20122013,WPG,D,22,0,0,0,--,0,0,0,0,0,0,0,0,0,0,0,0,0,0,0,0,0,0
"Toby Enstrom",20132014,WPG,D,82,1,1,0,100,1,1,0,0,0,0,0,0,0,0,0,0,1,1,0,0,0,0
"Toby Enstrom",20142015,WPG,D,60,0,0,0,--,0,0,0,0,0,0,0,0,0,0,0,0,0,0,0,0,0,0
"Toby Enstrom",20152016,WPG,D,72,0,0,0,--,0,0,0,0,0,0,0,0,0,0,0,0,0,0,0,0,0,0
"Toby Enstrom",20162017,WPG,D,60,0,0,0,--,0,0,0,0,0,0,0,0,0,0,0,0,0,0,0,0,0,0
"Toby Enstrom",20172018,WPG,D,43,0,0,0,--,0,0,0,0,0,0,0,0,0,0,0,0,0,0,0,0,0,0
"Martin Erat",20092010,NSH,R,74,73,24,49,32.9,18,6,12,50,17,33,5,1,4,60,22,38,8,0,8,5,2,3
"Martin Erat",20102011,NSH,R,64,44,19,25,43.2,17,6,11,25,13,12,2,0,2,32,14,18,6,2,4,6,3,3
"Martin Erat",20112012,NSH,R,71,126,60,66,47.6,80,37,43,41,21,20,5,2,3,99,48,51,14,6,8,13,6,7
"Martin Erat",20122013,"NSH,WSH",R,45,62,32,30,51.6,42,26,16,17,5,12,3,1,2,46,27,19,8,1,7,8,4,4
"Martin Erat",20132014,"WSH,PHX",R,70,213,97,116,45.5,181,80,101,17,8,9,15,9,6,65,28,37,95,43,52,53,26,27
"Martin Erat",20142015,ARI,R,79,6,0,6,0,3,0,3,0,0,0,3,0,3,3,0,3,1,0,1,2,0,2
"Jonathan Ericsson",20092010,DET,D,62,0,0,0,--,0,0,0,0,0,0,0,0,0,0,0,0,0,0,0,0,0,0
"Jonathan Ericsson",20102011,DET,D,74,0,0,0,--,0,0,0,0,0,0,0,0,0,0,0,0,0,0,0,0,0,0
"Jonathan Ericsson",20112012,DET,D,69,0,0,0,--,0,0,0,0,0,0,0,0,0,0,0,0,0,0,0,0,0,0
"Jonathan Ericsson",20122013,DET,D,45,0,0,0,--,0,0,0,0,0,0,0,0,0,0,0,0,0,0,0,0,0,0
"Jonathan Ericsson",20132014,DET,D,48,0,0,0,--,0,0,0,0,0,0,0,0,0,0,0,0,0,0,0,0,0,0
"Jonathan Ericsson",20142015,DET,D,82,0,0,0,--,0,0,0,0,0,0,0,0,0,0,0,0,0,0,0,0,0,0
"Jonathan Ericsson",20152016,DET,D,71,0,0,0,--,0,0,0,0,0,0,0,0,0,0,0,0,0,0,0,0,0,0
"Jonathan Ericsson",20162017,DET,D,51,0,0,0,--,0,0,0,0,0,0,0,0,0,0,0,0,0,0,0,0,0,0
"Jonathan Ericsson",20172018,DET,D,81,1,1,0,100,1,1,0,0,0,0,0,0,0,0,0,0,0,0,0,1,1,0
"Jonathan Ericsson",20182019,DET,D,52,0,0,0,--,0,0,0,0,0,0,0,0,0,0,0,0,0,0,0,0,0,0
"Anders Eriksson",20092010,"PHX,NYR",D,20,0,0,0,--,0,0,0,0,0,0,0,0,0,0,0,0,0,0,0,0,0,0
"Loui Eriksson",20092010,DAL,L,82,11,4,7,36.4,4,3,1,0,0,0,7,1,6,2,1,1,5,3,2,4,0,4
"Loui Eriksson",20102011,DAL,L,79,4,1,3,25,1,0,1,0,0,0,3,1,2,1,0,1,2,0,2,1,1,0
"Loui Eriksson",20112012,DAL,L,82,16,7,9,43.8,11,5,6,1,0,1,4,2,2,6,2,4,3,1,2,7,4,3
"Loui Eriksson",20122013,DAL,L,48,34,9,25,26.5,23,7,16,6,2,4,5,0,5,11,3,8,15,4,11,8,2,6
"Loui Eriksson",20132014,BOS,L,61,0,0,0,--,0,0,0,0,0,0,0,0,0,0,0,0,0,0,0,0,0,0
"Loui Eriksson",20142015,BOS,L,81,12,4,8,33.3,11,3,8,0,0,0,1,1,0,6,2,4,5,1,4,1,1,0
"Loui Eriksson",20152016,BOS,L,82,21,12,9,57.1,15,8,7,1,0,1,5,4,1,8,4,4,5,3,2,8,5,3
"Loui Eriksson",20162017,VAN,L,65,1,0,1,0,0,0,0,0,0,0,1,0,1,0,0,0,0,0,0,1,0,1
"Loui Eriksson",20172018,VAN,L,50,14,6,8,42.9,7,4,3,0,0,0,7,2,5,8,4,4,0,0,0,6,2,4
"Loui Eriksson",20182019,VAN,L,81,6,2,4,33.3,3,1,2,1,1,0,2,0,2,2,1,1,2,1,1,2,0,2
"Joel Eriksson Ek",20162017,MIN,C,15,109,45,64,41.3,106,44,62,1,0,1,2,1,1,40,19,21,42,18,24,27,8,19
"Joel Eriksson Ek",20172018,MIN,C,75,472,201,271,42.6,440,191,249,6,4,2,26,6,20,142,66,76,214,82,132,116,53,63
"Joel Eriksson Ek",20182019,MIN,C,58,540,247,293,45.7,486,228,258,12,6,6,42,13,29,158,77,81,210,98,112,172,72,100
"Tim Erixon",20112012,NYR,D,18,0,0,0,--,0,0,0,0,0,0,0,0,0,0,0,0,0,0,0,0,0,0
"Tim Erixon",20122013,CBJ,D,31,0,0,0,--,0,0,0,0,0,0,0,0,0,0,0,0,0,0,0,0,0,0
"Tim Erixon",20132014,CBJ,D,2,0,0,0,--,0,0,0,0,0,0,0,0,0,0,0,0,0,0,0,0,0,0
"Tim Erixon",20142015,"CBJ,CHI,TOR",D,42,0,0,0,--,0,0,0,0,0,0,0,0,0,0,0,0,0,0,0,0,0,0
"Adam Erne",20162017,TBL,L,26,2,0,2,0,1,0,1,1,0,1,0,0,0,2,0,2,0,0,0,0,0,0
"Adam Erne",20172018,TBL,L,23,8,5,3,62.5,8,5,3,0,0,0,0,0,0,5,5,0,3,0,3,0,0,0
"Adam Erne",20182019,TBL,L,65,23,11,12,47.8,15,7,8,0,0,0,8,4,4,2,0,2,17,9,8,4,2,2
"John Erskine",20092010,WSH,D,50,0,0,0,--,0,0,0,0,0,0,0,0,0,0,0,0,0,0,0,0,0,0
"John Erskine",20102011,WSH,D,73,0,0,0,--,0,0,0,0,0,0,0,0,0,0,0,0,0,0,0,0,0,0
"John Erskine",20112012,WSH,D,28,0,0,0,--,0,0,0,0,0,0,0,0,0,0,0,0,0,0,0,0,0,0
"John Erskine",20122013,WSH,D,30,0,0,0,--,0,0,0,0,0,0,0,0,0,0,0,0,0,0,0,0,0,0
"John Erskine",20132014,WSH,D,37,0,0,0,--,0,0,0,0,0,0,0,0,0,0,0,0,0,0,0,0,0,0
"Emerson Etem",20122013,ANA,R,38,5,2,3,40,5,2,3,0,0,0,0,0,0,3,2,1,2,0,2,0,0,0
"Emerson Etem",20132014,ANA,R,29,1,0,1,0,1,0,1,0,0,0,0,0,0,0,0,0,1,0,1,0,0,0
"Emerson Etem",20142015,ANA,R,45,4,2,2,50,4,2,2,0,0,0,0,0,0,2,1,1,2,1,1,0,0,0
"Emerson Etem",20152016,"NYR,VAN",R,58,4,2,2,50,3,2,1,0,0,0,1,0,1,2,2,0,2,0,2,0,0,0
"Emerson Etem",20162017,ANA,R,3,1,0,1,0,1,0,1,0,0,0,0,0,0,0,0,0,1,0,1,0,0,0
"Dennis Everberg",20142015,COL,R,55,3,0,3,0,3,0,3,0,0,0,0,0,0,1,0,1,0,0,0,2,0,2
"Dennis Everberg",20152016,COL,R,15,0,0,0,--,0,0,0,0,0,0,0,0,0,0,0,0,0,0,0,0,0,0
"Garnet Exelby",20092010,TOR,D,51,0,0,0,--,0,0,0,0,0,0,0,0,0,0,0,0,0,0,0,0,0,0
"Robby Fabbri",20152016,STL,C,72,15,6,9,40,13,6,7,2,0,2,0,0,0,10,4,6,3,2,1,2,0,2
"Robby Fabbri",20162017,STL,C,51,24,13,11,54.2,12,7,5,12,6,6,0,0,0,19,11,8,5,2,3,0,0,0
"Robby Fabbri",20182019,STL,C,32,14,4,10,28.6,9,3,6,5,1,4,0,0,0,10,2,8,2,1,1,2,1,1
"Dante Fabbro",20182019,NSH,D,4,0,0,0,--,0,0,0,0,0,0,0,0,0,0,0,0,0,0,0,0,0,0
"Brian Fahey",20102011,WSH,D,7,0,0,0,--,0,0,0,0,0,0,0,0,0,0,0,0,0,0,0,0,0,0
"Cade Fairchild",20112012,STL,D,5,0,0,0,--,0,0,0,0,0,0,0,0,0,0,0,0,0,0,0,0,0,0
"Radek Faksa",20152016,DAL,C,45,401,197,204,49.1,354,177,177,5,3,2,42,17,25,103,58,45,144,68,76,154,71,83
"Radek Faksa",20162017,DAL,C,80,"1,222",590,632,48.3,976,479,497,26,17,9,220,94,126,259,150,109,401,181,220,562,259,303
"Radek Faksa",20172018,DAL,C,79,"1,077",556,521,51.6,913,476,437,23,11,12,141,69,72,188,100,88,442,220,222,447,236,211
"Radek Faksa",20182019,DAL,C,81,"1,132",570,562,50.4,948,479,469,42,19,23,142,72,70,187,92,95,400,202,198,545,276,269
"Justin Falk",20092010,MIN,D,3,0,0,0,--,0,0,0,0,0,0,0,0,0,0,0,0,0,0,0,0,0,0
"Justin Falk",20102011,MIN,D,22,0,0,0,--,0,0,0,0,0,0,0,0,0,0,0,0,0,0,0,0,0,0
"Justin Falk",20112012,MIN,D,47,0,0,0,--,0,0,0,0,0,0,0,0,0,0,0,0,0,0,0,0,0,0
"Justin Falk",20122013,MIN,D,36,0,0,0,--,0,0,0,0,0,0,0,0,0,0,0,0,0,0,0,0,0,0
"Justin Falk",20132014,NYR,D,21,0,0,0,--,0,0,0,0,0,0,0,0,0,0,0,0,0,0,0,0,0,0
"Justin Falk",20142015,"MIN,CBJ",D,18,0,0,0,--,0,0,0,0,0,0,0,0,0,0,0,0,0,0,0,0,0,0
"Justin Falk",20152016,CBJ,D,24,0,0,0,--,0,0,0,0,0,0,0,0,0,0,0,0,0,0,0,0,0,0
"Justin Falk",20162017,BUF,D,52,0,0,0,--,0,0,0,0,0,0,0,0,0,0,0,0,0,0,0,0,0,0
"Justin Falk",20172018,BUF,D,46,0,0,0,--,0,0,0,0,0,0,0,0,0,0,0,0,0,0,0,0,0,0
"Justin Falk",20182019,OTT,D,10,0,0,0,--,0,0,0,0,0,0,0,0,0,0,0,0,0,0,0,0,0,0
"Oscar Fantenberg",20172018,LAK,D,27,0,0,0,--,0,0,0,0,0,0,0,0,0,0,0,0,0,0,0,0,0,0
"Oscar Fantenberg",20182019,"LAK,CGY",D,61,0,0,0,--,0,0,0,0,0,0,0,0,0,0,0,0,0,0,0,0,0,0
"Bobby Farnham",20142015,PIT,R,11,0,0,0,--,0,0,0,0,0,0,0,0,0,0,0,0,0,0,0,0,0,0
"Bobby Farnham",20152016,"PIT,NJD",R,53,4,2,2,50,4,2,2,0,0,0,0,0,0,3,1,2,1,1,0,0,0,0
"Bobby Farnham",20162017,MTL,R,3,1,1,0,100,1,1,0,0,0,0,0,0,0,1,1,0,0,0,0,0,0,0
"Hudson Fasching",20152016,BUF,R,7,0,0,0,--,0,0,0,0,0,0,0,0,0,0,0,0,0,0,0,0,0,0
"Hudson Fasching",20162017,BUF,R,10,0,0,0,--,0,0,0,0,0,0,0,0,0,0,0,0,0,0,0,0,0,0
"Hudson Fasching",20172018,BUF,R,5,0,0,0,--,0,0,0,0,0,0,0,0,0,0,0,0,0,0,0,0,0,0
"Jesper Fast",20132014,NYR,R,11,0,0,0,--,0,0,0,0,0,0,0,0,0,0,0,0,0,0,0,0,0,0
"Jesper Fast",20142015,NYR,R,58,20,4,16,20,9,2,7,0,0,0,11,2,9,6,2,4,9,1,8,5,1,4
"Jesper Fast",20152016,NYR,R,79,6,1,5,16.7,3,1,2,0,0,0,3,0,3,1,1,0,0,0,0,5,0,5
"Jesper Fast",20162017,NYR,R,68,44,17,27,38.6,15,10,5,1,0,1,28,7,21,15,7,8,26,7,19,3,3,0
"Jesper Fast",20172018,NYR,R,71,38,14,24,36.8,20,7,13,0,0,0,18,7,11,17,4,13,12,6,6,9,4,5
"Jesper Fast",20182019,NYR,R,66,20,7,13,35,12,4,8,1,0,1,7,3,4,4,2,2,4,3,1,12,2,10
"Justin Faulk",20112012,CAR,D,66,0,0,0,--,0,0,0,0,0,0,0,0,0,0,0,0,0,0,0,0,0,0
"Justin Faulk",20122013,CAR,D,38,0,0,0,--,0,0,0,0,0,0,0,0,0,0,0,0,0,0,0,0,0,0
"Justin Faulk",20132014,CAR,D,76,0,0,0,--,0,0,0,0,0,0,0,0,0,0,0,0,0,0,0,0,0,0
"Justin Faulk",20142015,CAR,D,82,0,0,0,--,0,0,0,0,0,0,0,0,0,0,0,0,0,0,0,0,0,0
"Justin Faulk",20152016,CAR,D,64,1,0,1,0,1,0,1,0,0,0,0,0,0,0,0,0,0,0,0,1,0,1
"Justin Faulk",20162017,CAR,D,75,0,0,0,--,0,0,0,0,0,0,0,0,0,0,0,0,0,0,0,0,0,0
"Justin Faulk",20172018,CAR,D,76,0,0,0,--,0,0,0,0,0,0,0,0,0,0,0,0,0,0,0,0,0,0
"Justin Faulk",20182019,CAR,D,82,0,0,0,--,0,0,0,0,0,0,0,0,0,0,0,0,0,0,0,0,0,0
"Mark Fayne",20102011,NJD,D,57,0,0,0,--,0,0,0,0,0,0,0,0,0,0,0,0,0,0,0,0,0,0
"Mark Fayne",20112012,NJD,D,82,0,0,0,--,0,0,0,0,0,0,0,0,0,0,0,0,0,0,0,0,0,0
"Mark Fayne",20122013,NJD,D,31,0,0,0,--,0,0,0,0,0,0,0,0,0,0,0,0,0,0,0,0,0,0
"Mark Fayne",20132014,NJD,D,72,0,0,0,--,0,0,0,0,0,0,0,0,0,0,0,0,0,0,0,0,0,0
"Mark Fayne",20142015,EDM,D,74,0,0,0,--,0,0,0,0,0,0,0,0,0,0,0,0,0,0,0,0,0,0
"Mark Fayne",20152016,EDM,D,69,0,0,0,--,0,0,0,0,0,0,0,0,0,0,0,0,0,0,0,0,0,0
"Mark Fayne",20162017,EDM,D,4,0,0,0,--,0,0,0,0,0,0,0,0,0,0,0,0,0,0,0,0,0,0
"Todd Fedoruk",20092010,TBL,L,50,2,2,0,100,2,2,0,0,0,0,0,0,0,0,0,0,1,1,0,1,1,0
"Ruslan Fedotenko",20092010,PIT,L,80,28,10,18,35.7,23,9,14,3,1,2,2,0,2,12,5,7,15,5,10,1,0,1
"Ruslan Fedotenko",20102011,NYR,L,66,32,12,20,37.5,30,11,19,0,0,0,2,1,1,8,3,5,5,2,3,19,7,12
"Ruslan Fedotenko",20112012,NYR,L,73,34,16,18,47.1,29,13,16,1,0,1,4,3,1,9,1,8,12,6,6,13,9,4
"Ruslan Fedotenko",20122013,PHI,L,47,186,67,119,36,175,64,111,4,1,3,7,2,5,51,18,33,88,34,54,47,15,32
"Taylor Fedun",20132014,EDM,D,4,0,0,0,--,0,0,0,0,0,0,0,0,0,0,0,0,0,0,0,0,0,0
"Taylor Fedun",20142015,SJS,D,7,0,0,0,--,0,0,0,0,0,0,0,0,0,0,0,0,0,0,0,0,0,0
"Taylor Fedun",20152016,VAN,D,1,0,0,0,--,0,0,0,0,0,0,0,0,0,0,0,0,0,0,0,0,0,0
"Taylor Fedun",20162017,BUF,D,27,0,0,0,--,0,0,0,0,0,0,0,0,0,0,0,0,0,0,0,0,0,0
"Taylor Fedun",20172018,BUF,D,7,0,0,0,--,0,0,0,0,0,0,0,0,0,0,0,0,0,0,0,0,0,0
"Taylor Fedun",20182019,DAL,D,54,0,0,0,--,0,0,0,0,0,0,0,0,0,0,0,0,0,0,0,0,0,0
"Eric Fehr",20092010,WSH,C,69,2,1,1,50,2,1,1,0,0,0,0,0,0,3,2,1,0,0,0,0,0,0
"Eric Fehr",20102011,WSH,C,52,1,0,1,0,1,0,1,0,0,0,0,0,0,0,0,0,0,0,0,1,0,1
"Eric Fehr",20112012,WPG,C,35,0,0,0,--,0,0,0,0,0,0,0,0,0,0,0,0,0,0,0,0,0,0
"Eric Fehr",20122013,WSH,C,41,4,0,4,0,4,0,4,0,0,0,0,0,0,2,0,2,2,0,2,0,0,0
"Eric Fehr",20132014,WSH,C,73,426,196,230,46,411,187,224,6,4,2,9,5,4,95,41,54,189,85,104,142,70,72
"Eric Fehr",20142015,WSH,C,75,863,449,414,52,797,414,383,21,12,9,45,23,22,233,123,110,311,163,148,319,163,156
"Eric Fehr",20152016,PIT,C,55,242,107,135,44.2,214,98,116,10,4,6,18,5,13,54,27,27,90,42,48,98,38,60
"Eric Fehr",20162017,"PIT,TOR",C,53,154,79,75,51.3,124,65,59,3,3,0,27,11,16,32,19,13,53,34,19,69,26,43
"Eric Fehr",20172018,"TOR,SJS",C,18,139,66,73,47.5,108,52,56,0,0,0,31,14,17,31,15,16,45,23,22,63,28,35
"Eric Fehr",20182019,MIN,C,72,709,364,345,51.3,514,265,249,4,4,0,191,95,96,103,54,49,202,108,94,404,202,202
"Andrew Ference",20092010,BOS,D,51,0,0,0,--,0,0,0,0,0,0,0,0,0,0,0,0,0,0,0,0,0,0
"Andrew Ference",20102011,BOS,D,70,0,0,0,--,0,0,0,0,0,0,0,0,0,0,0,0,0,0,0,0,0,0
"Andrew Ference",20112012,BOS,D,72,1,1,0,100,0,0,0,0,0,0,1,1,0,0,0,0,0,0,0,1,1,0
"Andrew Ference",20122013,BOS,D,48,0,0,0,--,0,0,0,0,0,0,0,0,0,0,0,0,0,0,0,0,0,0
"Andrew Ference",20132014,EDM,D,71,3,2,1,66.7,3,2,1,0,0,0,0,0,0,2,1,1,1,1,0,0,0,0
"Andrew Ference",20142015,EDM,D,70,2,0,2,0,2,0,2,0,0,0,0,0,0,1,0,1,1,0,1,0,0,0
"Andrew Ference",20152016,EDM,D,6,0,0,0,--,0,0,0,0,0,0,0,0,0,0,0,0,0,0,0,0,0,0
"Micheal Ferland",20142015,CGY,L,26,0,0,0,--,0,0,0,0,0,0,0,0,0,0,0,0,0,0,0,0,0,0
"Micheal Ferland",20152016,CGY,L,71,12,7,5,58.3,8,5,3,4,2,2,0,0,0,10,5,5,2,2,0,0,0,0
"Micheal Ferland",20162017,CGY,L,76,7,3,4,42.9,7,3,4,0,0,0,0,0,0,2,2,0,3,1,2,2,0,2
"Micheal Ferland",20172018,CGY,L,77,57,22,35,38.6,57,22,35,0,0,0,0,0,0,31,10,21,12,7,5,14,5,9
"Micheal Ferland",20182019,CAR,L,71,73,23,50,31.5,52,16,36,20,7,13,1,0,1,44,13,31,18,2,16,11,8,3
"Brian Ferlin",20142015,BOS,R,7,1,0,1,0,1,0,1,0,0,0,0,0,0,0,0,0,1,0,1,0,0,0
"Landon Ferraro",20132014,DET,C,4,0,0,0,--,0,0,0,0,0,0,0,0,0,0,0,0,0,0,0,0,0,0
"Landon Ferraro",20142015,DET,C,3,0,0,0,--,0,0,0,0,0,0,0,0,0,0,0,0,0,0,0,0,0,0
"Landon Ferraro",20152016,"DET,BOS",C,68,86,29,57,33.7,82,29,53,2,0,2,2,0,2,37,12,25,33,11,22,16,6,10
"Landon Ferraro",20172018,MIN,C,2,0,0,0,--,0,0,0,0,0,0,0,0,0,0,0,0,0,0,0,0,0,0
"Benn Ferriero",20092010,SJS,R,24,4,3,1,75,3,2,1,1,1,0,0,0,0,1,1,0,0,0,0,3,2,1
"Benn Ferriero",20102011,SJS,R,33,11,2,9,18.2,9,2,7,2,0,2,0,0,0,7,1,6,3,1,2,1,0,1
"Benn Ferriero",20112012,SJS,R,35,12,3,9,25,9,2,7,3,1,2,0,0,0,3,0,3,6,3,3,3,0,3
"Benn Ferriero",20122013,NYR,R,4,9,2,7,22.2,9,2,7,0,0,0,0,0,0,4,1,3,4,1,3,1,0,1
"Benn Ferriero",20132014,VAN,R,2,0,0,0,--,0,0,0,0,0,0,0,0,0,0,0,0,0,0,0,0,0,0
"Brett Festerling",20092010,ANA,D,42,0,0,0,--,0,0,0,0,0,0,0,0,0,0,0,0,0,0,0,0,0,0
"Brett Festerling",20102011,ANA,D,1,0,0,0,--,0,0,0,0,0,0,0,0,0,0,0,0,0,0,0,0,0,0
"Brett Festerling",20112012,WPG,D,5,0,0,0,--,0,0,0,0,0,0,0,0,0,0,0,0,0,0,0,0,0,0
"Kevin Fiala",20142015,NSH,L,1,0,0,0,--,0,0,0,0,0,0,0,0,0,0,0,0,0,0,0,0,0,0
"Kevin Fiala",20152016,NSH,L,5,0,0,0,--,0,0,0,0,0,0,0,0,0,0,0,0,0,0,0,0,0,0
"Kevin Fiala",20162017,NSH,L,54,0,0,0,--,0,0,0,0,0,0,0,0,0,0,0,0,0,0,0,0,0,0
"Kevin Fiala",20172018,NSH,L,80,5,0,5,0,5,0,5,0,0,0,0,0,0,5,0,5,0,0,0,0,0,0
"Kevin Fiala",20182019,"NSH,MIN",L,83,8,3,5,37.5,7,2,5,1,1,0,0,0,0,6,2,4,1,0,1,1,1,0
"Vernon Fiddler",20092010,PHX,C,76,"1,121",588,533,52.5,780,423,357,29,16,13,312,149,163,223,122,101,357,201,156,541,265,276
"Vernon Fiddler",20102011,PHX,C,71,"1,224",660,564,53.9,947,528,419,18,9,9,259,123,136,217,108,109,416,236,180,591,316,275
"Vernon Fiddler",20112012,DAL,C,82,"1,049",534,515,50.9,852,438,414,14,8,6,183,88,95,238,113,125,344,178,166,467,243,224
"Vernon Fiddler",20122013,DAL,C,46,619,319,300,51.5,441,248,193,22,10,12,156,61,95,99,44,55,179,108,71,341,167,174
"Vernon Fiddler",20132014,DAL,C,76,982,513,469,52.2,749,414,335,24,12,12,209,87,122,223,113,110,300,164,136,459,236,223
"Vernon Fiddler",20142015,DAL,C,80,"1,097",569,528,51.9,825,425,400,28,11,17,244,133,111,263,112,151,339,182,157,495,275,220
"Vernon Fiddler",20152016,DAL,C,82,897,455,442,50.7,606,321,285,29,14,15,262,120,142,186,93,93,264,136,128,447,226,221
"Vernon Fiddler",20162017,"NJD,NSH",C,59,689,370,319,53.7,569,313,256,7,4,3,113,53,60,96,47,49,221,125,96,372,198,174
"Nikita Filatov",20092010,CBJ,L,13,3,2,1,66.7,3,2,1,0,0,0,0,0,0,1,1,0,2,1,1,1,0,1
"Nikita Filatov",20102011,CBJ,L,23,0,0,0,--,0,0,0,0,0,0,0,0,0,0,0,0,0,0,0,0,0,0
"Nikita Filatov",20112012,OTT,L,9,1,0,1,0,0,0,0,1,0,1,0,0,0,1,0,1,0,0,0,0,0,0
"Valtteri Filppula",20092010,DET,C,55,573,296,277,51.7,454,236,218,84,47,37,35,13,22,221,110,111,195,97,98,157,89,68
"Valtteri Filppula",20102011,DET,C,71,928,478,450,51.5,786,407,379,109,55,54,33,16,17,338,173,165,318,161,157,272,144,128
"Valtteri Filppula",20112012,DET,C,81,373,193,180,51.7,269,136,133,83,43,40,21,14,7,167,79,88,100,59,41,106,55,51
"Valtteri Filppula",20122013,DET,C,41,323,179,144,55.4,229,122,107,91,56,35,3,1,2,161,93,68,92,45,47,70,41,29
"Valtteri Filppula",20132014,TBL,C,75,"1,326",693,633,52.3,"1,032",526,506,200,116,84,94,51,43,510,264,246,425,215,210,391,214,177
"Valtteri Filppula",20142015,TBL,C,82,"1,185",621,564,52.4,920,473,447,184,109,75,81,39,42,465,246,219,355,179,176,365,196,169
"Valtteri Filppula",20152016,TBL,C,76,"1,216",632,584,52,925,500,425,147,66,81,144,66,78,400,209,191,393,207,186,423,216,207
"Valtteri Filppula",20162017,"TBL,PHI",C,79,"1,162",556,606,47.9,959,464,495,71,41,30,132,51,81,301,161,140,415,194,221,446,201,245
"Valtteri Filppula",20172018,PHI,C,81,950,487,463,51.3,851,444,407,44,21,23,55,22,33,259,135,124,375,184,191,316,168,148
"Valtteri Filppula",20182019,NYI,C,72,811,398,413,49.1,656,336,320,27,16,11,128,46,82,168,94,74,258,123,135,385,181,204
"Jeff Finger",20092010,TOR,D,39,0,0,0,--,0,0,0,0,0,0,0,0,0,0,0,0,0,0,0,0,0,0
"Joe Finley",20112012,BUF,D,5,0,0,0,--,0,0,0,0,0,0,0,0,0,0,0,0,0,0,0,0,0,0
"Joe Finley",20122013,NYI,D,16,1,0,1,0,1,0,1,0,0,0,0,0,0,1,0,1,0,0,0,0,0,0
"Giovanni Fiore",20172018,ANA,R,1,0,0,0,--,0,0,0,0,0,0,0,0,0,0,0,0,0,0,0,0,0,0
"Christian Fischer",20162017,ARI,R,7,0,0,0,--,0,0,0,0,0,0,0,0,0,0,0,0,0,0,0,0,0,0
"Christian Fischer",20172018,ARI,R,79,29,5,24,17.2,19,3,16,10,2,8,0,0,0,17,2,15,7,2,5,5,1,4
"Christian Fischer",20182019,ARI,R,71,7,2,5,28.6,6,2,4,1,0,1,0,0,0,3,1,2,3,1,2,1,0,1
"Mike Fisher",20092010,OTT,C,79,"1,307",679,628,52,941,486,455,147,90,57,219,103,116,409,209,200,427,245,182,459,217,242
"Mike Fisher",20102011,"OTT,NSH",C,82,"1,246",602,644,48.3,959,458,501,170,90,80,117,54,63,418,202,216,437,207,230,391,193,198
"Mike Fisher",20112012,NSH,C,72,"1,217",588,629,48.3,986,477,509,153,74,79,78,37,41,361,181,180,468,232,236,388,175,213
"Mike Fisher",20122013,NSH,C,38,563,275,288,48.8,427,205,222,88,50,38,48,20,28,165,89,76,212,99,113,186,87,99
"Mike Fisher",20132014,NSH,C,75,"1,146",596,550,52,951,491,460,109,59,50,86,46,40,398,194,204,397,218,179,351,184,167
"Mike Fisher",20142015,NSH,C,59,"1,149",601,548,52.3,872,449,423,189,104,85,88,48,40,462,235,227,335,181,154,352,185,167
"Mike Fisher",20152016,NSH,C,70,"1,250",668,582,53.4,986,534,452,153,79,74,111,55,56,446,220,226,377,226,151,427,222,205
"Mike Fisher",20162017,NSH,C,72,"1,280",703,577,54.9,943,517,426,170,102,68,167,84,83,409,229,180,327,177,150,544,297,247
"Mike Fisher",20172018,NSH,C,16,184,107,77,58.1,160,93,67,1,1,0,23,13,10,37,22,15,64,33,31,83,52,31
"Mark Fistric",20092010,DAL,D,67,0,0,0,--,0,0,0,0,0,0,0,0,0,0,0,0,0,0,0,0,0,0
"Mark Fistric",20102011,DAL,D,57,0,0,0,--,0,0,0,0,0,0,0,0,0,0,0,0,0,0,0,0,0,0
"Mark Fistric",20112012,DAL,D,60,1,1,0,100,0,0,0,0,0,0,1,1,0,0,0,0,0,0,0,1,1,0
"Mark Fistric",20122013,EDM,D,25,0,0,0,--,0,0,0,0,0,0,0,0,0,0,0,0,0,0,0,0,0,0
"Mark Fistric",20132014,ANA,D,34,0,0,0,--,0,0,0,0,0,0,0,0,0,0,0,0,0,0,0,0,0,0
"Mark Fistric",20142015,ANA,D,9,0,0,0,--,0,0,0,0,0,0,0,0,0,0,0,0,0,0,0,0,0,0
"Tomas Fleischmann",20092010,WSH,L,69,371,160,211,43.1,338,141,197,24,15,9,9,4,5,125,48,77,161,76,85,85,36,49
"Tomas Fleischmann",20102011,"WSH,COL",L,45,236,99,137,42,197,81,116,37,17,20,2,1,1,84,40,44,91,37,54,61,22,39
"Tomas Fleischmann",20112012,FLA,L,82,27,14,13,51.9,17,10,7,6,2,4,4,2,2,15,6,9,5,2,3,7,6,1
"Tomas Fleischmann",20122013,FLA,L,48,20,10,10,50,16,7,9,1,1,0,3,2,1,10,5,5,2,0,2,8,5,3
"Tomas Fleischmann",20132014,FLA,L,80,18,5,13,27.8,15,4,11,1,1,0,2,0,2,12,2,10,3,1,2,3,2,1
"Tomas Fleischmann",20142015,"FLA,ANA",L,66,14,4,10,28.6,12,3,9,2,1,1,0,0,0,8,2,6,2,0,2,4,2,2
"Tomas Fleischmann",20152016,"MTL,CHI",L,76,43,24,19,55.8,34,17,17,0,0,0,9,7,2,20,13,7,15,5,10,8,6,2
"Haydn Fleury",20172018,CAR,D,67,0,0,0,--,0,0,0,0,0,0,0,0,0,0,0,0,0,0,0,0,0,0
"Haydn Fleury",20182019,CAR,D,20,0,0,0,--,0,0,0,0,0,0,0,0,0,0,0,0,0,0,0,0,0,0
"Mark Flood",20092010,NYI,D,6,0,0,0,--,0,0,0,0,0,0,0,0,0,0,0,0,0,0,0,0,0,0
"Mark Flood",20112012,WPG,D,33,0,0,0,--,0,0,0,0,0,0,0,0,0,0,0,0,0,0,0,0,0,0
"Justin Florek",20132014,BOS,L,4,1,0,1,0,0,0,0,0,0,0,1,0,1,1,0,1,0,0,0,0,0,0
"Brian Flynn",20122013,BUF,C,26,60,24,36,40,50,21,29,2,0,2,8,3,5,35,13,22,4,1,3,21,10,11
"Brian Flynn",20132014,BUF,C,79,389,184,205,47.3,312,152,160,7,2,5,70,30,40,94,36,58,125,59,66,170,89,81
"Brian Flynn",20142015,"BUF,MTL",C,63,359,172,187,47.9,277,132,145,30,15,15,52,25,27,87,42,45,109,56,53,163,74,89
"Brian Flynn",20152016,MTL,C,56,346,200,146,57.8,257,145,112,6,5,1,83,50,33,59,34,25,64,38,26,223,128,95
"Brian Flynn",20162017,MTL,C,51,149,69,80,46.3,105,53,52,2,1,1,42,15,27,31,20,11,34,13,21,84,36,48
"Warren Foegele",20172018,CAR,L,2,0,0,0,--,0,0,0,0,0,0,0,0,0,0,0,0,0,0,0,0,0,0
"Warren Foegele",20182019,CAR,L,77,21,10,11,47.6,19,9,10,0,0,0,2,1,1,12,6,6,7,2,5,2,2,0
"Steven Fogarty",20172018,NYR,C,1,0,0,0,--,0,0,0,0,0,0,0,0,0,0,0,0,0,0,0,0,0,0
"Steven Fogarty",20182019,NYR,C,10,27,8,19,29.6,27,8,19,0,0,0,0,0,0,12,3,9,12,5,7,3,0,3
"Marcus Foligno",20112012,BUF,L,14,3,0,3,0,3,0,3,0,0,0,0,0,0,0,0,0,1,0,1,2,0,2
"Marcus Foligno",20122013,BUF,L,47,75,45,30,60,66,40,26,9,5,4,0,0,0,34,19,15,15,8,7,26,18,8
"Marcus Foligno",20132014,BUF,L,74,301,146,155,48.5,261,123,138,30,17,13,10,6,4,113,49,64,86,44,42,102,53,49
"Marcus Foligno",20142015,BUF,L,57,132,57,75,43.2,100,45,55,9,6,3,23,6,17,54,28,26,33,11,22,45,18,27
"Marcus Foligno",20152016,BUF,L,75,4,1,3,25,4,1,3,0,0,0,0,0,0,1,0,1,0,0,0,3,1,2
"Marcus Foligno",20162017,BUF,L,80,5,1,4,20,4,1,3,0,0,0,1,0,1,1,0,1,0,0,0,4,1,3
"Marcus Foligno",20172018,MIN,L,77,19,9,10,47.4,17,8,9,2,1,1,0,0,0,12,7,5,4,1,3,3,1,2
"Marcus Foligno",20182019,MIN,L,82,28,13,15,46.4,14,9,5,0,0,0,14,4,10,6,3,3,6,5,1,16,5,11
"Nick Foligno",20092010,OTT,L,61,50,17,33,34,38,12,26,11,5,6,1,0,1,22,7,15,14,6,8,13,4,9
"Nick Foligno",20102011,OTT,L,82,138,65,73,47.1,106,51,55,32,14,18,0,0,0,92,37,55,22,12,10,24,16,8
"Nick Foligno",20112012,OTT,L,82,149,62,87,41.6,127,51,76,19,9,10,3,2,1,68,24,44,52,26,26,29,12,17
"Nick Foligno",20122013,CBJ,L,45,9,3,6,33.3,7,2,5,2,1,1,0,0,0,4,3,1,4,0,4,1,0,1
"Nick Foligno",20132014,CBJ,L,70,13,6,7,46.1,8,4,4,3,1,2,2,1,1,4,2,2,6,2,4,3,2,1
"Nick Foligno",20142015,CBJ,L,79,263,125,138,47.5,229,108,121,14,7,7,20,10,10,87,35,52,94,44,50,82,46,36
"Nick Foligno",20152016,CBJ,L,72,176,83,93,47.2,153,76,77,16,7,9,7,0,7,74,34,40,49,23,26,53,26,27
"Nick Foligno",20162017,CBJ,L,79,89,41,48,46.1,60,25,35,7,6,1,22,10,12,47,26,21,24,8,16,18,7,11
"Nick Foligno",20172018,CBJ,L,72,741,340,401,45.9,579,267,312,96,42,54,66,31,35,320,150,170,218,98,120,203,92,111
"Nick Foligno",20182019,CBJ,L,73,235,133,102,56.6,125,78,47,92,47,45,18,8,10,146,81,65,36,15,21,53,37,16
"Christian Folin",20132014,MIN,D,1,0,0,0,--,0,0,0,0,0,0,0,0,0,0,0,0,0,0,0,0,0,0
"Christian Folin",20142015,MIN,D,40,0,0,0,--,0,0,0,0,0,0,0,0,0,0,0,0,0,0,0,0,0,0
"Christian Folin",20152016,MIN,D,26,0,0,0,--,0,0,0,0,0,0,0,0,0,0,0,0,0,0,0,0,0,0
"Christian Folin",20162017,MIN,D,51,0,0,0,--,0,0,0,0,0,0,0,0,0,0,0,0,0,0,0,0,0,0
"Christian Folin",20172018,LAK,D,65,0,0,0,--,0,0,0,0,0,0,0,0,0,0,0,0,0,0,0,0,0,0
"Christian Folin",20182019,"PHI,MTL",D,45,1,1,0,100,1,1,0,0,0,0,0,0,0,0,0,0,1,1,0,0,0,0
"Justin Fontaine",20132014,MIN,R,66,2,2,0,100,2,2,0,0,0,0,0,0,0,1,1,0,0,0,0,1,1,0
"Justin Fontaine",20142015,MIN,R,71,2,1,1,50,1,0,1,1,1,0,0,0,0,2,1,1,0,0,0,0,0,0
"Justin Fontaine",20152016,MIN,R,60,4,1,3,25,2,0,2,1,0,1,1,1,0,2,0,2,0,0,0,2,1,1
"Spencer Foo",20172018,CGY,R,4,1,1,0,100,1,1,0,0,0,0,0,0,0,1,1,0,0,0,0,0,0,0
"Adam Foote",20092010,COL,D,67,0,0,0,--,0,0,0,0,0,0,0,0,0,0,0,0,1,0,1,0,0,0
"Adam Foote",20102011,COL,D,47,0,0,0,--,0,0,0,0,0,0,0,0,0,0,0,0,0,0,0,0,0,0
"Derek Forbort",20152016,LAK,D,14,0,0,0,--,0,0,0,0,0,0,0,0,0,0,0,0,0,0,0,0,0,0
"Derek Forbort",20162017,LAK,D,82,1,1,0,100,1,1,0,0,0,0,0,0,0,0,0,0,1,1,0,0,0,0
"Derek Forbort",20172018,LAK,D,78,0,0,0,--,0,0,0,0,0,0,0,0,0,0,0,0,0,0,0,0,0,0
"Derek Forbort",20182019,LAK,D,81,1,0,1,0,0,0,0,0,0,0,1,0,1,0,0,0,0,0,0,1,0,1
"Alex Formenton",20172018,OTT,L,1,0,0,0,--,0,0,0,0,0,0,0,0,0,0,0,0,0,0,0,0,0,0
"Alex Formenton",20182019,OTT,L,9,3,1,2,33.3,3,1,2,0,0,0,0,0,0,0,0,0,2,1,1,1,0,1
"Jakob Forsbacka Karlsson",20162017,BOS,C,1,2,1,1,50,2,1,1,0,0,0,0,0,0,1,0,1,0,0,0,1,1,0
"Jakob Forsbacka Karlsson",20182019,BOS,C,28,226,95,131,42,223,94,129,1,0,1,2,1,1,89,36,53,91,41,50,46,18,28
"Filip Forsberg",20122013,NSH,L,5,1,0,1,0,1,0,1,0,0,0,0,0,0,1,0,1,0,0,0,0,0,0
"Filip Forsberg",20132014,NSH,L,13,0,0,0,--,0,0,0,0,0,0,0,0,0,0,0,0,0,0,0,0,0,0
"Filip Forsberg",20142015,NSH,L,82,7,3,4,42.9,5,3,2,1,0,1,1,0,1,7,3,4,0,0,0,0,0,0
"Filip Forsberg",20152016,NSH,L,82,9,2,7,22.2,5,2,3,1,0,1,3,0,3,6,1,5,1,1,0,2,0,2
"Filip Forsberg",20162017,NSH,L,82,18,5,13,27.8,17,5,12,0,0,0,1,0,1,14,4,10,2,0,2,2,1,1
"Filip Forsberg",20172018,NSH,L,67,9,4,5,44.4,4,3,1,4,1,3,1,0,1,4,1,3,2,1,1,3,2,1
"Filip Forsberg",20182019,NSH,L,64,7,1,6,14.3,3,1,2,2,0,2,2,0,2,3,0,3,2,1,1,2,0,2
"Peter Forsberg",20102011,COL,C,2,0,0,0,--,0,0,0,0,0,0,0,0,0,0,0,0,0,0,0,0,0,0
"Gustav Forsling",20162017,CHI,D,38,0,0,0,--,0,0,0,0,0,0,0,0,0,0,0,0,0,0,0,0,0,0
"Gustav Forsling",20172018,CHI,D,41,1,0,1,0,0,0,0,0,0,0,1,0,1,0,0,0,0,0,0,1,0,1
"Gustav Forsling",20182019,CHI,D,43,0,0,0,--,0,0,0,0,0,0,0,0,0,0,0,0,0,0,0,0,0,0
"Alexandre Fortin",20182019,CHI,L,24,17,11,6,64.7,17,11,6,0,0,0,0,0,0,7,5,2,4,3,1,6,3,3
"Maxime Fortunus",20092010,DAL,D,8,0,0,0,--,0,0,0,0,0,0,0,0,0,0,0,0,0,0,0,0,0,0
"Maxime Fortunus",20132014,DAL,D,1,0,0,0,--,0,0,0,0,0,0,0,0,0,0,0,0,0,0,0,0,0,0
"Kurtis Foster",20092010,TBL,D,71,0,0,0,--,0,0,0,0,0,0,0,0,0,0,0,0,0,0,0,0,0,0
"Kurtis Foster",20102011,EDM,D,74,0,0,0,--,0,0,0,0,0,0,0,0,0,0,0,0,0,0,0,0,0,0
"Kurtis Foster",20112012,"ANA,NJD,MIN",D,51,0,0,0,--,0,0,0,0,0,0,0,0,0,0,0,0,0,0,0,0,0,0
"Kurtis Foster",20122013,PHI,D,23,0,0,0,--,0,0,0,0,0,0,0,0,0,0,0,0,0,0,0,0,0,0
"Kristopher Foucault",20112012,MIN,L,1,0,0,0,--,0,0,0,0,0,0,0,0,0,0,0,0,0,0,0,0,0,0
"Cam Fowler",20102011,ANA,D,76,0,0,0,--,0,0,0,0,0,0,0,0,0,0,0,0,0,0,0,0,0,0
"Cam Fowler",20112012,ANA,D,82,1,1,0,100,1,1,0,0,0,0,0,0,0,1,1,0,0,0,0,0,0,0
"Cam Fowler",20122013,ANA,D,37,0,0,0,--,0,0,0,0,0,0,0,0,0,0,0,0,0,0,0,0,0,0
"Cam Fowler",20132014,ANA,D,70,0,0,0,--,0,0,0,0,0,0,0,0,0,0,0,0,0,0,0,0,0,0
"Cam Fowler",20142015,ANA,D,80,0,0,0,--,0,0,0,0,0,0,0,0,0,0,0,0,0,0,0,0,0,0
"Cam Fowler",20152016,ANA,D,69,0,0,0,--,0,0,0,0,0,0,0,0,0,0,0,0,0,0,0,0,0,0
"Cam Fowler",20162017,ANA,D,80,0,0,0,--,0,0,0,0,0,0,0,0,0,0,0,0,0,0,0,0,0,0
"Cam Fowler",20172018,ANA,D,67,2,1,1,50,1,0,1,1,1,0,0,0,0,1,1,0,0,0,0,1,0,1
"Cam Fowler",20182019,ANA,D,59,0,0,0,--,0,0,0,0,0,0,0,0,0,0,0,0,0,0,0,0,0,0
"Cody Franson",20092010,NSH,D,61,0,0,0,--,0,0,0,0,0,0,0,0,0,0,0,0,0,0,0,0,0,0
"Cody Franson",20102011,NSH,D,80,0,0,0,--,0,0,0,0,0,0,0,0,0,0,0,0,0,0,0,0,0,0
"Cody Franson",20112012,TOR,D,57,0,0,0,--,0,0,0,0,0,0,0,0,0,0,0,0,0,0,0,0,0,0
"Cody Franson",20122013,TOR,D,45,0,0,0,--,0,0,0,0,0,0,0,0,0,0,0,0,0,0,0,0,0,0
"Cody Franson",20132014,TOR,D,79,0,0,0,--,0,0,0,0,0,0,0,0,0,0,0,0,0,0,0,0,0,0
"Cody Franson",20142015,"TOR,NSH",D,78,0,0,0,--,0,0,0,0,0,0,0,0,0,0,0,0,0,0,0,0,0,0
"Cody Franson",20152016,BUF,D,59,0,0,0,--,0,0,0,0,0,0,0,0,0,0,0,0,0,0,0,0,0,0
"Cody Franson",20162017,BUF,D,68,0,0,0,--,0,0,0,0,0,0,0,0,0,0,0,0,0,0,0,0,0,0
"Cody Franson",20172018,CHI,D,23,0,0,0,--,0,0,0,0,0,0,0,0,0,0,0,0,0,0,0,0,0,0
"Johan Franzen",20092010,DET,R,27,27,15,12,55.5,17,10,7,10,5,5,0,0,0,14,8,6,4,2,2,9,5,4
"Johan Franzen",20102011,DET,R,76,147,74,73,50.3,108,55,53,38,19,19,1,0,1,78,42,36,28,15,13,41,17,24
"Johan Franzen",20112012,DET,R,77,179,79,100,44.1,145,64,81,34,15,19,0,0,0,90,41,49,54,20,34,35,18,17
"Johan Franzen",20122013,DET,R,41,62,30,32,48.4,54,25,29,3,3,0,5,2,3,24,10,14,19,13,6,19,7,12
"Johan Franzen",20132014,DET,R,54,225,119,106,52.9,151,79,72,68,37,31,6,3,3,112,56,56,65,34,31,48,29,19
"Johan Franzen",20142015,DET,R,33,15,5,10,33.3,12,4,8,3,1,2,0,0,0,8,3,5,3,0,3,4,2,2
"Johan Franzen",20152016,DET,R,2,1,0,1,0,1,0,1,0,0,0,0,0,0,1,0,1,0,0,0,0,0,0
"Colin Fraser",20092010,CHI,C,70,445,217,228,48.8,407,196,211,6,1,5,32,20,12,138,71,67,161,67,94,145,79,66
"Colin Fraser",20102011,EDM,C,67,552,246,306,44.6,387,183,204,10,7,3,155,56,99,122,47,75,169,83,86,261,116,145
"Colin Fraser",20112012,LAK,C,67,370,175,195,47.3,335,162,173,9,3,6,26,10,16,114,55,59,124,57,67,132,63,69
"Colin Fraser",20122013,LAK,C,34,168,78,90,46.4,160,73,87,4,3,1,4,2,2,67,25,42,66,36,30,35,17,18
"Colin Fraser",20132014,LAK,C,33,173,87,86,50.3,162,80,82,6,5,1,5,2,3,60,29,31,68,36,32,45,22,23
"Colin Fraser",20142015,STL,C,1,0,0,0,--,0,0,0,0,0,0,0,0,0,0,0,0,0,0,0,0,0,0
"Mark Fraser",20092010,NJD,D,61,0,0,0,--,0,0,0,0,0,0,0,0,0,0,0,0,0,0,0,0,0,0
"Mark Fraser",20102011,NJD,D,26,0,0,0,--,0,0,0,0,0,0,0,0,0,0,0,0,0,0,0,0,0,0
"Mark Fraser",20112012,NJD,D,4,0,0,0,--,0,0,0,0,0,0,0,0,0,0,0,0,0,0,0,0,0,0
"Mark Fraser",20122013,TOR,D,45,0,0,0,--,0,0,0,0,0,0,0,0,0,0,0,0,0,0,0,0,0,0
"Mark Fraser",20132014,"TOR,EDM",D,42,0,0,0,--,0,0,0,0,0,0,0,0,0,0,0,0,0,0,0,0,0,0
"Mark Fraser",20142015,NJD,D,34,0,0,0,--,0,0,0,0,0,0,0,0,0,0,0,0,0,0,0,0,0,0
"Matt Fraser",20112012,DAL,R,1,0,0,0,--,0,0,0,0,0,0,0,0,0,0,0,0,0,0,0,0,0,0
"Matt Fraser",20122013,DAL,R,12,0,0,0,--,0,0,0,0,0,0,0,0,0,0,0,0,0,0,0,0,0,0
"Matt Fraser",20132014,BOS,R,14,2,1,1,50,2,1,1,0,0,0,0,0,0,1,0,1,1,1,0,0,0,0
"Matt Fraser",20142015,"BOS,EDM",R,60,7,3,4,42.9,6,2,4,1,1,0,0,0,0,4,2,2,2,0,2,1,1,0
"Matt Frattin",20102011,TOR,R,1,0,0,0,--,0,0,0,0,0,0,0,0,0,0,0,0,0,0,0,0,0,0
"Matt Frattin",20112012,TOR,R,56,8,2,6,25,8,2,6,0,0,0,0,0,0,5,1,4,0,0,0,3,1,2
"Matt Frattin",20122013,TOR,R,25,8,5,3,62.5,6,3,3,2,2,0,0,0,0,5,3,2,1,0,1,2,2,0
"Matt Frattin",20132014,"LAK,CBJ",R,44,4,2,2,50,4,2,2,0,0,0,0,0,0,2,0,2,1,1,0,1,1,0
"Matt Frattin",20142015,TOR,R,9,1,1,0,100,1,1,0,0,0,0,0,0,0,1,1,0,0,0,0,0,0,0
"Trent Frederic",20182019,BOS,C,15,81,41,40,50.6,77,38,39,4,3,1,0,0,0,19,9,10,33,15,18,29,17,12
"Kris Fredheim",20112012,MIN,D,3,0,0,0,--,0,0,0,0,0,0,0,0,0,0,0,0,0,0,0,0,0,0
"Max Friberg",20142015,ANA,R,1,0,0,0,--,0,0,0,0,0,0,0,0,0,0,0,0,0,0,0,0,0,0
"Max Friberg",20152016,ANA,R,5,0,0,0,--,0,0,0,0,0,0,0,0,0,0,0,0,0,0,0,0,0,0
"Mark Friedman",20182019,PHI,D,1,0,0,0,--,0,0,0,0,0,0,0,0,0,0,0,0,0,0,0,0,0,0
"Alex Friesen",20152016,VAN,C,1,1,0,1,0,1,0,1,0,0,0,0,0,0,1,0,1,0,0,0,0,0,0
"Trevor Frischmon",20092010,CBJ,C,3,6,4,2,66.7,6,4,2,0,0,0,0,0,0,2,1,1,4,3,1,0,0,0
"Tanner Fritz",20172018,NYI,C,34,108,47,61,43.5,102,45,57,0,0,0,6,2,4,38,16,22,33,12,21,37,19,18
"Tanner Fritz",20182019,NYI,C,8,41,17,24,41.5,41,17,24,0,0,0,0,0,0,10,5,5,14,5,9,17,7,10
"Martin Frk",20162017,CAR,R,2,0,0,0,--,0,0,0,0,0,0,0,0,0,0,0,0,0,0,0,0,0,0
"Martin Frk",20172018,DET,R,68,2,0,2,0,2,0,2,0,0,0,0,0,0,2,0,2,0,0,0,0,0,0
"Martin Frk",20182019,DET,R,30,0,0,0,--,0,0,0,0,0,0,0,0,0,0,0,0,0,0,0,0,0,0
"Byron Froese",20152016,TOR,C,56,642,310,332,48.3,471,228,243,6,2,4,165,80,85,105,52,53,186,85,101,351,173,178
"Byron Froese",20162017,"TOR,TBL",C,6,56,26,30,46.4,50,24,26,2,0,2,4,2,2,19,8,11,15,8,7,22,10,12
"Byron Froese",20172018,MTL,C,48,352,156,196,44.3,299,140,159,2,1,1,51,15,36,88,41,47,119,62,57,145,53,92
"Michael Frolik",20092010,FLA,R,82,35,13,22,37.1,22,9,13,7,4,3,6,0,6,15,7,8,14,4,10,6,2,4
"Michael Frolik",20102011,"FLA,CHI",R,80,119,48,71,40.3,110,45,65,9,3,6,0,0,0,41,18,23,55,21,34,23,9,14
"Michael Frolik",20112012,CHI,R,63,48,16,32,33.3,39,15,24,5,0,5,4,1,3,16,4,12,21,7,14,11,5,6
"Michael Frolik",20122013,CHI,R,45,40,15,25,37.5,30,12,18,2,0,2,8,3,5,11,2,9,16,8,8,13,5,8
"Michael Frolik",20132014,WPG,R,81,68,43,25,63.2,55,37,18,4,2,2,9,4,5,34,17,17,19,14,5,15,12,3
"Michael Frolik",20142015,WPG,R,82,41,14,27,34.1,29,12,17,8,1,7,4,1,3,22,9,13,13,2,11,6,3,3
"Michael Frolik",20152016,CGY,R,64,10,5,5,50,9,5,4,0,0,0,1,0,1,4,4,0,4,1,3,2,0,2
"Michael Frolik",20162017,CGY,R,82,29,13,16,44.8,19,8,11,4,2,2,6,3,3,11,6,5,7,1,6,11,6,5
"Michael Frolik",20172018,CGY,R,70,72,33,39,45.8,56,30,26,3,1,2,13,2,11,32,13,19,14,8,6,26,12,14
"Michael Frolik",20182019,CGY,R,65,38,13,25,34.2,36,12,24,0,0,0,2,1,1,18,5,13,7,4,3,13,4,9
"Alex Frolov",20092010,LAK,L,81,12,7,5,58.3,3,3,0,1,0,1,8,4,4,1,0,1,7,4,3,4,3,1
"Alex Frolov",20102011,NYR,L,43,7,1,6,14.3,5,0,5,2,1,1,0,0,0,2,0,2,3,1,2,2,0,2
"Marian Gaborik",20092010,NYR,R,76,7,2,5,28.6,4,1,3,1,0,1,2,1,1,4,0,4,0,0,0,3,2,1
"Marian Gaborik",20102011,NYR,R,62,0,0,0,--,0,0,0,0,0,0,0,0,0,0,0,0,0,0,0,0,0,0
"Marian Gaborik",20112012,NYR,R,82,2,0,2,0,2,0,2,0,0,0,0,0,0,0,0,0,0,0,0,2,0,2
"Marian Gaborik",20122013,"NYR,CBJ",R,47,3,1,2,33.3,3,1,2,0,0,0,0,0,0,2,0,2,0,0,0,1,1,0
"Marian Gaborik",20132014,"CBJ,LAK",R,41,2,0,2,0,0,0,0,1,0,1,1,0,1,2,0,2,0,0,0,0,0,0
"Marian Gaborik",20142015,LAK,R,69,1,1,0,100,1,1,0,0,0,0,0,0,0,1,1,0,0,0,0,0,0,0
"Marian Gaborik",20152016,LAK,R,54,3,1,2,33.3,1,0,1,2,1,1,0,0,0,2,1,1,1,0,1,0,0,0
"Marian Gaborik",20162017,LAK,R,56,1,0,1,0,1,0,1,0,0,0,0,0,0,1,0,1,0,0,0,0,0,0
"Marian Gaborik",20172018,"LAK,OTT",R,46,0,0,0,--,0,0,0,0,0,0,0,0,0,0,0,0,0,0,0,0,0,0
"Kurtis Gabriel",20152016,MIN,R,3,0,0,0,--,0,0,0,0,0,0,0,0,0,0,0,0,0,0,0,0,0,0
"Kurtis Gabriel",20162017,MIN,R,13,0,0,0,--,0,0,0,0,0,0,0,0,0,0,0,0,0,0,0,0,0,0
"Kurtis Gabriel",20182019,NJD,R,22,0,0,0,--,0,0,0,0,0,0,0,0,0,0,0,0,0,0,0,0,0,0
"Simon Gagne",20092010,PHI,L,58,4,1,3,25,4,1,3,0,0,0,0,0,0,2,0,2,1,0,1,1,1,0
"Simon Gagne",20102011,TBL,L,63,16,6,10,37.5,10,4,6,2,2,0,4,0,4,3,2,1,3,1,2,10,3,7
"Simon Gagne",20112012,LAK,L,34,7,2,5,28.6,6,1,5,0,0,0,1,1,0,3,1,2,3,1,2,1,0,1
"Simon Gagne",20122013,"LAK,PHI",L,38,2,2,0,100,1,1,0,0,0,0,1,1,0,0,0,0,1,1,0,1,1,0
"Simon Gagne",20142015,BOS,L,23,9,1,8,11.1,6,1,5,1,0,1,2,0,2,4,0,4,3,1,2,2,0,2
"Sam Gagner",20092010,EDM,C,68,709,336,373,47.4,589,277,312,119,58,61,1,1,0,229,113,116,280,119,161,200,103,97
"Sam Gagner",20102011,EDM,C,68,935,410,525,43.9,771,330,441,140,71,69,24,9,15,348,161,187,328,138,190,259,111,148
"Sam Gagner",20112012,EDM,C,75,701,334,367,47.6,613,294,319,84,38,46,4,2,2,268,133,135,258,117,141,175,84,91
"Sam Gagner",20122013,EDM,C,48,741,325,416,43.9,587,247,340,113,64,49,41,14,27,285,144,141,237,97,140,219,84,135
"Sam Gagner",20132014,EDM,C,67,963,451,512,46.8,819,375,444,128,72,56,16,4,12,402,208,194,324,136,188,237,107,130
"Sam Gagner",20142015,ARI,C,81,771,361,410,46.8,655,297,358,115,64,51,1,0,1,398,193,205,228,107,121,145,61,84
"Sam Gagner",20152016,PHI,C,53,97,34,63,35,84,29,55,13,5,8,0,0,0,38,16,22,28,9,19,31,9,22
"Sam Gagner",20162017,CBJ,C,81,425,202,223,47.5,317,147,170,108,55,53,0,0,0,252,122,130,90,37,53,83,43,40
"Sam Gagner",20172018,VAN,C,74,461,220,241,47.7,397,188,209,60,30,30,4,2,2,207,92,115,149,75,74,105,53,52
"Sam Gagner",20182019,"VAN,EDM",C,32,118,59,59,50,107,52,55,11,7,4,0,0,0,51,28,23,32,18,14,35,13,22
"Aaron Gagnon",20092010,DAL,C,2,11,8,3,72.7,10,7,3,0,0,0,1,1,0,7,5,2,2,1,1,2,2,0
"Aaron Gagnon",20102011,DAL,C,19,55,30,25,54.5,51,28,23,1,0,1,3,2,1,13,7,6,31,17,14,11,6,5
"Aaron Gagnon",20112012,WPG,C,7,40,18,22,45,39,18,21,0,0,0,1,0,1,11,7,4,18,7,11,11,4,7
"Aaron Gagnon",20122013,WPG,C,10,57,30,27,52.6,51,27,24,1,1,0,5,2,3,12,4,8,23,14,9,22,12,10
"Alex Galchenyuk",20122013,MTL,C,48,138,59,79,42.8,119,54,65,19,5,14,0,0,0,63,26,37,58,24,34,17,9,8
"Alex Galchenyuk",20132014,MTL,C,65,15,5,10,33.3,15,5,10,0,0,0,0,0,0,8,2,6,4,1,3,3,2,1
"Alex Galchenyuk",20142015,MTL,C,80,174,82,92,47.1,148,69,79,26,13,13,0,0,0,73,35,38,79,40,39,22,7,15
"Alex Galchenyuk",20152016,MTL,C,82,749,359,390,47.9,661,316,345,86,42,44,2,1,1,341,183,158,274,119,155,134,57,77
"Alex Galchenyuk",20162017,MTL,C,61,642,274,368,42.7,549,231,318,92,43,49,1,0,1,330,151,179,220,91,129,92,32,60
"Alex Galchenyuk",20172018,MTL,C,82,109,49,60,45,71,37,34,37,12,25,1,0,1,62,25,37,33,17,16,14,7,7
"Alex Galchenyuk",20182019,ARI,C,72,411,188,223,45.7,316,152,164,91,36,55,4,0,4,227,105,122,98,45,53,86,38,48
"TJ Galiardi",20092010,COL,L,70,327,165,162,50.5,205,100,105,31,17,14,91,48,43,100,47,53,105,54,51,120,63,57
"TJ Galiardi",20102011,COL,L,35,134,62,72,46.3,101,46,55,4,2,2,29,14,15,26,13,13,57,29,28,51,20,31
"TJ Galiardi",20112012,"COL,SJS",L,69,167,75,92,44.9,127,52,75,19,10,9,21,13,8,62,26,36,70,29,41,35,20,15
"TJ Galiardi",20122013,SJS,L,36,19,5,14,26.3,17,4,13,2,1,1,0,0,0,8,1,7,8,3,5,3,1,2
"TJ Galiardi",20132014,CGY,L,62,155,62,93,40,140,59,81,0,0,0,15,3,12,51,16,35,63,32,31,41,14,27
"TJ Galiardi",20142015,WPG,L,38,11,2,9,18.2,7,2,5,0,0,0,4,0,4,5,2,3,3,0,3,3,0,3
"Stanislav Galiev",20142015,WSH,R,2,0,0,0,--,0,0,0,0,0,0,0,0,0,0,0,0,0,0,0,0,0,0
"Stanislav Galiev",20152016,WSH,R,24,0,0,0,--,0,0,0,0,0,0,0,0,0,0,0,0,0,0,0,0,0,0
"Brendan Gallagher",20122013,MTL,R,44,25,8,17,32,20,7,13,4,1,3,1,0,1,17,5,12,8,3,5,0,0,0
"Brendan Gallagher",20132014,MTL,R,81,128,47,81,36.7,88,28,60,39,18,21,1,1,0,107,36,71,11,9,2,10,2,8
"Brendan Gallagher",20142015,MTL,R,82,99,43,56,43.4,78,32,46,20,10,10,1,1,0,71,31,40,13,6,7,15,6,9
"Brendan Gallagher",20152016,MTL,R,53,29,12,17,41.4,18,6,12,11,6,5,0,0,0,27,11,16,2,1,1,0,0,0
"Brendan Gallagher",20162017,MTL,R,64,74,30,44,40.5,54,21,33,20,9,11,0,0,0,60,25,35,12,3,9,2,2,0
"Brendan Gallagher",20172018,MTL,R,82,182,85,97,46.7,109,50,59,67,32,35,6,3,3,118,56,62,39,15,24,25,14,11
"Brendan Gallagher",20182019,MTL,R,82,51,23,28,45.1,31,15,16,20,8,12,0,0,0,34,14,20,13,8,5,4,1,3
"Brett Gallant",20132014,NYI,L,4,0,0,0,--,0,0,0,0,0,0,0,0,0,0,0,0,0,0,0,0,0,0
"Joseph Gambardella",20182019,EDM,C,15,4,3,1,75,4,3,1,0,0,0,0,0,0,2,2,0,0,0,0,2,1,1
"Dylan Gambrell",20172018,SJS,C,3,18,9,9,50,18,9,9,0,0,0,0,0,0,9,5,4,6,4,2,3,0,3
"Dylan Gambrell",20182019,SJS,C,8,39,20,19,51.3,36,18,18,0,0,0,3,2,1,9,5,4,15,7,8,15,8,7
"Ryan Garbutt",20112012,DAL,C,20,27,12,15,44.4,27,12,15,0,0,0,0,0,0,10,4,6,9,6,3,8,2,6
"Ryan Garbutt",20122013,DAL,C,36,17,7,10,41.2,15,7,8,1,0,1,1,0,1,5,3,2,4,2,2,8,2,6
"Ryan Garbutt",20132014,DAL,C,75,10,4,6,40,8,3,5,0,0,0,2,1,1,5,3,2,3,1,2,2,0,2
"Ryan Garbutt",20142015,DAL,C,67,25,16,9,64,21,14,7,1,0,1,3,2,1,11,7,4,8,7,1,6,2,4
"Ryan Garbutt",20152016,"CHI,ANA",C,80,8,1,7,12.5,8,1,7,0,0,0,0,0,0,5,0,5,2,1,1,1,0,1
"Ryan Garbutt",20162017,ANA,C,27,11,7,4,63.6,8,6,2,0,0,0,3,1,2,7,3,4,3,3,0,1,1,0
"Jake Gardiner",20112012,TOR,D,75,0,0,0,--,0,0,0,0,0,0,0,0,0,0,0,0,0,0,0,0,0,0
"Jake Gardiner",20122013,TOR,D,12,0,0,0,--,0,0,0,0,0,0,0,0,0,0,0,0,0,0,0,0,0,0
"Jake Gardiner",20132014,TOR,D,80,0,0,0,--,0,0,0,0,0,0,0,0,0,0,0,0,0,0,0,0,0,0
"Jake Gardiner",20142015,TOR,D,79,0,0,0,--,0,0,0,0,0,0,0,0,0,0,0,0,0,0,0,0,0,0
"Jake Gardiner",20152016,TOR,D,79,2,2,0,100,2,2,0,0,0,0,0,0,0,1,1,0,0,0,0,1,1,0
"Jake Gardiner",20162017,TOR,D,82,0,0,0,--,0,0,0,0,0,0,0,0,0,0,0,0,0,0,0,0,0,0
"Jake Gardiner",20172018,TOR,D,82,0,0,0,--,0,0,0,0,0,0,0,0,0,0,0,0,0,0,0,0,0,0
"Jake Gardiner",20182019,TOR,D,62,1,0,1,0,1,0,1,0,0,0,0,0,0,0,0,0,1,0,1,0,0,0
"Conor Garland",20182019,ARI,R,47,18,10,8,55.5,14,9,5,4,1,3,0,0,0,11,4,7,7,6,1,0,0,0
"Jason Garrison",20092010,FLA,D,39,0,0,0,--,0,0,0,0,0,0,0,0,0,0,0,0,0,0,0,0,0,0
"Jason Garrison",20102011,FLA,D,73,0,0,0,--,0,0,0,0,0,0,0,0,0,0,0,0,0,0,0,0,0,0
"Jason Garrison",20112012,FLA,D,77,2,1,1,50,0,0,0,2,1,1,0,0,0,2,1,1,0,0,0,0,0,0
"Jason Garrison",20122013,VAN,D,47,0,0,0,--,0,0,0,0,0,0,0,0,0,0,0,0,0,0,0,0,0,0
"Jason Garrison",20132014,VAN,D,81,0,0,0,--,0,0,0,0,0,0,0,0,0,0,0,0,0,0,0,0,0,0
"Jason Garrison",20142015,TBL,D,70,0,0,0,--,0,0,0,0,0,0,0,0,0,0,0,0,0,0,0,0,0,0
"Jason Garrison",20152016,TBL,D,72,0,0,0,--,0,0,0,0,0,0,0,0,0,0,0,0,0,0,0,0,0,0
"Jason Garrison",20162017,TBL,D,70,0,0,0,--,0,0,0,0,0,0,0,0,0,0,0,0,0,0,0,0,0,0
"Jason Garrison",20172018,VGK,D,8,0,0,0,--,0,0,0,0,0,0,0,0,0,0,0,0,0,0,0,0,0,0
"Jason Garrison",20182019,EDM,D,17,0,0,0,--,0,0,0,0,0,0,0,0,0,0,0,0,0,0,0,0,0,0
"Tyler Gaudet",20142015,ARI,C,2,17,9,8,52.9,17,9,8,0,0,0,0,0,0,2,1,1,10,6,4,5,2,3
"Tyler Gaudet",20152016,ARI,C,14,92,43,49,46.7,81,37,44,2,1,1,9,5,4,24,11,13,37,17,20,31,15,16
"Tyler Gaudet",20162017,ARI,C,4,35,14,21,40,28,12,16,0,0,0,7,2,5,5,2,3,10,7,3,20,5,15
"Adam Gaudette",20172018,VAN,C,5,16,6,10,37.5,15,6,9,1,0,1,0,0,0,7,4,3,8,2,6,1,0,1
"Adam Gaudette",20182019,VAN,C,56,371,150,221,40.4,345,137,208,25,12,13,1,1,0,143,57,86,163,72,91,65,21,44
"Frederick Gaudreau",20162017,NSH,C,9,12,4,8,33.3,12,4,8,0,0,0,0,0,0,6,2,4,3,1,2,3,1,2
"Frederick Gaudreau",20172018,NSH,C,20,139,69,70,49.6,137,69,68,0,0,0,2,0,2,45,20,25,56,28,28,38,21,17
"Frederick Gaudreau",20182019,NSH,C,55,323,156,167,48.3,320,155,165,3,1,2,0,0,0,101,45,56,143,72,71,79,39,40
"Johnny Gaudreau",20132014,CGY,L,1,0,0,0,--,0,0,0,0,0,0,0,0,0,0,0,0,0,0,0,0,0,0
"Johnny Gaudreau",20142015,CGY,L,80,8,3,5,37.5,7,3,4,1,0,1,0,0,0,7,3,4,1,0,1,0,0,0
"Johnny Gaudreau",20152016,CGY,L,79,5,2,3,40,3,2,1,2,0,2,0,0,0,3,0,3,2,2,0,0,0,0
"Johnny Gaudreau",20162017,CGY,L,72,0,0,0,--,0,0,0,0,0,0,0,0,0,0,0,0,0,0,0,0,0,0
"Johnny Gaudreau",20172018,CGY,L,80,5,1,4,20,3,1,2,2,0,2,0,0,0,3,0,3,1,0,1,1,1,0
"Johnny Gaudreau",20182019,CGY,L,82,3,1,2,33.3,2,0,2,1,1,0,0,0,0,2,1,1,0,0,0,1,0,1
"Brendan Gaunce",20152016,VAN,C,20,107,49,58,45.8,92,40,52,2,0,2,13,9,4,24,11,13,36,18,18,47,20,27
"Brendan Gaunce",20162017,VAN,C,57,164,84,80,51.2,156,77,79,3,3,0,5,4,1,45,24,21,63,31,32,56,29,27
"Brendan Gaunce",20172018,VAN,C,37,84,38,46,45.2,57,25,32,0,0,0,27,13,14,9,1,8,19,7,12,56,30,26
"Brendan Gaunce",20182019,VAN,C,3,13,8,5,61.5,13,8,5,0,0,0,0,0,0,6,5,1,4,2,2,3,1,2
"Cameron Gaunce",20102011,COL,D,11,0,0,0,--,0,0,0,0,0,0,0,0,0,0,0,0,0,0,0,0,0,0
"Cameron Gaunce",20132014,DAL,D,9,0,0,0,--,0,0,0,0,0,0,0,0,0,0,0,0,0,0,0,0,0,0
"Cameron Gaunce",20162017,PIT,D,12,0,0,0,--,0,0,0,0,0,0,0,0,0,0,0,0,0,0,0,0,0,0
"Cameron Gaunce",20182019,TBL,D,2,0,0,0,--,0,0,0,0,0,0,0,0,0,0,0,0,0,0,0,0,0,0
"Paul Gaustad",20092010,BUF,C,65,"1,043",599,444,57.4,698,396,302,147,91,56,198,112,86,293,163,130,297,174,123,448,259,189
"Paul Gaustad",20102011,BUF,C,81,"1,158",692,466,59.8,822,487,335,73,48,25,263,157,106,279,158,121,351,217,134,528,317,211
"Paul Gaustad",20112012,"BUF,NSH",C,70,"1,150",659,491,57.3,881,509,372,16,8,8,253,142,111,205,111,94,364,208,156,581,340,241
"Paul Gaustad",20122013,NSH,C,23,449,268,181,59.7,354,212,142,15,10,5,80,46,34,76,44,32,88,57,31,285,167,118
"Paul Gaustad",20132014,NSH,C,75,"1,200",696,504,58,948,560,388,14,9,5,238,127,111,189,97,92,316,195,121,695,404,291
"Paul Gaustad",20142015,NSH,C,73,"1,097",619,478,56.4,840,485,355,17,7,10,240,127,113,79,46,33,274,159,115,744,414,330
"Paul Gaustad",20152016,NSH,C,63,772,427,345,55.3,626,348,278,16,11,5,130,68,62,52,31,21,205,121,84,515,275,240
"Frederik Gauthier",20152016,TOR,C,7,110,52,58,47.3,80,37,43,3,1,2,27,14,13,26,8,18,28,15,13,56,29,27
"Frederik Gauthier",20162017,TOR,C,21,235,120,115,51.1,155,84,71,6,3,3,74,33,41,30,17,13,69,27,42,136,76,60
"Frederik Gauthier",20172018,TOR,C,9,55,27,28,49.1,45,22,23,2,1,1,8,4,4,9,4,5,22,9,13,24,14,10
"Frederik Gauthier",20182019,TOR,C,70,447,240,207,53.7,421,225,196,8,4,4,18,11,7,56,31,25,212,108,104,179,101,78
"Luke Gazdic",20132014,EDM,L,67,3,3,0,100,3,3,0,0,0,0,0,0,0,0,0,0,1,1,0,2,2,0
"Luke Gazdic",20142015,EDM,L,40,0,0,0,--,0,0,0,0,0,0,0,0,0,0,0,0,0,0,0,0,0,0
"Luke Gazdic",20152016,EDM,L,29,1,0,1,0,1,0,1,0,0,0,0,0,0,0,0,0,1,0,1,0,0,0
"Luke Gazdic",20162017,NJD,L,11,0,0,0,--,0,0,0,0,0,0,0,0,0,0,0,0,0,0,0,0,0,0
"Eric Gelinas",20122013,NJD,D,1,0,0,0,--,0,0,0,0,0,0,0,0,0,0,0,0,0,0,0,0,0,0
"Eric Gelinas",20132014,NJD,D,60,0,0,0,--,0,0,0,0,0,0,0,0,0,0,0,0,0,0,0,0,0,0
"Eric Gelinas",20142015,NJD,D,61,0,0,0,--,0,0,0,0,0,0,0,0,0,0,0,0,0,0,0,0,0,0
"Eric Gelinas",20152016,"NJD,COL",D,40,0,0,0,--,0,0,0,0,0,0,0,0,0,0,0,0,0,0,0,0,0,0
"Eric Gelinas",20162017,COL,D,27,1,0,1,0,1,0,1,0,0,0,0,0,0,0,0,0,1,0,1,0,0,0
"Chay Genoway",20112012,MIN,D,1,0,0,0,--,0,0,0,0,0,0,0,0,0,0,0,0,0,0,0,0,0,0
"Blake Geoffrion",20102011,NSH,C,20,99,46,53,46.5,97,45,52,0,0,0,2,1,1,43,20,23,34,13,21,22,13,9
"Blake Geoffrion",20112012,"NSH,MTL",C,35,145,68,77,46.9,125,57,68,4,3,1,16,8,8,31,13,18,47,23,24,67,32,35
"Nathan Gerbe",20092010,BUF,C,10,3,1,2,33.3,1,1,0,1,0,1,1,0,1,0,0,0,1,0,1,2,1,1
"Nathan Gerbe",20102011,BUF,C,64,17,4,13,23.5,16,4,12,1,0,1,0,0,0,8,1,7,4,2,2,5,1,4
"Nathan Gerbe",20112012,BUF,C,62,19,7,12,36.8,16,7,9,0,0,0,3,0,3,7,1,6,5,2,3,7,4,3
"Nathan Gerbe",20122013,BUF,C,42,1,0,1,0,1,0,1,0,0,0,0,0,0,0,0,0,0,0,0,1,0,1
"Nathan Gerbe",20132014,CAR,C,81,6,2,4,33.3,3,2,1,0,0,0,3,0,3,3,0,3,1,1,0,2,1,1
"Nathan Gerbe",20142015,CAR,C,78,15,9,6,60,12,6,6,1,1,0,2,2,0,6,4,2,6,3,3,3,2,1
"Nathan Gerbe",20152016,CAR,C,47,5,2,3,40,4,2,2,1,0,1,0,0,0,2,0,2,2,1,1,1,1,0
"Nathan Gerbe",20172018,CBJ,C,2,0,0,0,--,0,0,0,0,0,0,0,0,0,0,0,0,0,0,0,0,0,0
"Shane Gersich",20172018,WSH,L,3,0,0,0,--,0,0,0,0,0,0,0,0,0,0,0,0,0,0,0,0,0,0
"Bruno Gervais",20092010,NYI,D,71,0,0,0,--,0,0,0,0,0,0,0,0,0,0,0,0,0,0,0,0,0,0
"Bruno Gervais",20102011,NYI,D,53,0,0,0,--,0,0,0,0,0,0,0,0,0,0,0,0,0,0,0,0,0,0
"Bruno Gervais",20112012,TBL,D,50,0,0,0,--,0,0,0,0,0,0,0,0,0,0,0,0,0,0,0,0,0,0
"Bruno Gervais",20122013,PHI,D,37,0,0,0,--,0,0,0,0,0,0,0,0,0,0,0,0,0,0,0,0,0,0
"Tim Gettinger",20182019,NYR,L,4,0,0,0,--,0,0,0,0,0,0,0,0,0,0,0,0,0,0,0,0,0,0
"Ryan Getzlaf",20092010,ANA,C,66,"1,124",533,591,47.4,878,417,461,213,100,113,33,16,17,425,183,242,414,218,196,285,134,151
"Ryan Getzlaf",20102011,ANA,C,67,"1,183",542,641,45.8,946,428,518,201,101,100,36,13,23,413,179,234,446,217,229,324,146,178
"Ryan Getzlaf",20112012,ANA,C,82,"1,354",639,715,47.2,"1,099",517,582,152,82,70,103,40,63,437,190,247,465,233,232,452,216,236
"Ryan Getzlaf",20122013,ANA,C,44,739,355,384,48,614,294,320,67,35,32,58,26,32,243,100,143,231,119,112,265,136,129
"Ryan Getzlaf",20132014,ANA,C,77,"1,411",692,719,49,"1,101",544,557,92,53,39,218,95,123,398,179,219,459,234,225,554,279,275
"Ryan Getzlaf",20142015,ANA,C,77,"1,249",632,617,50.6,"1,070",541,529,117,56,61,62,35,27,457,213,244,404,203,201,388,216,172
"Ryan Getzlaf",20152016,ANA,C,77,"1,219",602,617,49.4,943,452,491,220,125,95,56,25,31,519,266,253,362,165,197,338,171,167
"Ryan Getzlaf",20162017,ANA,C,74,"1,012",509,503,50.3,902,451,451,57,35,22,53,23,30,363,179,184,348,181,167,301,149,152
"Ryan Getzlaf",20172018,ANA,C,56,849,406,443,47.8,737,347,390,66,38,28,46,21,25,293,129,164,297,146,151,259,131,128
"Ryan Getzlaf",20182019,ANA,C,67,"1,014",551,463,54.3,890,485,405,74,45,29,50,21,29,321,165,156,355,212,143,338,174,164
"Brian Gibbons",20132014,PIT,C,41,22,9,13,40.9,19,8,11,1,1,0,2,0,2,5,4,1,16,5,11,1,0,1
"Brian Gibbons",20142015,CBJ,C,25,9,4,5,44.4,8,4,4,0,0,0,1,0,1,3,1,2,5,2,3,1,1,0
"Brian Gibbons",20172018,NJD,C,59,51,22,29,43.1,34,16,18,0,0,0,17,6,11,16,8,8,13,6,7,22,8,14
"Brian Gibbons",20182019,"ANA,OTT",C,64,38,13,25,34.2,35,13,22,1,0,1,2,0,2,18,6,12,13,6,7,7,1,6
"Brandon Gignac",20182019,NJD,C,1,0,0,0,--,0,0,0,0,0,0,0,0,0,0,0,0,0,0,0,0,0,0
"Dennis Gilbert",20182019,CHI,D,1,0,0,0,--,0,0,0,0,0,0,0,0,0,0,0,0,0,0,0,0,0,0
"Tom Gilbert",20092010,EDM,D,82,0,0,0,--,0,0,0,0,0,0,0,0,0,0,0,0,0,0,0,0,0,0
"Tom Gilbert",20102011,EDM,D,79,0,0,0,--,0,0,0,0,0,0,0,0,0,0,0,0,0,0,0,0,0,0
"Tom Gilbert",20112012,"EDM,MIN",D,67,0,0,0,--,0,0,0,0,0,0,0,0,0,0,0,0,0,0,0,0,0,0
"Tom Gilbert",20122013,MIN,D,43,0,0,0,--,0,0,0,0,0,0,0,0,0,0,0,0,0,0,0,0,0,0
"Tom Gilbert",20132014,FLA,D,73,0,0,0,--,0,0,0,0,0,0,0,0,0,0,0,0,0,0,0,0,0,0
"Tom Gilbert",20142015,MTL,D,72,0,0,0,--,0,0,0,0,0,0,0,0,0,0,0,0,0,0,0,0,0,0
"Tom Gilbert",20152016,MTL,D,45,0,0,0,--,0,0,0,0,0,0,0,0,0,0,0,0,0,0,0,0,0,0
"Tom Gilbert",20162017,LAK,D,18,0,0,0,--,0,0,0,0,0,0,0,0,0,0,0,0,0,0,0,0,0,0
"Hal Gill",20092010,MTL,D,68,1,0,1,0,1,0,1,0,0,0,0,0,0,0,0,0,0,0,0,1,0,1
"Hal Gill",20102011,MTL,D,75,0,0,0,--,0,0,0,0,0,0,0,0,0,0,0,0,0,0,0,0,0,0
"Hal Gill",20112012,"MTL,NSH",D,76,0,0,0,--,0,0,0,0,0,0,0,0,0,0,0,0,0,0,0,0,0,0
"Hal Gill",20122013,NSH,D,32,0,0,0,--,0,0,0,0,0,0,0,0,0,0,0,0,0,0,0,0,0,0
"Hal Gill",20132014,PHI,D,6,0,0,0,--,0,0,0,0,0,0,0,0,0,0,0,0,0,0,0,0,0,0
"Colton Gillies",20102011,MIN,C,7,2,1,1,50,2,1,1,0,0,0,0,0,0,1,0,1,1,1,0,0,0,0
"Colton Gillies",20112012,"MIN,CBJ",C,75,17,7,10,41.2,14,6,8,1,0,1,2,1,1,5,2,3,6,1,5,6,4,2
"Colton Gillies",20122013,CBJ,C,27,2,0,2,0,2,0,2,0,0,0,0,0,0,0,0,0,0,0,0,2,0,2
"Trevor Gillies",20092010,NYI,L,14,0,0,0,--,0,0,0,0,0,0,0,0,0,0,0,0,0,0,0,0,0,0
"Trevor Gillies",20102011,NYI,L,39,1,0,1,0,1,0,1,0,0,0,0,0,0,0,0,0,1,0,1,0,0,0
"Trevor Gillies",20112012,NYI,L,3,0,0,0,--,0,0,0,0,0,0,0,0,0,0,0,0,0,0,0,0,0,0
"John Gilmour",20172018,NYR,D,28,0,0,0,--,0,0,0,0,0,0,0,0,0,0,0,0,0,0,0,0,0,0
"John Gilmour",20182019,NYR,D,5,0,0,0,--,0,0,0,0,0,0,0,0,0,0,0,0,0,0,0,0,0,0
"Matt Gilroy",20092010,NYR,D,69,1,1,0,100,1,1,0,0,0,0,0,0,0,0,0,0,0,0,0,1,1,0
"Matt Gilroy",20102011,NYR,D,58,0,0,0,--,0,0,0,0,0,0,0,0,0,0,0,0,0,0,0,0,0,0
"Matt Gilroy",20112012,"TBL,OTT",D,67,0,0,0,--,0,0,0,0,0,0,0,0,0,0,0,0,0,0,0,0,0,0
"Matt Gilroy",20122013,NYR,D,15,0,0,0,--,0,0,0,0,0,0,0,0,0,0,0,0,0,0,0,0,0,0
"Matt Gilroy",20132014,FLA,D,16,0,0,0,--,0,0,0,0,0,0,0,0,0,0,0,0,0,0,0,0,0,0
"Brian Gionta",20092010,MTL,R,61,13,7,6,53.9,7,4,3,2,1,1,4,2,2,4,3,1,5,1,4,4,3,1
"Brian Gionta",20102011,MTL,R,82,59,19,40,32.2,38,13,25,6,2,4,15,4,11,17,7,10,11,4,7,31,8,23
"Brian Gionta",20112012,MTL,R,31,33,14,19,42.4,14,7,7,10,6,4,9,1,8,14,7,7,7,2,5,12,5,7
"Brian Gionta",20122013,MTL,R,48,42,14,28,33.3,27,7,20,12,6,6,3,1,2,22,9,13,9,3,6,11,2,9
"Brian Gionta",20132014,MTL,R,81,60,23,37,38.3,40,15,25,12,4,8,8,4,4,35,14,21,9,2,7,16,7,9
"Brian Gionta",20142015,BUF,R,69,169,69,100,40.8,66,27,39,34,18,16,69,24,45,63,30,33,17,6,11,89,33,56
"Brian Gionta",20152016,BUF,R,79,120,54,66,45,58,23,35,44,23,21,18,8,10,63,31,32,31,10,21,26,13,13
"Brian Gionta",20162017,BUF,R,82,106,46,60,43.4,58,19,39,36,23,13,12,4,8,61,29,32,20,8,12,25,9,16
"Brian Gionta",20172018,BOS,R,20,13,6,7,46.1,10,4,6,3,2,1,0,0,0,10,5,5,3,1,2,0,0,0
"Stephen Gionta",20102011,NJD,C,12,0,0,0,--,0,0,0,0,0,0,0,0,0,0,0,0,0,0,0,0,0,0
"Stephen Gionta",20112012,NJD,C,1,8,5,3,62.5,8,5,3,0,0,0,0,0,0,1,1,0,4,3,1,3,1,2
"Stephen Gionta",20122013,NJD,C,48,390,137,253,35.1,337,121,216,3,2,1,50,14,36,90,25,65,196,70,126,104,42,62
"Stephen Gionta",20132014,NJD,C,66,581,238,343,41,526,214,312,2,1,1,53,23,30,121,42,79,267,119,148,193,77,116
"Stephen Gionta",20142015,NJD,C,61,394,159,235,40.4,306,123,183,6,4,2,82,32,50,77,26,51,125,54,71,192,79,113
"Stephen Gionta",20152016,NJD,C,82,691,291,400,42.1,617,255,362,13,8,5,61,28,33,161,66,95,280,123,157,250,102,148
"Stephen Gionta",20162017,NYI,C,26,120,56,64,46.7,88,43,45,2,1,1,30,12,18,25,12,13,42,22,20,53,22,31
"Stephen Gionta",20182019,NYI,C,5,37,20,17,54,33,17,16,0,0,0,4,3,1,9,5,4,15,6,9,13,9,4
"Mark Giordano",20092010,CGY,D,82,0,0,0,--,0,0,0,0,0,0,0,0,0,0,0,0,0,0,0,0,0,0
"Mark Giordano",20102011,CGY,D,82,0,0,0,--,0,0,0,0,0,0,0,0,0,0,0,0,0,0,0,0,0,0
"Mark Giordano",20112012,CGY,D,61,0,0,0,--,0,0,0,0,0,0,0,0,0,0,0,0,0,0,0,0,0,0
"Mark Giordano",20122013,CGY,D,47,0,0,0,--,0,0,0,0,0,0,0,0,0,0,0,0,0,0,0,0,0,0
"Mark Giordano",20132014,CGY,D,64,0,0,0,--,0,0,0,0,0,0,0,0,0,0,0,0,0,0,0,0,0,0
"Mark Giordano",20142015,CGY,D,61,0,0,0,--,0,0,0,0,0,0,0,0,0,0,0,0,0,0,0,0,0,0
"Mark Giordano",20152016,CGY,D,82,0,0,0,--,0,0,0,0,0,0,0,0,0,0,0,0,0,0,0,0,0,0
"Mark Giordano",20162017,CGY,D,81,0,0,0,--,0,0,0,0,0,0,0,0,0,0,0,0,0,0,0,0,0,0
"Mark Giordano",20172018,CGY,D,82,0,0,0,--,0,0,0,0,0,0,0,0,0,0,0,0,0,0,0,0,0,0
"Mark Giordano",20182019,CGY,D,78,0,0,0,--,0,0,0,0,0,0,0,0,0,0,0,0,0,0,0,0,0,0
"Samuel Girard",20172018,"NSH,COL",D,73,0,0,0,--,0,0,0,0,0,0,0,0,0,0,0,0,0,0,0,0,0,0
"Samuel Girard",20182019,COL,D,82,1,1,0,100,1,1,0,0,0,0,0,0,0,0,0,0,1,1,0,0,0,0
"Dan Girardi",20092010,NYR,D,82,0,0,0,--,0,0,0,0,0,0,0,0,0,0,0,0,0,0,0,0,0,0
"Dan Girardi",20102011,NYR,D,80,0,0,0,--,0,0,0,0,0,0,0,0,0,0,0,0,0,0,0,0,0,0
"Dan Girardi",20112012,NYR,D,82,0,0,0,--,0,0,0,0,0,0,0,0,0,0,0,0,0,0,0,0,0,0
"Dan Girardi",20122013,NYR,D,46,0,0,0,--,0,0,0,0,0,0,0,0,0,0,0,0,0,0,0,0,0,0
"Dan Girardi",20132014,NYR,D,81,0,0,0,--,0,0,0,0,0,0,0,0,0,0,0,0,0,0,0,0,0,0
"Dan Girardi",20142015,NYR,D,82,0,0,0,--,0,0,0,0,0,0,0,0,0,0,0,0,0,0,0,0,0,0
"Dan Girardi",20152016,NYR,D,74,0,0,0,--,0,0,0,0,0,0,0,0,0,0,0,0,0,0,0,0,0,0
"Dan Girardi",20162017,NYR,D,63,0,0,0,--,0,0,0,0,0,0,0,0,0,0,0,0,0,0,0,0,0,0
"Dan Girardi",20172018,TBL,D,77,1,0,1,0,1,0,1,0,0,0,0,0,0,0,0,0,0,0,0,1,0,1
"Dan Girardi",20182019,TBL,D,62,0,0,0,--,0,0,0,0,0,0,0,0,0,0,0,0,0,0,0,0,0,0
"Zemgus Girgensons",20132014,BUF,C,70,240,100,140,41.7,182,78,104,8,5,3,50,17,33,60,26,34,87,39,48,93,35,58
"Zemgus Girgensons",20142015,BUF,C,61,"1,000",440,560,44,774,341,433,115,53,62,111,46,65,283,119,164,316,146,170,401,175,226
"Zemgus Girgensons",20152016,BUF,C,71,335,153,182,45.7,303,142,161,5,3,2,27,8,19,107,49,58,117,63,54,111,41,70
"Zemgus Girgensons",20162017,BUF,C,75,579,273,306,47.1,560,267,293,7,2,5,12,4,8,177,78,99,233,113,120,169,82,87
"Zemgus Girgensons",20172018,BUF,C,71,63,23,40,36.5,56,22,34,1,1,0,6,0,6,34,13,21,17,5,12,12,5,7
"Zemgus Girgensons",20182019,BUF,C,72,69,28,41,40.6,39,13,26,1,0,1,29,15,14,9,3,6,19,8,11,41,17,24
"Alexandre Giroux",20092010,WSH,L,9,0,0,0,--,0,0,0,0,0,0,0,0,0,0,0,0,0,0,0,0,0,0
"Alexandre Giroux",20102011,EDM,L,8,2,0,2,0,1,0,1,1,0,1,0,0,0,0,0,0,0,0,0,2,0,2
"Alexandre Giroux",20112012,CBJ,L,9,1,1,0,100,1,1,0,0,0,0,0,0,0,1,1,0,0,0,0,0,0,0
"Claude Giroux",20092010,PHI,C,82,600,297,303,49.5,451,222,229,125,66,59,24,9,15,267,123,144,191,105,86,140,68,72
"Claude Giroux",20102011,PHI,C,82,"1,095",548,547,50,845,425,420,187,96,91,63,27,36,425,210,215,360,178,182,310,160,150
"Claude Giroux",20112012,PHI,C,77,"1,543",828,715,53.7,"1,044",540,504,316,191,125,183,97,86,616,343,273,454,232,222,473,253,220
"Claude Giroux",20122013,PHI,C,48,"1,182",644,538,54.5,815,436,379,225,129,96,142,79,63,427,224,203,350,186,164,405,234,171
"Claude Giroux",20132014,PHI,C,82,"1,760",931,829,52.9,"1,287",675,612,356,195,161,117,61,56,792,417,375,486,238,248,482,276,206
"Claude Giroux",20142015,PHI,C,81,"1,878","1,063",815,56.6,"1,417",791,626,324,192,132,137,80,57,800,447,353,466,237,229,612,379,233
"Claude Giroux",20152016,PHI,C,78,"1,881","1,081",800,57.5,"1,313",733,580,387,239,148,181,109,72,760,423,337,519,270,249,602,388,214
"Claude Giroux",20162017,PHI,C,82,"1,748",977,771,55.9,"1,306",726,580,387,221,166,55,30,25,795,459,336,533,268,265,420,250,170
"Claude Giroux",20172018,PHI,C,82,"1,088",638,450,58.6,715,422,293,289,171,118,84,45,39,486,283,203,262,159,103,340,196,144
"Claude Giroux",20182019,PHI,C,82,"1,164",674,490,57.9,786,443,343,248,159,89,130,72,58,507,286,221,263,152,111,394,236,158
"Tanner Glass",20092010,VAN,L,67,18,3,15,16.7,13,2,11,0,0,0,5,1,4,7,0,7,7,2,5,4,1,3
"Tanner Glass",20102011,VAN,L,73,62,25,37,40.3,49,19,30,1,0,1,12,6,6,16,5,11,34,15,19,12,5,7
"Tanner Glass",20112012,WPG,L,78,73,29,44,39.7,49,18,31,0,0,0,24,11,13,16,3,13,14,8,6,43,18,25
"Tanner Glass",20122013,PIT,L,48,51,22,29,43.1,23,13,10,0,0,0,28,9,19,13,5,8,14,6,8,24,11,13
"Tanner Glass",20132014,PIT,L,67,19,9,10,47.4,8,3,5,0,0,0,11,6,5,4,3,1,10,4,6,5,2,3
"Tanner Glass",20142015,NYR,L,66,21,7,14,33.3,12,1,11,0,0,0,9,6,3,4,1,3,12,5,7,5,1,4
"Tanner Glass",20152016,NYR,L,57,20,6,14,30,18,6,12,0,0,0,2,0,2,11,4,7,6,0,6,3,2,1
"Tanner Glass",20162017,NYR,L,11,2,2,0,100,2,2,0,0,0,0,0,0,0,0,0,0,1,1,0,1,1,0
"Tanner Glass",20172018,CGY,L,16,6,2,4,33.3,5,2,3,0,0,0,1,0,1,3,0,3,2,2,0,1,0,1
"Ben Gleason",20182019,DAL,D,4,0,0,0,--,0,0,0,0,0,0,0,0,0,0,0,0,0,0,0,0,0,0
"Tim Gleason",20092010,CAR,D,61,0,0,0,--,0,0,0,0,0,0,0,0,0,0,0,0,0,0,0,0,0,0
"Tim Gleason",20102011,CAR,D,82,0,0,0,--,0,0,0,0,0,0,0,0,0,0,0,0,0,0,0,0,0,0
"Tim Gleason",20112012,CAR,D,82,0,0,0,--,0,0,0,0,0,0,0,0,0,0,0,0,0,0,0,0,0,0
"Tim Gleason",20122013,CAR,D,42,0,0,0,--,0,0,0,0,0,0,0,0,0,0,0,0,0,0,0,0,0,0
"Tim Gleason",20132014,"CAR,TOR",D,56,0,0,0,--,0,0,0,0,0,0,0,0,0,0,0,0,0,0,0,0,0,0
"Tim Gleason",20142015,"CAR,WSH",D,72,0,0,0,--,0,0,0,0,0,0,0,0,0,0,0,0,0,0,0,0,0,0
"Curtis Glencross",20092010,CGY,L,67,24,9,15,37.5,12,3,9,2,1,1,10,5,5,8,3,5,5,3,2,11,3,8
"Curtis Glencross",20102011,CGY,L,79,141,57,84,40.4,81,34,47,12,5,7,48,18,30,40,20,20,44,16,28,57,21,36
"Curtis Glencross",20112012,CGY,L,67,82,41,41,50,29,18,11,14,7,7,39,16,23,25,12,13,20,14,6,37,15,22
"Curtis Glencross",20122013,CGY,L,40,46,20,26,43.5,30,16,14,12,4,8,4,0,4,22,10,12,8,3,5,16,7,9
"Curtis Glencross",20132014,CGY,L,38,41,14,27,34.1,14,3,11,24,10,14,3,1,2,24,9,15,9,3,6,8,2,6
"Curtis Glencross",20142015,"CGY,WSH",L,71,18,8,10,44.4,14,6,8,4,2,2,0,0,0,11,5,6,1,0,1,6,3,3
"Luke Glendening",20132014,DET,C,56,678,329,349,48.5,507,254,253,7,3,4,164,72,92,153,79,74,242,119,123,283,131,152
"Luke Glendening",20142015,DET,C,82,962,499,463,51.9,686,382,304,17,10,7,259,107,152,138,72,66,323,183,140,501,244,257
"Luke Glendening",20152016,DET,C,81,"1,125",614,511,54.6,791,458,333,12,6,6,322,150,172,148,87,61,311,172,139,666,355,311
"Luke Glendening",20162017,DET,C,74,568,307,261,54,414,231,183,8,5,3,146,71,75,100,55,45,128,70,58,340,182,158
"Luke Glendening",20172018,DET,C,69,679,394,285,58,518,307,211,12,6,6,149,81,68,145,78,67,136,85,51,398,231,167
"Luke Glendening",20182019,DET,C,78,"1,182",658,524,55.7,985,556,429,24,15,9,173,87,86,261,144,117,321,176,145,600,338,262
"Scott Glennie",20112012,DAL,R,1,0,0,0,--,0,0,0,0,0,0,0,0,0,0,0,0,0,0,0,0,0,0
"Marcel Goc",20092010,NSH,C,73,912,475,437,52.1,778,405,373,19,13,6,115,57,58,228,105,123,290,149,141,392,220,172
"Marcel Goc",20102011,NSH,C,51,693,346,347,49.9,605,304,301,51,26,25,37,16,21,209,103,106,282,137,145,202,106,96
"Marcel Goc",20112012,FLA,C,57,978,505,473,51.6,753,393,360,61,41,20,164,71,93,225,123,102,346,177,169,407,205,202
"Marcel Goc",20122013,FLA,C,42,786,410,376,52.2,607,315,292,67,41,26,112,54,58,259,139,120,251,125,126,276,146,130
"Marcel Goc",20132014,"FLA,PIT",C,74,"1,233",658,575,53.4,899,498,401,83,44,39,251,116,135,297,150,147,360,198,162,576,310,266
"Marcel Goc",20142015,"PIT,STL",C,74,685,372,313,54.3,513,279,234,20,14,6,152,79,73,150,92,58,235,119,116,300,161,139
"Eric Godard",20092010,PIT,R,45,1,1,0,100,1,1,0,0,0,0,0,0,0,0,0,0,0,0,0,1,1,0
"Eric Godard",20102011,PIT,R,19,0,0,0,--,0,0,0,0,0,0,0,0,0,0,0,0,0,0,0,0,0,0
"Steven Goertzen",20092010,CAR,R,6,0,0,0,--,0,0,0,0,0,0,0,0,0,0,0,0,0,0,0,0,0,0
"Nikolay Goldobin",20152016,SJS,R,9,0,0,0,--,0,0,0,0,0,0,0,0,0,0,0,0,0,0,0,0,0,0
"Nikolay Goldobin",20162017,"SJS,VAN",R,14,0,0,0,--,0,0,0,0,0,0,0,0,0,0,0,0,0,0,0,0,0,0
"Nikolay Goldobin",20172018,VAN,R,38,2,1,1,50,2,1,1,0,0,0,0,0,0,1,1,0,0,0,0,1,0,1
"Nikolay Goldobin",20182019,VAN,R,63,0,0,0,--,0,0,0,0,0,0,0,0,0,0,0,0,0,0,0,0,0,0
"Alex Goligoski",20092010,PIT,D,69,0,0,0,--,0,0,0,0,0,0,0,0,0,0,0,0,0,0,0,0,0,0
"Alex Goligoski",20102011,"PIT,DAL",D,83,0,0,0,--,0,0,0,0,0,0,0,0,0,0,0,0,0,0,0,0,0,0
"Alex Goligoski",20112012,DAL,D,71,0,0,0,--,0,0,0,0,0,0,0,0,0,0,0,0,0,0,0,0,0,0
"Alex Goligoski",20122013,DAL,D,47,0,0,0,--,0,0,0,0,0,0,0,0,0,0,0,0,0,0,0,0,0,0
"Alex Goligoski",20132014,DAL,D,81,1,0,1,0,1,0,1,0,0,0,0,0,0,0,0,0,0,0,0,1,0,1
"Alex Goligoski",20142015,DAL,D,81,0,0,0,--,0,0,0,0,0,0,0,0,0,0,0,0,0,0,0,0,0,0
"Alex Goligoski",20152016,DAL,D,82,0,0,0,--,0,0,0,0,0,0,0,0,0,0,0,0,0,0,0,0,0,0
"Alex Goligoski",20162017,ARI,D,82,0,0,0,--,0,0,0,0,0,0,0,0,0,0,0,0,0,0,0,0,0,0
"Alex Goligoski",20172018,ARI,D,78,0,0,0,--,0,0,0,0,0,0,0,0,0,0,0,0,0,0,0,0,0,0
"Alex Goligoski",20182019,ARI,D,76,1,1,0,100,1,1,0,0,0,0,0,0,0,1,1,0,0,0,0,0,0,0
"Cody Goloubef",20112012,CBJ,D,1,0,0,0,--,0,0,0,0,0,0,0,0,0,0,0,0,0,0,0,0,0,0
"Cody Goloubef",20122013,CBJ,D,11,0,0,0,--,0,0,0,0,0,0,0,0,0,0,0,0,0,0,0,0,0,0
"Cody Goloubef",20132014,CBJ,D,5,0,0,0,--,0,0,0,0,0,0,0,0,0,0,0,0,0,0,0,0,0,0
"Cody Goloubef",20142015,CBJ,D,36,0,0,0,--,0,0,0,0,0,0,0,0,0,0,0,0,0,0,0,0,0,0
"Cody Goloubef",20152016,CBJ,D,43,0,0,0,--,0,0,0,0,0,0,0,0,0,0,0,0,0,0,0,0,0,0
"Cody Goloubef",20162017,COL,D,33,0,0,0,--,0,0,0,0,0,0,0,0,0,0,0,0,0,0,0,0,0,0
"Cody Goloubef",20182019,OTT,D,5,0,0,0,--,0,0,0,0,0,0,0,0,0,0,0,0,0,0,0,0,0,0
"Scott Gomez",20092010,MTL,C,78,"1,375",698,677,50.8,"1,054",532,522,183,111,72,138,55,83,470,251,219,519,260,259,380,182,198
"Scott Gomez",20102011,MTL,C,80,"1,197",575,622,48,928,451,477,216,106,110,53,18,35,489,242,247,429,207,222,279,126,153
"Scott Gomez",20112012,MTL,C,38,333,165,168,49.5,278,138,140,52,26,26,3,1,2,149,76,73,122,60,62,62,29,33
"Scott Gomez",20122013,SJS,C,39,324,181,143,55.9,261,148,113,63,33,30,0,0,0,115,61,54,134,68,66,75,52,23
"Scott Gomez",20132014,FLA,C,46,515,239,276,46.4,454,204,250,56,32,24,5,3,2,177,84,93,192,86,106,146,69,77
"Scott Gomez",20142015,NJD,C,58,788,367,421,46.6,682,316,366,102,50,52,4,1,3,319,148,171,257,124,133,212,95,117
"Scott Gomez",20152016,"STL,OTT",C,34,277,125,152,45.1,256,117,139,21,8,13,0,0,0,114,48,66,104,46,58,59,31,28
"Sergei Gonchar",20092010,PIT,D,62,0,0,0,--,0,0,0,0,0,0,0,0,0,0,0,0,0,0,0,0,0,0
"Sergei Gonchar",20102011,OTT,D,67,0,0,0,--,0,0,0,0,0,0,0,0,0,0,0,0,0,0,0,0,0,0
"Sergei Gonchar",20112012,OTT,D,74,0,0,0,--,0,0,0,0,0,0,0,0,0,0,0,0,0,0,0,0,0,0
"Sergei Gonchar",20122013,OTT,D,45,0,0,0,--,0,0,0,0,0,0,0,0,0,0,0,0,0,0,0,0,0,0
"Sergei Gonchar",20132014,DAL,D,76,0,0,0,--,0,0,0,0,0,0,0,0,0,0,0,0,0,0,0,0,0,0
"Sergei Gonchar",20142015,"DAL,MTL",D,48,1,1,0,100,1,1,0,0,0,0,0,0,0,0,0,0,1,1,0,0,0,0
"Barclay Goodrow",20142015,SJS,C,60,23,12,11,52.2,23,12,11,0,0,0,0,0,0,17,8,9,3,2,1,3,2,1
"Barclay Goodrow",20152016,SJS,C,14,6,4,2,66.7,4,4,0,0,0,0,2,0,2,4,4,0,1,0,1,1,0,1
"Barclay Goodrow",20162017,SJS,C,3,0,0,0,--,0,0,0,0,0,0,0,0,0,0,0,0,0,0,0,0,0,0
"Barclay Goodrow",20172018,SJS,C,47,262,154,108,58.8,244,146,98,2,1,1,16,7,9,69,43,26,109,58,51,84,53,31
"Barclay Goodrow",20182019,SJS,C,82,551,296,255,53.7,453,248,205,5,3,2,93,45,48,145,85,60,221,114,107,185,97,88
"Andrew Gordon",20092010,WSH,R,2,0,0,0,--,0,0,0,0,0,0,0,0,0,0,0,0,0,0,0,0,0,0
"Andrew Gordon",20102011,WSH,R,9,0,0,0,--,0,0,0,0,0,0,0,0,0,0,0,0,0,0,0,0,0,0
"Andrew Gordon",20112012,ANA,R,37,5,0,5,0,1,0,1,0,0,0,4,0,4,1,0,1,4,0,4,0,0,0
"Andrew Gordon",20122013,VAN,R,6,5,2,3,40,5,2,3,0,0,0,0,0,0,3,1,2,2,1,1,0,0,0
"Boyd Gordon",20092010,WSH,C,36,205,125,80,61,132,87,45,4,3,1,69,35,34,55,42,13,58,37,21,91,45,46
"Boyd Gordon",20102011,WSH,C,60,719,417,302,58,541,310,231,5,5,0,173,102,71,152,79,73,197,120,77,370,218,152
"Boyd Gordon",20112012,PHX,C,75,"1,177",669,508,56.8,878,495,383,16,11,5,283,163,120,227,124,103,386,216,170,564,329,235
"Boyd Gordon",20122013,PHX,C,48,789,452,337,57.3,586,337,249,19,14,5,184,101,83,130,76,54,238,130,108,421,246,175
"Boyd Gordon",20132014,EDM,C,74,"1,492",843,649,56.5,"1,073",637,436,83,54,29,336,152,184,223,133,90,333,183,150,936,527,409
"Boyd Gordon",20142015,EDM,C,68,"1,218",681,537,55.9,880,511,369,73,35,38,265,135,130,210,117,93,267,139,128,741,425,316
"Boyd Gordon",20152016,ARI,C,65,909,526,383,57.9,640,380,260,3,2,1,266,144,122,119,70,49,213,117,96,577,339,238
"Boyd Gordon",20162017,PHI,C,13,86,48,38,55.8,63,38,25,0,0,0,23,10,13,25,17,8,24,14,10,37,17,20
"Josh Gorges",20092010,MTL,D,82,0,0,0,--,0,0,0,0,0,0,0,0,0,0,0,0,0,0,0,0,0,0
"Josh Gorges",20102011,MTL,D,36,0,0,0,--,0,0,0,0,0,0,0,0,0,0,0,0,0,0,0,0,0,0
"Josh Gorges",20112012,MTL,D,82,0,0,0,--,0,0,0,0,0,0,0,0,0,0,0,0,0,0,0,0,0,0
"Josh Gorges",20122013,MTL,D,48,0,0,0,--,0,0,0,0,0,0,0,0,0,0,0,0,0,0,0,0,0,0
"Josh Gorges",20132014,MTL,D,66,1,0,1,0,1,0,1,0,0,0,0,0,0,0,0,0,0,0,0,1,0,1
"Josh Gorges",20142015,BUF,D,46,0,0,0,--,0,0,0,0,0,0,0,0,0,0,0,0,0,0,0,0,0,0
"Josh Gorges",20152016,BUF,D,77,0,0,0,--,0,0,0,0,0,0,0,0,0,0,0,0,0,0,0,0,0,0
"Josh Gorges",20162017,BUF,D,66,1,0,1,0,1,0,1,0,0,0,0,0,0,0,0,0,0,0,0,1,0,1
"Josh Gorges",20172018,BUF,D,34,0,0,0,--,0,0,0,0,0,0,0,0,0,0,0,0,0,0,0,0,0,0
"Brandon Gormley",20132014,PHX,D,5,0,0,0,--,0,0,0,0,0,0,0,0,0,0,0,0,0,0,0,0,0,0
"Brandon Gormley",20142015,ARI,D,27,0,0,0,--,0,0,0,0,0,0,0,0,0,0,0,0,0,0,0,0,0,0
"Brandon Gormley",20152016,COL,D,26,0,0,0,--,0,0,0,0,0,0,0,0,0,0,0,0,0,0,0,0,0,0
"Shayne Gostisbehere",20142015,PHI,D,2,0,0,0,--,0,0,0,0,0,0,0,0,0,0,0,0,0,0,0,0,0,0
"Shayne Gostisbehere",20152016,PHI,D,64,1,1,0,100,1,1,0,0,0,0,0,0,0,0,0,0,1,1,0,0,0,0
"Shayne Gostisbehere",20162017,PHI,D,76,0,0,0,--,0,0,0,0,0,0,0,0,0,0,0,0,0,0,0,0,0,0
"Shayne Gostisbehere",20172018,PHI,D,78,0,0,0,--,0,0,0,0,0,0,0,0,0,0,0,0,0,0,0,0,0,0
"Shayne Gostisbehere",20182019,PHI,D,78,0,0,0,--,0,0,0,0,0,0,0,0,0,0,0,0,0,0,0,0,0,0
"Tyrell Goulbourne",20172018,PHI,L,9,0,0,0,--,0,0,0,0,0,0,0,0,0,0,0,0,0,0,0,0,0,0
"Tyrell Goulbourne",20182019,PHI,L,2,0,0,0,--,0,0,0,0,0,0,0,0,0,0,0,0,0,0,0,0,0,0
"Yanni Gourde",20152016,TBL,C,2,0,0,0,--,0,0,0,0,0,0,0,0,0,0,0,0,0,0,0,0,0,0
"Yanni Gourde",20162017,TBL,C,20,163,60,103,36.8,132,52,80,11,3,8,20,5,15,37,16,21,78,26,52,48,18,30
"Yanni Gourde",20172018,TBL,C,82,364,158,206,43.4,282,115,167,57,34,23,25,9,16,143,63,80,104,43,61,117,52,65
"Yanni Gourde",20182019,TBL,C,80,283,151,132,53.4,243,133,110,24,12,12,16,6,10,117,65,52,69,37,32,97,49,48
"Michael Grabner",20092010,VAN,L,20,2,1,1,50,2,1,1,0,0,0,0,0,0,1,0,1,1,1,0,0,0,0
"Michael Grabner",20102011,NYI,L,76,6,2,4,33.3,5,2,3,0,0,0,1,0,1,3,2,1,2,0,2,1,0,1
"Michael Grabner",20112012,NYI,L,78,5,3,2,60,1,1,0,0,0,0,4,2,2,1,1,0,1,0,1,3,2,1
"Michael Grabner",20122013,NYI,L,45,22,10,12,45.5,14,6,8,0,0,0,8,4,4,4,0,4,6,4,2,12,6,6
"Michael Grabner",20132014,NYI,L,64,15,7,8,46.7,10,4,6,0,0,0,5,3,2,4,3,1,2,1,1,9,3,6
"Michael Grabner",20142015,NYI,L,34,2,0,2,0,0,0,0,0,0,0,2,0,2,0,0,0,2,0,2,0,0,0
"Michael Grabner",20152016,TOR,L,80,13,3,10,23.1,6,2,4,0,0,0,7,1,6,4,0,4,2,2,0,7,1,6
"Michael Grabner",20162017,NYR,L,76,13,7,6,53.9,4,4,0,0,0,0,9,3,6,2,1,1,10,5,5,1,1,0
"Michael Grabner",20172018,"NYR,NJD",L,80,22,10,12,45.5,12,8,4,0,0,0,10,2,8,4,2,2,5,2,3,13,6,7
"Michael Grabner",20182019,ARI,L,41,12,5,7,41.7,2,1,1,0,0,0,10,4,6,1,1,0,1,0,1,10,4,6
"Mikhail Grabovski",20092010,TOR,C,59,735,366,369,49.8,636,309,327,95,56,39,4,1,3,278,154,124,279,130,149,177,82,95
"Mikhail Grabovski",20102011,TOR,C,81,"1,326",642,684,48.4,"1,045",501,544,213,113,100,68,28,40,471,225,246,504,241,263,351,176,175
"Mikhail Grabovski",20112012,TOR,C,74,905,466,439,51.5,810,408,402,83,53,30,12,5,7,287,160,127,408,207,201,210,99,111
"Mikhail Grabovski",20122013,TOR,C,48,638,323,315,50.6,570,296,274,67,26,41,1,1,0,163,66,97,261,134,127,214,123,91
"Mikhail Grabovski",20132014,WSH,C,58,641,346,295,54,602,319,283,36,24,12,3,3,0,224,113,111,233,130,103,184,103,81
"Mikhail Grabovski",20142015,NYI,C,51,83,38,45,45.8,68,28,40,15,10,5,0,0,0,28,11,17,22,10,12,33,17,16
"Mikhail Grabovski",20152016,NYI,C,58,463,221,242,47.7,432,211,221,28,10,18,3,0,3,125,58,67,184,88,96,154,75,79
"Evgeny Grachev",20102011,NYR,C,8,1,0,1,0,1,0,1,0,0,0,0,0,0,0,0,0,1,0,1,0,0,0
"Evgeny Grachev",20112012,STL,C,26,5,1,4,20,4,1,3,1,0,1,0,0,0,2,0,2,3,1,2,0,0,0
"Marc-Andre Gragnani",20102011,BUF,D,9,0,0,0,--,0,0,0,0,0,0,0,0,0,0,0,0,0,0,0,0,0,0
"Marc-Andre Gragnani",20112012,"BUF,VAN",D,58,1,1,0,100,1,1,0,0,0,0,0,0,0,1,1,0,0,0,0,0,0,0
"Marc-Andre Gragnani",20122013,CAR,D,1,0,0,0,--,0,0,0,0,0,0,0,0,0,0,0,0,0,0,0,0,0,0
"Marc-Andre Gragnani",20152016,NJD,D,4,0,0,0,--,0,0,0,0,0,0,0,0,0,0,0,0,0,0,0,0,0,0
"Petter Granberg",20132014,TOR,D,1,0,0,0,--,0,0,0,0,0,0,0,0,0,0,0,0,0,0,0,0,0,0
"Petter Granberg",20142015,TOR,D,7,0,0,0,--,0,0,0,0,0,0,0,0,0,0,0,0,0,0,0,0,0,0
"Petter Granberg",20152016,NSH,D,27,0,0,0,--,0,0,0,0,0,0,0,0,0,0,0,0,0,0,0,0,0,0
"Petter Granberg",20162017,NSH,D,10,0,0,0,--,0,0,0,0,0,0,0,0,0,0,0,0,0,0,0,0,0,0
"Markus Granlund",20132014,CGY,C,7,54,28,26,51.9,49,25,24,4,2,2,1,1,0,15,7,8,25,11,14,14,10,4
"Markus Granlund",20142015,CGY,C,48,524,193,331,36.8,477,174,303,20,10,10,27,9,18,166,62,104,200,76,124,158,55,103
"Markus Granlund",20152016,"CGY,VAN",C,47,472,202,270,42.8,444,190,254,11,3,8,17,9,8,155,69,86,185,73,112,132,60,72
"Markus Granlund",20162017,VAN,C,69,101,40,61,39.6,81,35,46,2,0,2,18,5,13,48,21,27,26,10,16,27,9,18
"Markus Granlund",20172018,VAN,C,53,179,73,106,40.8,161,68,93,3,0,3,15,5,10,63,22,41,72,27,45,44,24,20
"Markus Granlund",20182019,VAN,C,77,348,149,199,42.8,263,115,148,50,26,24,35,8,27,113,52,61,148,60,88,87,37,50
"Mikael Granlund",20122013,MIN,C,27,206,97,109,47.1,188,88,100,18,9,9,0,0,0,81,46,35,77,30,47,48,21,27
"Mikael Granlund",20132014,MIN,C,63,789,415,374,52.6,673,346,327,91,55,36,25,14,11,264,133,131,299,155,144,226,127,99
"Mikael Granlund",20142015,MIN,C,68,984,476,508,48.4,872,418,454,79,39,40,33,19,14,391,189,202,315,144,171,278,143,135
"Mikael Granlund",20152016,MIN,C,82,"1,085",528,557,48.7,971,463,508,88,48,40,26,17,9,391,201,190,407,186,221,287,141,146
"Mikael Granlund",20162017,MIN,C,81,33,16,17,48.5,25,13,12,7,3,4,1,0,1,20,11,9,5,1,4,8,4,4
"Mikael Granlund",20172018,MIN,C,77,125,69,56,55.2,83,47,36,29,18,11,13,4,9,57,36,21,18,5,13,50,28,22
"Mikael Granlund",20182019,"MIN,NSH",C,79,288,129,159,44.8,240,110,130,37,16,21,11,3,8,122,56,66,92,38,54,74,35,39
"Alex Grant",20132014,ANA,D,2,0,0,0,--,0,0,0,0,0,0,0,0,0,0,0,0,0,0,0,0,0,0
"Alex Grant",20152016,ARI,D,5,0,0,0,--,0,0,0,0,0,0,0,0,0,0,0,0,0,0,0,0,0,0
"Derek Grant",20122013,OTT,C,5,31,17,14,54.8,20,11,9,0,0,0,11,6,5,7,4,3,5,2,3,19,11,8
"Derek Grant",20132014,OTT,C,20,150,79,71,52.7,104,59,45,0,0,0,46,20,26,34,19,15,61,31,30,55,29,26
"Derek Grant",20152016,CGY,C,15,111,61,50,55,99,56,43,2,0,2,10,5,5,26,12,14,37,19,18,48,30,18
"Derek Grant",20162017,"BUF,NSH,BUF",C,46,384,201,183,52.3,309,164,145,13,8,5,62,29,33,90,46,44,109,64,45,185,91,94
"Derek Grant",20172018,ANA,C,66,597,317,280,53.1,518,278,240,17,9,8,62,30,32,169,89,80,214,112,102,214,116,98
"Derek Grant",20182019,"PIT,ANA",C,56,515,271,244,52.6,402,220,182,6,3,3,107,48,59,110,64,46,163,85,78,242,122,120
"Triston Grant",20092010,NSH,L,3,0,0,0,--,0,0,0,0,0,0,0,0,0,0,0,0,0,0,0,0,0,0
"Tyler Graovac",20142015,MIN,C,3,22,6,16,27.3,22,6,16,0,0,0,0,0,0,7,1,6,8,3,5,7,2,5
"Tyler Graovac",20152016,MIN,C,2,19,13,6,68.4,19,13,6,0,0,0,0,0,0,4,2,2,9,8,1,6,3,3
"Tyler Graovac",20162017,MIN,C,52,343,163,180,47.5,341,162,179,2,1,1,0,0,0,138,64,74,139,69,70,66,30,36
"Tyler Graovac",20172018,WSH,C,5,3,1,2,33.3,3,1,2,0,0,0,0,0,0,2,1,1,1,0,1,0,0,0
"Kevin Gravel",20152016,LAK,D,5,0,0,0,--,0,0,0,0,0,0,0,0,0,0,0,0,0,0,0,0,0,0
"Kevin Gravel",20162017,LAK,D,49,0,0,0,--,0,0,0,0,0,0,0,0,0,0,0,0,0,0,0,0,0,0
"Kevin Gravel",20172018,LAK,D,16,0,0,0,--,0,0,0,0,0,0,0,0,0,0,0,0,0,0,0,0,0,0
"Kevin Gravel",20182019,EDM,D,36,0,0,0,--,0,0,0,0,0,0,0,0,0,0,0,0,0,0,0,0,0,0
"Ryan Graves",20182019,COL,D,26,0,0,0,--,0,0,0,0,0,0,0,0,0,0,0,0,0,0,0,0,0,0
"Denis Grebeshkov",20092010,"EDM,NSH",D,51,1,1,0,100,1,1,0,0,0,0,0,0,0,0,0,0,0,0,0,1,1,0
"Denis Grebeshkov",20132014,EDM,D,7,0,0,0,--,0,0,0,0,0,0,0,0,0,0,0,0,0,0,0,0,0,0
"Anthony Greco",20182019,FLA,R,1,0,0,0,--,0,0,0,0,0,0,0,0,0,0,0,0,0,0,0,0,0,0
"Josh Green",20102011,ANA,C,12,7,3,4,42.9,5,2,3,0,0,0,2,1,1,2,1,1,4,2,2,1,0,1
"Josh Green",20112012,EDM,C,7,37,16,21,43.2,34,14,20,2,2,0,1,0,1,14,6,8,15,7,8,8,3,5
"Mike Green",20092010,WSH,D,75,0,0,0,--,0,0,0,0,0,0,0,0,0,0,0,0,0,0,0,0,0,0
"Mike Green",20102011,WSH,D,49,0,0,0,--,0,0,0,0,0,0,0,0,0,0,0,0,0,0,0,0,0,0
"Mike Green",20112012,WSH,D,32,0,0,0,--,0,0,0,0,0,0,0,0,0,0,0,0,0,0,0,0,0,0
"Mike Green",20122013,WSH,D,35,0,0,0,--,0,0,0,0,0,0,0,0,0,0,0,0,0,0,0,0,0,0
"Mike Green",20132014,WSH,D,70,0,0,0,--,0,0,0,0,0,0,0,0,0,0,0,0,0,0,0,0,0,0
"Mike Green",20142015,WSH,D,72,0,0,0,--,0,0,0,0,0,0,0,0,0,0,0,0,0,0,0,0,0,0
"Mike Green",20152016,DET,D,74,2,0,2,0,2,0,2,0,0,0,0,0,0,0,0,0,1,0,1,1,0,1
"Mike Green",20162017,DET,D,72,0,0,0,--,0,0,0,0,0,0,0,0,0,0,0,0,0,0,0,0,0,0
"Mike Green",20172018,DET,D,66,0,0,0,--,0,0,0,0,0,0,0,0,0,0,0,0,0,0,0,0,0,0
"Mike Green",20182019,DET,D,43,0,0,0,--,0,0,0,0,0,0,0,0,0,0,0,0,0,0,0,0,0,0
"Andy Greene",20092010,NJD,D,78,0,0,0,--,0,0,0,0,0,0,0,0,0,0,0,0,0,0,0,0,0,0
"Andy Greene",20102011,NJD,D,82,0,0,0,--,0,0,0,0,0,0,0,0,0,0,0,0,0,0,0,0,0,0
"Andy Greene",20112012,NJD,D,56,0,0,0,--,0,0,0,0,0,0,0,0,0,0,0,0,0,0,0,0,0,0
"Andy Greene",20122013,NJD,D,48,0,0,0,--,0,0,0,0,0,0,0,0,0,0,0,0,0,0,0,0,0,0
"Andy Greene",20132014,NJD,D,82,0,0,0,--,0,0,0,0,0,0,0,0,0,0,0,0,0,0,0,0,0,0
"Andy Greene",20142015,NJD,D,82,0,0,0,--,0,0,0,0,0,0,0,0,0,0,0,0,0,0,0,0,0,0
"Andy Greene",20152016,NJD,D,82,0,0,0,--,0,0,0,0,0,0,0,0,0,0,0,0,0,0,0,0,0,0
"Andy Greene",20162017,NJD,D,66,0,0,0,--,0,0,0,0,0,0,0,0,0,0,0,0,0,0,0,0,0,0
"Andy Greene",20172018,NJD,D,81,0,0,0,--,0,0,0,0,0,0,0,0,0,0,0,0,0,0,0,0,0,0
"Andy Greene",20182019,NJD,D,82,0,0,0,--,0,0,0,0,0,0,0,0,0,0,0,0,0,0,0,0,0,0
"Matt Greene",20092010,LAK,D,75,0,0,0,--,0,0,0,0,0,0,0,0,0,0,0,0,0,0,0,0,0,0
"Matt Greene",20102011,LAK,D,71,0,0,0,--,0,0,0,0,0,0,0,0,0,0,0,0,0,0,0,0,0,0
"Matt Greene",20112012,LAK,D,82,0,0,0,--,0,0,0,0,0,0,0,0,0,0,0,0,0,0,0,0,0,0
"Matt Greene",20122013,LAK,D,5,0,0,0,--,0,0,0,0,0,0,0,0,0,0,0,0,0,0,0,0,0,0
"Matt Greene",20132014,LAK,D,38,1,0,1,0,0,0,0,0,0,0,1,0,1,0,0,0,0,0,0,1,0,1
"Matt Greene",20142015,LAK,D,82,0,0,0,--,0,0,0,0,0,0,0,0,0,0,0,0,0,0,0,0,0,0
"Cam Barker",20092010,"CHI,MIN",D,70,0,0,0,--,0,0,0,0,0,0,0,0,0,0,0,0,0,0,0,0,0,0
"Cam Barker",20102011,MIN,D,52,0,0,0,--,0,0,0,0,0,0,0,0,0,0,0,0,0,0,0,0,0,0
"Cam Barker",20112012,EDM,D,25,0,0,0,--,0,0,0,0,0,0,0,0,0,0,0,0,0,0,0,0,0,0
"Cam Barker",20122013,VAN,D,14,0,0,0,--,0,0,0,0,0,0,0,0,0,0,0,0,0,0,0,0,0,0
"Aleksander Barkov",20132014,FLA,C,54,819,400,419,48.8,675,324,351,133,72,61,11,4,7,305,140,165,301,141,160,213,119,94
"Aleksander Barkov",20142015,FLA,C,71,"1,002",462,540,46.1,863,401,462,116,52,64,23,9,14,293,126,167,415,193,222,294,143,151
"Aleksander Barkov",20152016,FLA,C,66,"1,156",569,587,49.2,920,453,467,129,62,67,107,54,53,361,186,175,418,199,219,377,184,193
"Aleksander Barkov",20162017,FLA,C,61,"1,023",476,547,46.5,813,373,440,143,73,70,67,30,37,406,190,216,345,163,182,272,123,149
"Aleksander Barkov",20172018,FLA,C,79,"1,697",908,789,53.5,"1,366",738,628,197,105,92,134,65,69,501,260,241,536,277,259,660,371,289
"Aleksander Barkov",20182019,FLA,C,82,"1,939","1,041",898,53.7,"1,442",779,663,292,162,130,205,100,105,665,345,320,583,311,272,691,385,306
"Tyson Barrie",20112012,COL,D,10,0,0,0,--,0,0,0,0,0,0,0,0,0,0,0,0,0,0,0,0,0,0
"Tyson Barrie",20122013,COL,D,32,0,0,0,--,0,0,0,0,0,0,0,0,0,0,0,0,0,0,0,0,0,0
"Tyson Barrie",20132014,COL,D,64,0,0,0,--,0,0,0,0,0,0,0,0,0,0,0,0,0,0,0,0,0,0
"Tyson Barrie",20142015,COL,D,80,0,0,0,--,0,0,0,0,0,0,0,0,0,0,0,0,0,0,0,0,0,0
"Tyson Barrie",20152016,COL,D,78,0,0,0,--,0,0,0,0,0,0,0,0,0,0,0,0,0,0,0,0,0,0
"Tyson Barrie",20162017,COL,D,74,0,0,0,--,0,0,0,0,0,0,0,0,0,0,0,0,0,0,0,0,0,0
"Tyson Barrie",20172018,COL,D,68,0,0,0,--,0,0,0,0,0,0,0,0,0,0,0,0,0,0,0,0,0,0
"Tyson Barrie",20182019,COL,D,78,0,0,0,--,0,0,0,0,0,0,0,0,0,0,0,0,0,0,0,0,0,0
"Matt Bartkowski",20102011,BOS,D,6,0,0,0,--,0,0,0,0,0,0,0,0,0,0,0,0,0,0,0,0,0,0
"Matt Bartkowski",20112012,BOS,D,3,0,0,0,--,0,0,0,0,0,0,0,0,0,0,0,0,0,0,0,0,0,0
"Matt Bartkowski",20122013,BOS,D,11,0,0,0,--,0,0,0,0,0,0,0,0,0,0,0,0,0,0,0,0,0,0
"Matt Bartkowski",20132014,BOS,D,64,0,0,0,--,0,0,0,0,0,0,0,0,0,0,0,0,0,0,0,0,0,0
"Matt Bartkowski",20142015,BOS,D,47,0,0,0,--,0,0,0,0,0,0,0,0,0,0,0,0,0,0,0,0,0,0
"Matt Bartkowski",20152016,VAN,D,80,0,0,0,--,0,0,0,0,0,0,0,0,0,0,0,0,0,0,0,0,0,0
"Matt Bartkowski",20162017,CGY,D,24,0,0,0,--,0,0,0,0,0,0,0,0,0,0,0,0,0,0,0,0,0,0
"Matt Bartkowski",20172018,CGY,D,18,0,0,0,--,0,0,0,0,0,0,0,0,0,0,0,0,0,0,0,0,0,0
"Matt Bartkowski",20182019,MIN,D,2,0,0,0,--,0,0,0,0,0,0,0,0,0,0,0,0,0,0,0,0,0,0
"Victor Bartley",20122013,NSH,D,24,0,0,0,--,0,0,0,0,0,0,0,0,0,0,0,0,0,0,0,0,0,0
"Victor Bartley",20132014,NSH,D,50,0,0,0,--,0,0,0,0,0,0,0,0,0,0,0,0,0,0,0,0,0,0
"Victor Bartley",20142015,NSH,D,37,0,0,0,--,0,0,0,0,0,0,0,0,0,0,0,0,0,0,0,0,0,0
"Victor Bartley",20152016,"NSH,MTL",D,10,0,0,0,--,0,0,0,0,0,0,0,0,0,0,0,0,0,0,0,0,0,0
"Oskars Bartulis",20092010,PHI,D,53,0,0,0,--,0,0,0,0,0,0,0,0,0,0,0,0,0,0,0,0,0,0
"Oskars Bartulis",20102011,PHI,D,13,0,0,0,--,0,0,0,0,0,0,0,0,0,0,0,0,0,0,0,0,0,0
"Mathew Barzal",20162017,NYI,C,2,13,6,7,46.1,13,6,7,0,0,0,0,0,0,5,3,2,5,2,3,3,1,2
"Mathew Barzal",20172018,NYI,C,82,834,355,479,42.6,816,345,471,16,8,8,2,2,0,225,100,125,339,135,204,270,120,150
"Mathew Barzal",20182019,NYI,C,82,580,241,339,41.5,520,217,303,57,23,34,3,1,2,185,77,108,253,99,154,142,65,77
"Cody Bass",20102011,OTT,C,1,0,0,0,--,0,0,0,0,0,0,0,0,0,0,0,0,0,0,0,0,0,0
"Cody Bass",20112012,CBJ,C,14,8,5,3,62.5,6,4,2,0,0,0,2,1,1,3,2,1,1,0,1,4,3,1
"Cody Bass",20132014,CBJ,C,1,0,0,0,--,0,0,0,0,0,0,0,0,0,0,0,0,0,0,0,0,0,0
"Cody Bass",20152016,NSH,C,17,21,12,9,57.1,21,12,9,0,0,0,0,0,0,4,3,1,5,1,4,12,8,4
"Cody Bass",20162017,NSH,C,9,2,0,2,0,1,0,1,0,0,0,1,0,1,1,0,1,1,0,1,0,0,0
"Nathan Bastian",20182019,NJD,R,7,3,3,0,100,2,2,0,1,1,0,0,0,0,1,1,0,1,1,0,1,1,0
"Drake Batherson",20182019,OTT,R,20,4,3,1,75,2,1,1,2,2,0,0,0,0,2,1,1,1,1,0,1,1,0
"Nolan Baumgartner",20092010,VAN,D,12,0,0,0,--,0,0,0,0,0,0,0,0,0,0,0,0,0,0,0,0,0,0
"Kyle Baun",20142015,CHI,R,3,0,0,0,--,0,0,0,0,0,0,0,0,0,0,0,0,0,0,0,0,0,0
"Kyle Baun",20152016,CHI,R,2,0,0,0,--,0,0,0,0,0,0,0,0,0,0,0,0,0,0,0,0,0,0
"Gavin Bayreuther",20182019,DAL,D,19,0,0,0,--,0,0,0,0,0,0,0,0,0,0,0,0,0,0,0,0,0,0
"Jay Beagle",20092010,WSH,C,7,31,17,14,54.8,31,17,14,0,0,0,0,0,0,7,2,5,14,9,5,9,6,3
"Jay Beagle",20102011,WSH,C,31,105,58,47,55.2,91,55,36,2,0,2,12,3,9,38,23,15,28,17,11,39,18,21
"Jay Beagle",20112012,WSH,C,41,215,124,91,57.7,183,112,71,3,1,2,29,11,18,45,30,15,80,46,34,90,48,42
"Jay Beagle",20122013,WSH,C,48,444,249,195,56.1,323,181,142,10,5,5,111,63,48,78,42,36,139,75,64,227,132,95
"Jay Beagle",20132014,WSH,C,62,573,296,277,51.7,519,264,255,16,7,9,38,25,13,151,71,80,221,119,102,201,106,95
"Jay Beagle",20142015,WSH,C,62,384,217,167,56.5,292,170,122,3,1,2,89,46,43,92,48,44,120,71,49,172,98,74
"Jay Beagle",20152016,WSH,C,57,637,370,267,58.1,498,290,208,9,7,2,130,73,57,141,88,53,203,112,91,293,170,123
"Jay Beagle",20162017,WSH,C,81,"1,107",624,483,56.4,824,465,359,12,8,4,271,151,120,180,102,78,341,189,152,586,333,253
"Jay Beagle",20172018,WSH,C,79,998,584,414,58.5,749,450,299,6,3,3,243,131,112,139,76,63,255,150,105,604,358,246
"Jay Beagle",20182019,VAN,C,57,758,426,332,56.2,577,333,244,7,2,5,174,91,83,84,43,41,230,137,93,444,246,198
"Jake Bean",20182019,CAR,D,2,0,0,0,--,0,0,0,0,0,0,0,0,0,0,0,0,0,0,0,0,0,0
"Ethan Bear",20172018,EDM,D,18,0,0,0,--,0,0,0,0,0,0,0,0,0,0,0,0,0,0,0,0,0,0
"Francois Beauchemin",20092010,TOR,D,82,4,3,1,75,1,1,0,0,0,0,3,2,1,0,0,0,0,0,0,4,3,1
"Francois Beauchemin",20102011,"TOR,ANA",D,81,1,0,1,0,0,0,0,0,0,0,1,0,1,0,0,0,0,0,0,1,0,1
"Francois Beauchemin",20112012,ANA,D,82,2,1,1,50,2,1,1,0,0,0,0,0,0,0,0,0,2,1,1,0,0,0
"Francois Beauchemin",20122013,ANA,D,48,0,0,0,--,0,0,0,0,0,0,0,0,0,0,0,0,0,0,0,0,0,0
"Francois Beauchemin",20132014,ANA,D,70,0,0,0,--,0,0,0,0,0,0,0,0,0,0,0,0,0,0,0,0,0,0
"Francois Beauchemin",20142015,ANA,D,64,1,1,0,100,1,1,0,0,0,0,0,0,0,0,0,0,1,1,0,0,0,0
"Francois Beauchemin",20152016,COL,D,82,0,0,0,--,0,0,0,0,0,0,0,0,0,0,0,0,0,0,0,0,0,0
"Francois Beauchemin",20162017,COL,D,81,0,0,0,--,0,0,0,0,0,0,0,0,0,0,0,0,0,0,0,0,0,0
"Francois Beauchemin",20172018,ANA,D,67,0,0,0,--,0,0,0,0,0,0,0,0,0,0,0,0,0,0,0,0,0,0
"Nathan Beaulieu",20122013,MTL,D,6,0,0,0,--,0,0,0,0,0,0,0,0,0,0,0,0,0,0,0,0,0,0
"Nathan Beaulieu",20132014,MTL,D,17,0,0,0,--,0,0,0,0,0,0,0,0,0,0,0,0,0,0,0,0,0,0
"Nathan Beaulieu",20142015,MTL,D,64,0,0,0,--,0,0,0,0,0,0,0,0,0,0,0,0,0,0,0,0,0,0
"Nathan Beaulieu",20152016,MTL,D,64,0,0,0,--,0,0,0,0,0,0,0,0,0,0,0,0,0,0,0,0,0,0
"Nathan Beaulieu",20162017,MTL,D,74,0,0,0,--,0,0,0,0,0,0,0,0,0,0,0,0,0,0,0,0,0,0
"Nathan Beaulieu",20172018,BUF,D,59,0,0,0,--,0,0,0,0,0,0,0,0,0,0,0,0,0,0,0,0,0,0
"Nathan Beaulieu",20182019,"BUF,WPG",D,48,0,0,0,--,0,0,0,0,0,0,0,0,0,0,0,0,0,0,0,0,0,0
"Anthony Beauvillier",20162017,NYI,L,66,297,123,174,41.4,276,115,161,17,7,10,4,1,3,114,51,63,96,42,54,87,30,57
"Anthony Beauvillier",20172018,NYI,L,71,166,72,94,43.4,151,69,82,3,0,3,12,3,9,84,36,48,41,20,21,41,16,25
"Anthony Beauvillier",20182019,NYI,L,81,57,26,31,45.6,50,23,27,7,3,4,0,0,0,42,19,23,12,5,7,3,2,1
"Taylor Beck",20122013,NSH,L,16,9,6,3,66.7,7,4,3,2,2,0,0,0,0,8,5,3,1,1,0,0,0,0
"Taylor Beck",20132014,NSH,L,7,0,0,0,--,0,0,0,0,0,0,0,0,0,0,0,0,0,0,0,0,0,0
"Taylor Beck",20142015,NSH,L,62,10,5,5,50,8,4,4,2,1,1,0,0,0,6,3,3,2,1,1,2,1,1
"Taylor Beck",20152016,NYI,L,2,0,0,0,--,0,0,0,0,0,0,0,0,0,0,0,0,0,0,0,0,0,0
"Taylor Beck",20162017,"EDM,NYR",L,5,1,0,1,0,1,0,1,0,0,0,0,0,0,1,0,1,0,0,0,0,0,0
"Steve Begin",20092010,BOS,L,77,694,371,323,53.5,567,310,257,8,4,4,119,57,62,160,82,78,274,152,122,257,134,123
"Steve Begin",20102011,NSH,L,2,0,0,0,--,0,0,0,0,0,0,0,0,0,0,0,0,0,0,0,0,0,0
"Steve Begin",20122013,CGY,L,36,117,57,60,48.7,95,50,45,1,1,0,21,6,15,30,16,14,58,30,28,29,11,18
"Wade Belak",20092010,NSH,R,39,0,0,0,--,0,0,0,0,0,0,0,0,0,0,0,0,0,0,0,0,0,0
"Wade Belak",20102011,NSH,R,15,0,0,0,--,0,0,0,0,0,0,0,0,0,0,0,0,0,0,0,0,0,0
"Eric Belanger",20092010,"MIN,WSH",C,77,924,521,403,56.4,751,419,332,100,61,39,73,41,32,249,129,120,343,201,142,318,186,132
"Eric Belanger",20102011,PHX,C,82,"1,297",717,580,55.3,"1,046",593,453,97,59,38,154,65,89,337,177,160,417,247,170,543,293,250
"Eric Belanger",20112012,EDM,C,78,"1,007",557,450,55.3,776,440,336,42,24,18,189,93,96,232,125,107,320,183,137,455,249,206
"Eric Belanger",20122013,EDM,C,26,378,203,175,53.7,275,161,114,6,3,3,97,39,58,72,39,33,101,63,38,205,101,104
"Matt Beleskey",20092010,ANA,L,60,20,8,12,40,20,8,12,0,0,0,0,0,0,7,3,4,7,4,3,6,1,5
"Matt Beleskey",20102011,ANA,L,35,8,3,5,37.5,6,2,4,0,0,0,2,1,1,3,1,2,3,1,2,2,1,1
"Matt Beleskey",20112012,ANA,L,70,26,11,15,42.3,24,11,13,0,0,0,2,0,2,7,0,7,9,6,3,10,5,5
"Matt Beleskey",20122013,ANA,L,42,19,6,13,31.6,17,4,13,2,2,0,0,0,0,6,4,2,5,1,4,8,1,7
"Matt Beleskey",20132014,ANA,L,55,18,8,10,44.4,13,7,6,2,0,2,3,1,2,12,5,7,4,2,2,2,1,1
"Matt Beleskey",20142015,ANA,L,65,19,8,11,42.1,11,5,6,7,2,5,1,1,0,11,4,7,5,2,3,3,2,1
"Matt Beleskey",20152016,BOS,L,80,25,6,19,24,22,5,17,3,1,2,0,0,0,18,5,13,3,0,3,4,1,3
"Matt Beleskey",20162017,BOS,L,49,70,29,41,41.4,40,17,23,25,10,15,5,2,3,49,19,30,13,6,7,8,4,4
"Matt Greene",20152016,LAK,D,3,0,0,0,--,0,0,0,0,0,0,0,0,0,0,0,0,0,0,0,0,0,0
"Matt Greene",20162017,LAK,D,26,0,0,0,--,0,0,0,0,0,0,0,0,0,0,0,0,0,0,0,0,0,0
"Colin Greening",20102011,OTT,C,24,24,11,13,45.8,19,9,10,2,2,0,3,0,3,9,6,3,7,2,5,8,3,5
"Colin Greening",20112012,OTT,C,82,62,26,36,41.9,50,21,29,8,4,4,4,1,3,33,13,20,25,12,13,4,1,3
"Colin Greening",20122013,OTT,C,47,47,22,25,46.8,36,18,18,3,0,3,8,4,4,18,9,9,15,6,9,14,7,7
"Colin Greening",20132014,OTT,C,76,59,22,37,37.3,30,12,18,2,1,1,27,9,18,19,8,11,26,9,17,14,5,9
"Colin Greening",20142015,OTT,C,26,9,6,3,66.7,9,6,3,0,0,0,0,0,0,5,5,0,1,0,1,3,1,2
"Colin Greening",20152016,"OTT,TOR",C,31,21,13,8,61.9,10,4,6,11,9,2,0,0,0,14,9,5,4,2,2,3,2,1
"Jordan Greenway",20172018,MIN,L,6,5,0,5,0,5,0,5,0,0,0,0,0,0,2,0,2,2,0,2,1,0,1
"Jordan Greenway",20182019,MIN,L,81,81,31,50,38.3,75,28,47,5,2,3,1,1,0,49,20,29,17,8,9,15,3,12
"A.J. Greer",20162017,COL,L,5,0,0,0,--,0,0,0,0,0,0,0,0,0,0,0,0,0,0,0,0,0,0
"A.J. Greer",20172018,COL,L,17,3,1,2,33.3,3,1,2,0,0,0,0,0,0,1,0,1,0,0,0,2,1,1
"A.J. Greer",20182019,COL,L,15,5,2,3,40,5,2,3,0,0,0,0,0,0,3,0,3,1,1,0,1,1,0
"Alexandre Grenier",20152016,VAN,R,6,2,1,1,50,2,1,1,0,0,0,0,0,0,2,1,1,0,0,0,0,0,0
"Alexandre Grenier",20162017,VAN,R,3,2,2,0,100,2,2,0,0,0,0,0,0,0,2,2,0,0,0,0,0,0,0
"Mike Grier",20092010,BUF,R,73,52,20,32,38.5,44,17,27,0,0,0,8,3,5,23,9,14,9,4,5,20,7,13
"Mike Grier",20102011,BUF,R,73,31,10,21,32.3,14,5,9,1,0,1,16,5,11,9,3,6,5,2,3,17,5,12
"Seth Griffith",20142015,BOS,C,30,9,3,6,33.3,8,3,5,1,0,1,0,0,0,7,3,4,1,0,1,1,0,1
"Seth Griffith",20152016,BOS,C,4,0,0,0,--,0,0,0,0,0,0,0,0,0,0,0,0,0,0,0,0,0,0
"Seth Griffith",20162017,"TOR,FLA",C,24,8,2,6,25,6,1,5,2,1,1,0,0,0,7,1,6,1,1,0,0,0,0
"Seth Griffith",20172018,BUF,C,21,3,0,3,0,3,0,3,0,0,0,0,0,0,2,0,2,1,0,1,0,0,0
"Mikhail Grigorenko",20122013,BUF,C,25,149,57,92,38.3,145,56,89,4,1,3,0,0,0,62,18,44,65,29,36,22,10,12
"Mikhail Grigorenko",20132014,BUF,C,18,103,53,50,51.5,97,49,48,4,3,1,2,1,1,27,14,13,46,25,21,30,14,16
"Mikhail Grigorenko",20142015,BUF,C,25,331,153,178,46.2,305,135,170,23,16,7,3,2,1,92,40,52,114,60,54,125,53,72
"Mikhail Grigorenko",20152016,COL,C,74,349,151,198,43.3,314,137,177,8,4,4,27,10,17,90,43,47,145,62,83,114,46,68
"Mikhail Grigorenko",20162017,COL,C,75,192,111,81,57.8,157,86,71,5,2,3,30,23,7,80,45,35,50,29,21,62,37,25
"Rocco Grimaldi",20142015,FLA,R,7,14,6,8,42.9,13,5,8,1,1,0,0,0,0,7,2,5,5,3,2,2,1,1
"Rocco Grimaldi",20152016,FLA,R,20,108,47,61,43.5,106,47,59,2,0,2,0,0,0,40,13,27,38,21,17,30,13,17
"Rocco Grimaldi",20162017,COL,R,4,0,0,0,--,0,0,0,0,0,0,0,0,0,0,0,0,0,0,0,0,0,0
"Rocco Grimaldi",20172018,COL,R,6,1,0,1,0,1,0,1,0,0,0,0,0,0,0,0,0,0,0,0,1,0,1
"Rocco Grimaldi",20182019,NSH,R,53,7,4,3,57.1,7,4,3,0,0,0,0,0,0,5,3,2,2,1,1,0,0,0
"Nicklas Grossmann",20092010,DAL,D,71,1,0,1,0,0,0,0,0,0,0,1,0,1,0,0,0,0,0,0,1,0,1
"Nicklas Grossmann",20102011,DAL,D,59,0,0,0,--,0,0,0,0,0,0,0,0,0,0,0,0,0,0,0,0,0,0
"Nicklas Grossmann",20112012,"DAL,PHI",D,74,0,0,0,--,0,0,0,0,0,0,0,0,0,0,0,0,0,0,0,0,0,0
"Nicklas Grossmann",20122013,PHI,D,30,0,0,0,--,0,0,0,0,0,0,0,0,0,0,0,0,0,0,0,0,0,0
"Nicklas Grossmann",20132014,PHI,D,78,0,0,0,--,0,0,0,0,0,0,0,0,0,0,0,0,0,0,0,0,0,0
"Nicklas Grossmann",20142015,PHI,D,68,0,0,0,--,0,0,0,0,0,0,0,0,0,0,0,0,0,0,0,0,0,0
"Nicklas Grossmann",20152016,ARI,D,58,0,0,0,--,0,0,0,0,0,0,0,0,0,0,0,0,0,0,0,0,0,0
"Nicklas Grossmann",20162017,CGY,D,3,0,0,0,--,0,0,0,0,0,0,0,0,0,0,0,0,0,0,0,0,0,0
"Carl Grundstrom",20182019,LAK,R,15,0,0,0,--,0,0,0,0,0,0,0,0,0,0,0,0,0,0,0,0,0,0
"Eric Gryba",20122013,OTT,D,33,0,0,0,--,0,0,0,0,0,0,0,0,0,0,0,0,0,0,0,0,0,0
"Eric Gryba",20132014,OTT,D,57,0,0,0,--,0,0,0,0,0,0,0,0,0,0,0,0,0,0,0,0,0,0
"Eric Gryba",20142015,OTT,D,75,0,0,0,--,0,0,0,0,0,0,0,0,0,0,0,0,0,0,0,0,0,0
"Eric Gryba",20152016,EDM,D,53,0,0,0,--,0,0,0,0,0,0,0,0,0,0,0,0,0,0,0,0,0,0
"Eric Gryba",20162017,EDM,D,40,0,0,0,--,0,0,0,0,0,0,0,0,0,0,0,0,0,0,0,0,0,0
"Eric Gryba",20172018,EDM,D,21,0,0,0,--,0,0,0,0,0,0,0,0,0,0,0,0,0,0,0,0,0,0
"Eric Gryba",20182019,NJD,D,10,0,0,0,--,0,0,0,0,0,0,0,0,0,0,0,0,0,0,0,0,0,0
"Matt Grzelcyk",20162017,BOS,D,2,0,0,0,--,0,0,0,0,0,0,0,0,0,0,0,0,0,0,0,0,0,0
"Matt Grzelcyk",20172018,BOS,D,61,0,0,0,--,0,0,0,0,0,0,0,0,0,0,0,0,0,0,0,0,0,0
"Matt Grzelcyk",20182019,BOS,D,66,0,0,0,--,0,0,0,0,0,0,0,0,0,0,0,0,0,0,0,0,0,0
"Radko Gudas",20122013,TBL,D,22,0,0,0,--,0,0,0,0,0,0,0,0,0,0,0,0,0,0,0,0,0,0
"Radko Gudas",20132014,TBL,D,73,0,0,0,--,0,0,0,0,0,0,0,0,0,0,0,0,0,0,0,0,0,0
"Radko Gudas",20142015,TBL,D,31,0,0,0,--,0,0,0,0,0,0,0,0,0,0,0,0,0,0,0,0,0,0
"Radko Gudas",20152016,PHI,D,76,0,0,0,--,0,0,0,0,0,0,0,0,0,0,0,0,0,0,0,0,0,0
"Radko Gudas",20162017,PHI,D,67,0,0,0,--,0,0,0,0,0,0,0,0,0,0,0,0,0,0,0,0,0,0
"Radko Gudas",20172018,PHI,D,70,0,0,0,--,0,0,0,0,0,0,0,0,0,0,0,0,0,0,0,0,0,0
"Radko Gudas",20182019,PHI,D,77,0,0,0,--,0,0,0,0,0,0,0,0,0,0,0,0,0,0,0,0,0,0
"Erik Gudbranson",20112012,FLA,D,72,0,0,0,--,0,0,0,0,0,0,0,0,0,0,0,0,0,0,0,0,0,0
"Erik Gudbranson",20122013,FLA,D,32,0,0,0,--,0,0,0,0,0,0,0,0,0,0,0,0,0,0,0,0,0,0
"Erik Gudbranson",20132014,FLA,D,65,0,0,0,--,0,0,0,0,0,0,0,0,0,0,0,0,0,0,0,0,0,0
"Erik Gudbranson",20142015,FLA,D,76,0,0,0,--,0,0,0,0,0,0,0,0,0,0,0,0,0,0,0,0,0,0
"Erik Gudbranson",20152016,FLA,D,64,0,0,0,--,0,0,0,0,0,0,0,0,0,0,0,0,0,0,0,0,0,0
"Erik Gudbranson",20162017,VAN,D,30,0,0,0,--,0,0,0,0,0,0,0,0,0,0,0,0,0,0,0,0,0,0
"Erik Gudbranson",20172018,VAN,D,52,0,0,0,--,0,0,0,0,0,0,0,0,0,0,0,0,0,0,0,0,0,0
"Erik Gudbranson",20182019,"VAN,PIT",D,76,0,0,0,--,0,0,0,0,0,0,0,0,0,0,0,0,0,0,0,0,0,0
"Nate Guenin",20092010,PIT,D,2,0,0,0,--,0,0,0,0,0,0,0,0,0,0,0,0,0,0,0,0,0,0
"Nate Guenin",20102011,CBJ,D,3,0,0,0,--,0,0,0,0,0,0,0,0,0,0,0,0,0,0,0,0,0,0
"Nate Guenin",20112012,ANA,D,15,0,0,0,--,0,0,0,0,0,0,0,0,0,0,0,0,0,0,0,0,0,0
"Nate Guenin",20132014,COL,D,68,0,0,0,--,0,0,0,0,0,0,0,0,0,0,0,0,0,0,0,0,0,0
"Nate Guenin",20142015,COL,D,76,0,0,0,--,0,0,0,0,0,0,0,0,0,0,0,0,0,0,0,0,0,0
"Nate Guenin",20152016,COL,D,29,0,0,0,--,0,0,0,0,0,0,0,0,0,0,0,0,0,0,0,0,0,0
"Jake Guentzel",20162017,PIT,L,40,17,8,9,47.1,12,6,6,5,2,3,0,0,0,7,4,3,8,3,5,2,1,1
"Jake Guentzel",20172018,PIT,L,82,130,65,65,50,96,46,50,29,16,13,5,3,2,72,37,35,41,21,20,17,7,10
"Jake Guentzel",20182019,PIT,L,82,30,10,20,33.3,18,6,12,10,3,7,2,1,1,21,8,13,5,2,3,4,0,4
"Bill Guerin",20092010,PIT,R,78,28,14,14,50,17,9,8,11,5,6,0,0,0,19,10,9,4,2,2,5,2,3
"Brendan Guhle",20162017,BUF,D,3,0,0,0,--,0,0,0,0,0,0,0,0,0,0,0,0,0,0,0,0,0,0
"Brendan Guhle",20172018,BUF,D,18,0,0,0,--,0,0,0,0,0,0,0,0,0,0,0,0,0,0,0,0,0,0
"Brendan Guhle",20182019,"BUF,ANA",D,8,0,0,0,--,0,0,0,0,0,0,0,0,0,0,0,0,0,0,0,0,0,0
"Ben Guite",20092010,NSH,R,6,34,15,19,44.1,28,13,15,0,0,0,6,2,4,15,6,9,5,2,3,14,7,7
"Carl Gunnarsson",20092010,TOR,D,43,1,0,1,0,0,0,0,0,0,0,1,0,1,0,0,0,0,0,0,1,0,1
"Carl Gunnarsson",20102011,TOR,D,68,0,0,0,--,0,0,0,0,0,0,0,0,0,0,0,0,0,0,0,0,0,0
"Carl Gunnarsson",20112012,TOR,D,76,1,0,1,0,0,0,0,0,0,0,1,0,1,0,0,0,0,0,0,1,0,1
"Carl Gunnarsson",20122013,TOR,D,37,0,0,0,--,0,0,0,0,0,0,0,0,0,0,0,0,0,0,0,0,0,0
"Carl Gunnarsson",20132014,TOR,D,80,0,0,0,--,0,0,0,0,0,0,0,0,0,0,0,0,0,0,0,0,0,0
"Carl Gunnarsson",20142015,STL,D,61,0,0,0,--,0,0,0,0,0,0,0,0,0,0,0,0,0,0,0,0,0,0
"Carl Gunnarsson",20152016,STL,D,72,0,0,0,--,0,0,0,0,0,0,0,0,0,0,0,0,0,0,0,0,0,0
"Carl Gunnarsson",20162017,STL,D,56,0,0,0,--,0,0,0,0,0,0,0,0,0,0,0,0,0,0,0,0,0,0
"Carl Gunnarsson",20172018,STL,D,63,0,0,0,--,0,0,0,0,0,0,0,0,0,0,0,0,0,0,0,0,0,0
"Carl Gunnarsson",20182019,STL,D,25,0,0,0,--,0,0,0,0,0,0,0,0,0,0,0,0,0,0,0,0,0,0
"Denis Gurianov",20162017,DAL,R,1,0,0,0,--,0,0,0,0,0,0,0,0,0,0,0,0,0,0,0,0,0,0
"Denis Gurianov",20182019,DAL,R,21,2,1,1,50,2,1,1,0,0,0,0,0,0,0,0,0,2,1,1,0,0,0
"Erik Gustafsson",20102011,PHI,D,3,0,0,0,--,0,0,0,0,0,0,0,0,0,0,0,0,0,0,0,0,0,0
"Erik Gustafsson",20112012,PHI,D,30,0,0,0,--,0,0,0,0,0,0,0,0,0,0,0,0,0,0,0,0,0,0
"Erik Gustafsson",20122013,PHI,D,27,1,0,1,0,1,0,1,0,0,0,0,0,0,0,0,0,0,0,0,1,0,1
"Erik Gustafsson",20132014,PHI,D,31,0,0,0,--,0,0,0,0,0,0,0,0,0,0,0,0,0,0,0,0,0,0
"Erik Gustafsson",20152016,CHI,D,41,0,0,0,--,0,0,0,0,0,0,0,0,0,0,0,0,0,0,0,0,0,0
"Erik Gustafsson",20172018,CHI,D,35,1,0,1,0,1,0,1,0,0,0,0,0,0,0,0,0,1,0,1,0,0,0
"Erik Gustafsson",20182019,CHI,D,79,0,0,0,--,0,0,0,0,0,0,0,0,0,0,0,0,0,0,0,0,0,0
"Henrik Haapala",20172018,FLA,L,5,0,0,0,--,0,0,0,0,0,0,0,0,0,0,0,0,0,0,0,0,0,0
"Carl Hagelin",20112012,NYR,L,64,6,1,5,16.7,5,1,4,0,0,0,1,0,1,3,1,2,1,0,1,2,0,2
"Carl Hagelin",20122013,NYR,L,48,17,7,10,41.2,11,4,7,0,0,0,6,3,3,6,2,4,7,3,4,4,2,2
"Carl Hagelin",20132014,NYR,L,72,5,0,5,0,3,0,3,0,0,0,2,0,2,2,0,2,3,0,3,0,0,0
"Carl Hagelin",20142015,NYR,L,82,17,6,11,35.3,10,3,7,0,0,0,7,3,4,4,0,4,9,4,5,4,2,2
"Carl Hagelin",20152016,"ANA,PIT",L,80,14,6,8,42.9,11,3,8,0,0,0,3,3,0,7,2,5,4,2,2,3,2,1
"Carl Hagelin",20162017,PIT,L,61,6,3,3,50,5,2,3,0,0,0,1,1,0,5,2,3,0,0,0,1,1,0
"Carl Hagelin",20172018,PIT,L,81,49,21,28,42.9,44,19,25,1,0,1,4,2,2,27,11,16,14,9,5,8,1,7
"Carl Hagelin",20182019,"PIT,LAK,WSH",L,58,27,6,21,22.2,22,4,18,0,0,0,5,2,3,15,3,12,6,0,6,6,3,3
"Robert Hagg",20162017,PHI,D,1,0,0,0,--,0,0,0,0,0,0,0,0,0,0,0,0,0,0,0,0,0,0
"Robert Hagg",20172018,PHI,D,70,0,0,0,--,0,0,0,0,0,0,0,0,0,0,0,0,0,0,0,0,0,0
"Robert Hagg",20182019,PHI,D,82,0,0,0,--,0,0,0,0,0,0,0,0,0,0,0,0,0,0,0,0,0,0
"Niklas Hagman",20092010,"TOR,CGY",L,82,38,12,26,31.6,23,8,15,10,4,6,5,0,5,16,8,8,9,1,8,13,3,10
"Niklas Hagman",20102011,CGY,L,71,25,3,22,12,18,3,15,7,0,7,0,0,0,8,1,7,9,1,8,8,1,7
"Niklas Hagman",20112012,"CGY,ANA",L,71,20,8,12,40,9,2,7,2,1,1,9,5,4,7,2,5,6,3,3,7,3,4
"Ron Hainsey",20092010,ATL,D,80,0,0,0,--,0,0,0,0,0,0,0,0,0,0,0,0,0,0,0,0,0,0
"Ron Hainsey",20102011,ATL,D,82,0,0,0,--,0,0,0,0,0,0,0,0,0,0,0,0,0,0,0,0,0,0
"Ron Hainsey",20112012,WPG,D,56,0,0,0,--,0,0,0,0,0,0,0,0,0,0,0,0,0,0,0,0,0,0
"Ron Hainsey",20122013,WPG,D,47,0,0,0,--,0,0,0,0,0,0,0,0,0,0,0,0,0,0,0,0,0,0
"Ron Hainsey",20132014,CAR,D,82,0,0,0,--,0,0,0,0,0,0,0,0,0,0,0,0,0,0,0,0,0,0
"Ron Hainsey",20142015,CAR,D,81,1,1,0,100,1,1,0,0,0,0,0,0,0,0,0,0,0,0,0,1,1,0
"Ron Hainsey",20152016,CAR,D,81,0,0,0,--,0,0,0,0,0,0,0,0,0,0,0,0,0,0,0,0,0,0
"Ron Hainsey",20162017,"CAR,PIT",D,72,0,0,0,--,0,0,0,0,0,0,0,0,0,0,0,0,0,0,0,0,0,0
"Ron Hainsey",20172018,TOR,D,80,0,0,0,--,0,0,0,0,0,0,0,0,0,0,0,0,0,0,0,0,0,0
"Ron Hainsey",20182019,TOR,D,81,1,1,0,100,0,0,0,0,0,0,1,1,0,0,0,0,0,0,0,1,1,0
"Libor Hajek",20182019,NYR,D,5,0,0,0,--,0,0,0,0,0,0,0,0,0,0,0,0,0,0,0,0,0,0
"David Hale",20092010,TBL,D,39,0,0,0,--,0,0,0,0,0,0,0,0,0,0,0,0,0,0,0,0,0,0
"David Hale",20102011,OTT,D,25,0,0,0,--,0,0,0,0,0,0,0,0,0,0,0,0,0,0,0,0,0,0
"Micheal Haley",20092010,NYI,C,2,5,1,4,20,4,1,3,0,0,0,1,0,1,4,1,3,0,0,0,1,0,1
"Micheal Haley",20102011,NYI,C,27,20,7,13,35,18,6,12,0,0,0,2,1,1,7,2,5,8,4,4,5,1,4
"Micheal Haley",20112012,NYI,C,14,2,1,1,50,2,1,1,0,0,0,0,0,0,0,0,0,1,0,1,1,1,0
"Micheal Haley",20122013,NYR,C,9,3,2,1,66.7,3,2,1,0,0,0,0,0,0,1,0,1,1,1,0,1,1,0
"Micheal Haley",20142015,SJS,C,4,2,2,0,100,2,2,0,0,0,0,0,0,0,0,0,0,0,0,0,2,2,0
"Micheal Haley",20152016,SJS,C,16,19,11,8,57.9,19,11,8,0,0,0,0,0,0,5,2,3,11,7,4,3,2,1
"Micheal Haley",20162017,SJS,C,58,149,66,83,44.3,149,66,83,0,0,0,0,0,0,52,22,30,61,24,37,36,20,16
"Micheal Haley",20172018,FLA,C,75,40,19,21,47.5,39,19,20,0,0,0,1,0,1,16,10,6,8,1,7,16,8,8
"Micheal Haley",20182019,"FLA,SJS",C,43,30,13,17,43.3,29,13,16,1,0,1,0,0,0,14,5,9,7,2,5,9,6,3
"Matt Halischuk",20092010,NJD,R,20,4,1,3,25,4,1,3,0,0,0,0,0,0,2,0,2,1,0,1,1,1,0
"Matt Halischuk",20102011,NSH,R,27,4,0,4,0,4,0,4,0,0,0,0,0,0,3,0,3,0,0,0,1,0,1
"Matt Halischuk",20112012,NSH,R,73,30,11,19,36.7,26,10,16,1,0,1,3,1,2,14,4,10,3,1,2,13,6,7
"Matt Halischuk",20122013,NSH,R,36,6,2,4,33.3,5,2,3,0,0,0,1,0,1,4,2,2,1,0,1,1,0,1
"Matt Halischuk",20132014,WPG,R,46,4,2,2,50,2,1,1,0,0,0,2,1,1,1,1,0,3,1,2,0,0,0
"Matt Halischuk",20142015,WPG,R,47,1,1,0,100,0,0,0,0,0,0,1,1,0,1,1,0,0,0,0,0,0,0
"Matt Halischuk",20152016,WPG,R,30,3,1,2,33.3,1,0,1,0,0,0,2,1,1,1,1,0,2,0,2,0,0,0
"Adam Hall",20102011,TBL,R,82,655,360,295,55,457,271,186,22,10,12,176,79,97,131,66,65,209,130,79,315,164,151
"Adam Hall",20112012,TBL,R,57,464,276,188,59.5,314,191,123,4,2,2,146,83,63,74,42,32,135,81,54,255,153,102
"Adam Hall",20122013,"TBL,CAR,PHI",R,37,251,141,110,56.2,164,94,70,4,2,2,83,45,38,15,7,8,64,41,23,172,93,79
"Adam Hall",20132014,PHI,R,80,527,314,213,59.6,323,202,121,3,2,1,201,110,91,67,43,24,101,55,46,359,216,143
"Taylor Hall",20102011,EDM,L,65,105,42,63,40,77,32,45,28,10,18,0,0,0,52,24,28,36,10,26,17,8,9
"Taylor Hall",20112012,EDM,L,61,57,23,34,40.4,53,20,33,4,3,1,0,0,0,33,13,20,12,5,7,12,5,7
"Taylor Hall",20122013,EDM,L,45,53,29,24,54.7,39,20,19,13,9,4,1,0,1,43,24,19,6,2,4,4,3,1
"Taylor Hall",20132014,EDM,L,75,81,37,44,45.7,69,32,37,8,3,5,4,2,2,35,11,24,37,20,17,9,6,3
"Taylor Hall",20142015,EDM,L,53,98,45,53,45.9,94,44,50,3,0,3,1,1,0,42,20,22,33,14,19,23,11,12
"Taylor Hall",20152016,EDM,L,82,39,14,25,35.9,30,10,20,9,4,5,0,0,0,30,11,19,6,2,4,3,1,2
"Taylor Hall",20162017,NJD,L,72,18,8,10,44.4,12,6,6,5,2,3,1,0,1,13,7,6,3,0,3,2,1,1
"Taylor Hall",20172018,NJD,L,76,148,72,76,48.6,126,58,68,22,14,8,0,0,0,92,48,44,39,18,21,17,6,11
"Taylor Hall",20182019,NJD,L,33,58,26,32,44.8,50,21,29,7,5,2,1,0,1,38,18,20,12,4,8,8,4,4
"Mike Halmo",20132014,NYI,L,20,20,4,16,20,18,4,14,2,0,2,0,0,0,13,1,12,4,2,2,3,1,2
"Jeff Halpern",20092010,"TBL,LAK",C,71,570,294,276,51.6,365,194,171,45,26,19,160,74,86,152,77,75,158,84,74,258,131,127
"Jeff Halpern",20102011,MTL,C,72,594,338,256,56.9,460,260,200,8,2,6,126,76,50,149,65,84,163,103,60,282,170,112
"Jeff Halpern",20112012,WSH,C,69,625,365,260,58.4,475,274,201,10,5,5,140,86,54,121,75,46,191,103,88,313,187,126
"Jeff Halpern",20122013,"NYR,MTL",C,46,371,208,163,56.1,288,166,122,3,1,2,80,41,39,65,33,32,99,61,38,207,114,93
"Jeff Halpern",20132014,PHX,C,69,562,296,266,52.7,431,239,192,10,5,5,121,52,69,113,58,55,154,86,68,295,152,143
"Dan Hamhuis",20092010,NSH,D,78,0,0,0,--,0,0,0,0,0,0,0,0,0,0,0,0,0,0,0,0,0,0
"Dan Hamhuis",20102011,VAN,D,64,0,0,0,--,0,0,0,0,0,0,0,0,0,0,0,0,0,0,0,0,0,0
"Dan Hamhuis",20112012,VAN,D,82,0,0,0,--,0,0,0,0,0,0,0,0,0,0,0,0,0,0,0,0,0,0
"Dan Hamhuis",20122013,VAN,D,47,0,0,0,--,0,0,0,0,0,0,0,0,0,0,0,0,0,0,0,0,0,0
"Dan Hamhuis",20132014,VAN,D,79,0,0,0,--,0,0,0,0,0,0,0,0,0,0,0,0,0,0,0,0,0,0
"Dan Hamhuis",20142015,VAN,D,59,0,0,0,--,0,0,0,0,0,0,0,0,0,0,0,0,0,0,0,0,0,0
"Dan Hamhuis",20152016,VAN,D,58,0,0,0,--,0,0,0,0,0,0,0,0,0,0,0,0,0,0,0,0,0,0
"Dan Hamhuis",20162017,DAL,D,79,0,0,0,--,0,0,0,0,0,0,0,0,0,0,0,0,0,0,0,0,0,0
"Dan Hamhuis",20172018,DAL,D,80,1,0,1,0,0,0,0,0,0,0,1,0,1,0,0,0,1,0,1,0,0,0
"Dan Hamhuis",20182019,NSH,D,57,0,0,0,--,0,0,0,0,0,0,0,0,0,0,0,0,0,0,0,0,0,0
"Zach Hamill",20092010,BOS,C,1,4,1,3,25,4,1,3,0,0,0,0,0,0,1,0,1,3,1,2,0,0,0
"Zach Hamill",20102011,BOS,C,3,16,5,11,31.3,16,5,11,0,0,0,0,0,0,6,1,5,6,3,3,4,1,3
"Zach Hamill",20112012,BOS,C,16,31,15,16,48.4,27,13,14,3,1,2,1,1,0,11,4,7,14,7,7,6,4,2
"Curtis Hamilton",20142015,EDM,L,1,0,0,0,--,0,0,0,0,0,0,0,0,0,0,0,0,0,0,0,0,0,0
"Dougie Hamilton",20122013,BOS,D,42,0,0,0,--,0,0,0,0,0,0,0,0,0,0,0,0,0,0,0,0,0,0
"Dougie Hamilton",20132014,BOS,D,64,0,0,0,--,0,0,0,0,0,0,0,0,0,0,0,0,0,0,0,0,0,0
"Dougie Hamilton",20142015,BOS,D,72,0,0,0,--,0,0,0,0,0,0,0,0,0,0,0,0,0,0,0,0,0,0
"Dougie Hamilton",20152016,CGY,D,82,0,0,0,--,0,0,0,0,0,0,0,0,0,0,0,0,0,0,0,0,0,0
"Dougie Hamilton",20162017,CGY,D,81,0,0,0,--,0,0,0,0,0,0,0,0,0,0,0,0,0,0,0,0,0,0
"Dougie Hamilton",20172018,CGY,D,82,3,1,2,33.3,3,1,2,0,0,0,0,0,0,1,0,1,1,0,1,1,1,0
"Dougie Hamilton",20182019,CAR,D,82,1,0,1,0,1,0,1,0,0,0,0,0,0,0,0,0,1,0,1,0,0,0
"Freddie Hamilton",20132014,SJS,C,11,36,14,22,38.9,34,13,21,1,1,0,1,0,1,16,7,9,14,5,9,6,2,4
"Freddie Hamilton",20142015,"SJS,COL",C,18,61,24,37,39.3,58,23,35,3,1,2,0,0,0,24,6,18,19,11,8,18,7,11
"Freddie Hamilton",20152016,CGY,C,4,21,12,9,57.1,20,12,8,0,0,0,1,0,1,5,2,3,11,8,3,5,2,3
"Freddie Hamilton",20162017,CGY,C,26,126,75,51,59.5,118,70,48,0,0,0,8,5,3,22,10,12,40,30,10,64,35,29
"Freddie Hamilton",20172018,"CGY,ARI",C,16,72,28,44,38.9,72,28,44,0,0,0,0,0,0,17,7,10,28,13,15,27,8,19
"Ryan Hamilton",20112012,TOR,L,2,0,0,0,--,0,0,0,0,0,0,0,0,0,0,0,0,0,0,0,0,0,0
"Ryan Hamilton",20122013,TOR,L,10,18,4,14,22.2,17,4,13,0,0,0,1,0,1,7,1,6,6,2,4,5,1,4
"Ryan Hamilton",20132014,EDM,L,2,0,0,0,--,0,0,0,0,0,0,0,0,0,0,0,0,0,0,0,0,0,0
"Ryan Hamilton",20142015,EDM,L,16,4,1,3,25,3,1,2,1,0,1,0,0,0,1,0,1,2,0,2,1,1,0
"Travis Hamonic",20102011,NYI,D,62,0,0,0,--,0,0,0,0,0,0,0,0,0,0,0,0,0,0,0,0,0,0
"Travis Hamonic",20112012,NYI,D,73,0,0,0,--,0,0,0,0,0,0,0,0,0,0,0,0,0,0,0,0,0,0
"Travis Hamonic",20122013,NYI,D,48,0,0,0,--,0,0,0,0,0,0,0,0,0,0,0,0,0,0,0,0,0,0
"Travis Hamonic",20132014,NYI,D,69,0,0,0,--,0,0,0,0,0,0,0,0,0,0,0,0,0,0,0,0,0,0
"Travis Hamonic",20142015,NYI,D,71,0,0,0,--,0,0,0,0,0,0,0,0,0,0,0,0,0,0,0,0,0,0
"Travis Hamonic",20152016,NYI,D,72,0,0,0,--,0,0,0,0,0,0,0,0,0,0,0,0,0,0,0,0,0,0
"Travis Hamonic",20162017,NYI,D,49,0,0,0,--,0,0,0,0,0,0,0,0,0,0,0,0,0,0,0,0,0,0
"Travis Hamonic",20172018,CGY,D,74,1,0,1,0,0,0,0,0,0,0,1,0,1,0,0,0,0,0,0,1,0,1
"Travis Hamonic",20182019,CGY,D,69,1,0,1,0,1,0,1,0,0,0,0,0,0,0,0,0,0,0,0,1,0,1
"Roman Hamrlik",20092010,MTL,D,75,0,0,0,--,0,0,0,0,0,0,0,0,0,0,0,0,0,0,0,0,0,0
"Roman Hamrlik",20102011,MTL,D,79,0,0,0,--,0,0,0,0,0,0,0,0,0,0,0,0,0,0,0,0,0,0
"Roman Hamrlik",20112012,WSH,D,68,0,0,0,--,0,0,0,0,0,0,0,0,0,0,0,0,0,0,0,0,0,0
"Roman Hamrlik",20122013,"WSH,NYR",D,16,0,0,0,--,0,0,0,0,0,0,0,0,0,0,0,0,0,0,0,0,0,0
"Michal Handzus",20092010,LAK,C,81,"1,363",694,669,50.9,929,480,449,176,96,80,258,118,140,395,209,186,458,236,222,508,247,261
"Michal Handzus",20102011,LAK,C,82,"1,312",678,634,51.7,905,464,441,174,106,68,233,108,125,398,224,174,387,202,185,527,252,275
"Michal Handzus",20112012,SJS,C,67,815,413,402,50.7,687,339,348,72,45,27,56,29,27,249,130,119,293,154,139,273,129,144
"Michal Handzus",20122013,"SJS,CHI",C,39,426,236,190,55.4,358,207,151,22,5,17,46,24,22,125,64,61,137,72,65,164,100,64
"Michal Handzus",20132014,CHI,C,59,664,329,335,49.5,530,268,262,12,7,5,122,54,68,198,109,89,228,113,115,238,107,131
"Noah Hanifin",20152016,CAR,D,79,0,0,0,--,0,0,0,0,0,0,0,0,0,0,0,0,0,0,0,0,0,0
"Noah Hanifin",20162017,CAR,D,81,0,0,0,--,0,0,0,0,0,0,0,0,0,0,0,0,0,0,0,0,0,0
"Noah Hanifin",20172018,CAR,D,79,0,0,0,--,0,0,0,0,0,0,0,0,0,0,0,0,0,0,0,0,0,0
"Noah Hanifin",20182019,CGY,D,80,0,0,0,--,0,0,0,0,0,0,0,0,0,0,0,0,0,0,0,0,0,0
"Joel Hanley",20152016,MTL,D,10,0,0,0,--,0,0,0,0,0,0,0,0,0,0,0,0,0,0,0,0,0,0
"Joel Hanley",20162017,MTL,D,7,0,0,0,--,0,0,0,0,0,0,0,0,0,0,0,0,0,0,0,0,0,0
"Joel Hanley",20172018,ARI,D,5,0,0,0,--,0,0,0,0,0,0,0,0,0,0,0,0,0,0,0,0,0,0
"Joel Hanley",20182019,DAL,D,16,0,0,0,--,0,0,0,0,0,0,0,0,0,0,0,0,0,0,0,0,0,0
"Scott Hannan",20092010,COL,D,81,2,2,0,100,1,1,0,0,0,0,1,1,0,0,0,0,0,0,0,2,2,0
"Scott Hannan",20102011,"COL,WSH",D,78,0,0,0,--,0,0,0,0,0,0,0,0,0,0,0,0,0,0,0,0,0,0
"Scott Hannan",20112012,CGY,D,78,1,1,0,100,1,1,0,0,0,0,0,0,0,1,1,0,0,0,0,0,0,0
"Scott Hannan",20122013,"NSH,SJS",D,33,0,0,0,--,0,0,0,0,0,0,0,0,0,0,0,0,0,0,0,0,0,0
"Scott Hannan",20132014,SJS,D,56,0,0,0,--,0,0,0,0,0,0,0,0,0,0,0,0,0,0,0,0,0,0
"Scott Hannan",20142015,SJS,D,58,0,0,0,--,0,0,0,0,0,0,0,0,0,0,0,0,0,0,0,0,0,0
"Markus Hannikainen",20152016,CBJ,L,4,0,0,0,--,0,0,0,0,0,0,0,0,0,0,0,0,0,0,0,0,0,0
"Markus Hannikainen",20162017,CBJ,L,10,0,0,0,--,0,0,0,0,0,0,0,0,0,0,0,0,0,0,0,0,0,0
"Markus Hannikainen",20172018,CBJ,L,33,4,3,1,75,3,3,0,0,0,0,1,0,1,1,1,0,0,0,0,3,2,1
"Markus Hannikainen",20182019,CBJ,L,44,3,0,3,0,2,0,2,1,0,1,0,0,0,3,0,3,0,0,0,0,0,0
"Ben Hanowski",20122013,CGY,R,5,2,0,2,0,2,0,2,0,0,0,0,0,0,2,0,2,0,0,0,0,0,0
"Ben Hanowski",20132014,CGY,R,11,1,1,0,100,1,1,0,0,0,0,0,0,0,1,1,0,0,0,0,0,0,0
"Jannik Hansen",20092010,VAN,R,47,14,6,8,42.9,9,3,6,0,0,0,5,3,2,4,1,3,6,3,3,4,2,2
"Jannik Hansen",20102011,VAN,R,82,19,8,11,42.1,13,6,7,0,0,0,6,2,4,8,3,5,4,4,0,7,1,6
"Jannik Hansen",20112012,VAN,R,82,29,12,17,41.4,21,11,10,1,0,1,7,1,6,11,6,5,10,4,6,8,2,6
"Jannik Hansen",20122013,VAN,R,47,31,3,28,9.7,20,0,20,2,1,1,9,2,7,15,2,13,9,1,8,7,0,7
"Jannik Hansen",20132014,VAN,R,71,29,12,17,41.4,23,8,15,2,2,0,4,2,2,13,6,7,7,2,5,9,4,5
"Jannik Hansen",20142015,VAN,R,81,6,1,5,16.7,4,1,3,0,0,0,2,0,2,1,0,1,4,0,4,1,1,0
"Jannik Hansen",20152016,VAN,R,67,21,6,15,28.6,16,4,12,1,0,1,4,2,2,10,4,6,9,1,8,2,1,1
"Jannik Hansen",20162017,"VAN,SJS",R,43,1,0,1,0,1,0,1,0,0,0,0,0,0,1,0,1,0,0,0,0,0,0
"Jannik Hansen",20172018,SJS,R,46,12,8,4,66.7,8,5,3,0,0,0,4,3,1,4,3,1,5,2,3,3,3,0
"Christian Hanson",20092010,TOR,C,31,177,98,79,55.4,148,82,66,14,7,7,15,9,6,63,33,30,58,33,25,56,32,24
"Christian Hanson",20102011,TOR,C,6,17,7,10,41.2,13,5,8,0,0,0,4,2,2,2,0,2,7,3,4,8,4,4
"Martin Hanzal",20092010,PHX,C,81,"1,104",559,545,50.6,867,439,428,104,60,44,133,60,73,248,122,126,455,236,219,402,201,201
"Martin Hanzal",20102011,PHX,C,61,"1,029",518,511,50.3,748,373,375,181,95,86,100,50,50,351,171,180,338,163,175,340,184,156
"Martin Hanzal",20112012,PHX,C,64,"1,097",571,526,52,806,418,388,199,111,88,92,42,50,416,226,190,368,179,189,313,166,147
"Martin Hanzal",20122013,PHX,C,39,637,298,339,46.8,505,239,266,117,50,67,15,9,6,307,136,171,205,102,103,125,60,65
"Martin Hanzal",20132014,PHX,C,65,"1,099",599,500,54.5,855,464,391,174,107,67,70,28,42,387,214,173,408,223,185,304,162,142
"Martin Hanzal",20142015,ARI,C,37,612,346,266,56.5,509,291,218,51,30,21,52,25,27,181,103,78,228,137,91,203,106,97
"Martin Hanzal",20152016,ARI,C,64,"1,047",586,461,56,763,421,342,217,133,84,67,32,35,437,251,186,329,182,147,281,153,128
"Martin Hanzal",20162017,"ARI,MIN",C,71,"1,360",767,593,56.4,"1,087",617,470,158,96,62,115,54,61,420,246,174,419,254,165,521,267,254
"Martin Hanzal",20172018,DAL,C,38,434,239,195,55.1,332,186,146,30,19,11,72,34,38,83,47,36,126,68,58,225,124,101
"Martin Hanzal",20182019,DAL,C,7,76,45,31,59.2,55,39,16,5,2,3,16,4,12,14,8,6,27,18,9,35,19,16
"Johan Harju",20102011,TBL,L,10,5,2,3,40,4,2,2,1,0,1,0,0,0,4,1,3,1,1,0,0,0,0
"Shane Harper",20162017,FLA,R,14,0,0,0,--,0,0,0,0,0,0,0,0,0,0,0,0,0,0,0,0,0,0
"Ben Harpur",20152016,OTT,D,5,0,0,0,--,0,0,0,0,0,0,0,0,0,0,0,0,0,0,0,0,0,0
"Ben Harpur",20162017,OTT,D,6,0,0,0,--,0,0,0,0,0,0,0,0,0,0,0,0,0,0,0,0,0,0
"Ben Harpur",20172018,OTT,D,41,0,0,0,--,0,0,0,0,0,0,0,0,0,0,0,0,0,0,0,0,0,0
"Ben Harpur",20182019,OTT,D,51,0,0,0,--,0,0,0,0,0,0,0,0,0,0,0,0,0,0,0,0,0,0
"Scott Harrington",20142015,PIT,D,10,0,0,0,--,0,0,0,0,0,0,0,0,0,0,0,0,0,0,0,0,0,0
"Scott Harrington",20152016,TOR,D,15,0,0,0,--,0,0,0,0,0,0,0,0,0,0,0,0,0,0,0,0,0,0
"Scott Harrington",20162017,CBJ,D,22,0,0,0,--,0,0,0,0,0,0,0,0,0,0,0,0,0,0,0,0,0,0
"Scott Harrington",20172018,CBJ,D,32,0,0,0,--,0,0,0,0,0,0,0,0,0,0,0,0,0,0,0,0,0,0
"Scott Harrington",20182019,CBJ,D,73,0,0,0,--,0,0,0,0,0,0,0,0,0,0,0,0,0,0,0,0,0,0
"Jay Harrison",20092010,CAR,D,38,0,0,0,--,0,0,0,0,0,0,0,0,0,0,0,0,0,0,0,0,0,0
"Jay Harrison",20102011,CAR,D,72,0,0,0,--,0,0,0,0,0,0,0,0,0,0,0,0,0,0,0,0,0,0
"Jay Harrison",20112012,CAR,D,72,0,0,0,--,0,0,0,0,0,0,0,0,0,0,0,0,0,0,0,0,0,0
"Jay Harrison",20122013,CAR,D,47,0,0,0,--,0,0,0,0,0,0,0,0,0,0,0,0,0,0,0,0,0,0
"Jay Harrison",20132014,CAR,D,68,0,0,0,--,0,0,0,0,0,0,0,0,0,0,0,0,0,0,0,0,0,0
"Jay Harrison",20142015,"CAR,WPG",D,55,0,0,0,--,0,0,0,0,0,0,0,0,0,0,0,0,0,0,0,0,0,0
"Peter Harrold",20092010,LAK,D,39,14,2,12,14.3,11,2,9,3,0,3,0,0,0,6,1,5,5,0,5,3,1,2
"Peter Harrold",20102011,LAK,D,19,0,0,0,--,0,0,0,0,0,0,0,0,0,0,0,0,0,0,0,0,0,0
"Peter Harrold",20112012,NJD,D,11,0,0,0,--,0,0,0,0,0,0,0,0,0,0,0,0,0,0,0,0,0,0
"Peter Harrold",20122013,NJD,D,23,0,0,0,--,0,0,0,0,0,0,0,0,0,0,0,0,0,0,0,0,0,0
"Peter Harrold",20132014,NJD,D,33,0,0,0,--,0,0,0,0,0,0,0,0,0,0,0,0,0,0,0,0,0,0
"Peter Harrold",20142015,NJD,D,43,0,0,0,--,0,0,0,0,0,0,0,0,0,0,0,0,0,0,0,0,0,0
"Teemu Hartikainen",20102011,EDM,C,12,18,6,12,33.3,6,2,4,12,4,8,0,0,0,10,3,7,5,2,3,3,1,2
"Teemu Hartikainen",20112012,EDM,C,17,12,4,8,33.3,12,4,8,0,0,0,0,0,0,5,1,4,1,1,0,6,2,4
"Teemu Hartikainen",20122013,EDM,C,23,4,1,3,25,3,1,2,1,0,1,0,0,0,3,0,3,0,0,0,1,1,0
"Ryan Hartman",20142015,CHI,R,5,0,0,0,--,0,0,0,0,0,0,0,0,0,0,0,0,0,0,0,0,0,0
"Ryan Hartman",20152016,CHI,R,3,4,1,3,25,4,1,3,0,0,0,0,0,0,3,0,3,0,0,0,1,1,0
"Ryan Hartman",20162017,CHI,R,76,62,25,37,40.3,54,20,34,7,4,3,1,1,0,41,18,23,11,2,9,10,5,5
"Ryan Hartman",20172018,"CHI,NSH",R,78,203,93,110,45.8,194,90,104,9,3,6,0,0,0,97,37,60,69,33,36,37,23,14
"Ryan Hartman",20182019,"NSH,PHI",R,83,16,4,12,25,13,4,9,3,0,3,0,0,0,9,2,7,4,1,3,3,1,2
"Scott Hartnell",20092010,PHI,L,81,5,1,4,20,4,1,3,1,0,1,0,0,0,3,1,2,1,0,1,1,0,1
"Scott Hartnell",20102011,PHI,L,82,10,5,5,50,10,5,5,0,0,0,0,0,0,4,2,2,3,3,0,3,0,3
"Scott Hartnell",20112012,PHI,L,82,63,20,43,31.8,48,16,32,14,4,10,1,0,1,36,10,26,14,6,8,13,4,9
"Scott Hartnell",20122013,PHI,L,32,4,3,1,75,3,2,1,1,1,0,0,0,0,2,2,0,0,0,0,2,1,1
"Scott Hartnell",20132014,PHI,L,78,18,4,14,22.2,12,2,10,5,2,3,1,0,1,14,3,11,3,0,3,1,1,0
"Scott Hartnell",20142015,CBJ,L,77,14,7,7,50,13,7,6,1,0,1,0,0,0,6,3,3,3,1,2,5,3,2
"Scott Hartnell",20152016,CBJ,L,79,3,0,3,0,3,0,3,0,0,0,0,0,0,2,0,2,0,0,0,1,0,1
"Scott Hartnell",20162017,CBJ,L,78,6,3,3,50,5,2,3,1,1,0,0,0,0,5,3,2,1,0,1,0,0,0
"Scott Hartnell",20172018,NSH,L,62,15,3,12,20,14,3,11,1,0,1,0,0,0,8,3,5,4,0,4,3,0,3
"Garnet Hathaway",20152016,CGY,R,14,4,1,3,25,3,1,2,0,0,0,1,0,1,1,1,0,0,0,0,3,0,3
"Garnet Hathaway",20162017,CGY,R,26,19,10,9,52.6,18,9,9,1,1,0,0,0,0,5,2,3,11,7,4,3,1,2
"Garnet Hathaway",20172018,CGY,R,59,10,1,9,10,9,1,8,1,0,1,0,0,0,7,1,6,2,0,2,1,0,1
"Garnet Hathaway",20182019,CGY,R,76,15,7,8,46.7,8,5,3,0,0,0,7,2,5,2,1,1,4,3,1,9,3,6
"Erik Haula",20132014,MIN,L,46,348,161,187,46.3,297,143,154,8,3,5,43,15,28,103,49,54,113,48,65,132,64,68
"Erik Haula",20142015,MIN,L,72,573,260,313,45.4,506,236,270,5,2,3,62,22,40,141,74,67,225,96,129,207,90,117
"Erik Haula",20152016,MIN,L,76,781,416,365,53.3,707,381,326,8,1,7,66,34,32,180,91,89,271,141,130,330,184,146
"Erik Haula",20162017,MIN,L,72,750,404,346,53.9,690,379,311,16,8,8,44,17,27,215,119,96,296,170,126,239,115,124
"Erik Haula",20172018,VGK,L,76,968,489,479,50.5,858,430,428,87,49,38,23,10,13,302,152,150,357,185,172,309,152,157
"Erik Haula",20182019,VGK,L,15,152,78,74,51.3,133,70,63,19,8,11,0,0,0,75,39,36,37,17,20,40,22,18
"Martin Havlat",20092010,MIN,R,73,12,6,6,50,9,4,5,2,1,1,1,1,0,3,2,1,4,3,1,5,1,4
"Martin Havlat",20102011,MIN,R,78,10,3,7,30,10,3,7,0,0,0,0,0,0,6,2,4,3,1,2,1,0,1
"Martin Havlat",20112012,SJS,R,39,7,0,7,0,3,0,3,4,0,4,0,0,0,6,0,6,0,0,0,1,0,1
"Martin Havlat",20122013,SJS,R,40,6,1,5,16.7,5,0,5,1,1,0,0,0,0,3,1,2,3,0,3,0,0,0
"Martin Havlat",20132014,SJS,R,48,4,0,4,0,3,0,3,1,0,1,0,0,0,2,0,2,2,0,2,0,0,0
"Martin Havlat",20142015,NJD,R,40,0,0,0,--,0,0,0,0,0,0,0,0,0,0,0,0,0,0,0,0,0,0
"Martin Havlat",20152016,STL,R,2,0,0,0,--,0,0,0,0,0,0,0,0,0,0,0,0,0,0,0,0,0,0
"Jayce Hawryluk",20182019,FLA,R,42,19,14,5,73.7,18,13,5,1,1,0,0,0,0,15,12,3,3,2,1,1,0,1
"Darren Haydar",20092010,COL,R,1,0,0,0,--,0,0,0,0,0,0,0,0,0,0,0,0,0,0,0,0,0,0
"John Hayden",20162017,CHI,C,12,0,0,0,--,0,0,0,0,0,0,0,0,0,0,0,0,0,0,0,0,0,0
"John Hayden",20172018,CHI,C,47,24,12,12,50,21,10,11,1,1,0,2,1,1,9,6,3,9,3,6,6,3,3
"John Hayden",20182019,CHI,C,54,29,7,22,24.1,26,5,21,3,2,1,0,0,0,17,7,10,5,0,5,7,0,7
"Eriah Hayes",20132014,SJS,R,15,21,9,12,42.9,21,9,12,0,0,0,0,0,0,7,4,3,8,3,5,6,2,4
"Eriah Hayes",20142015,SJS,R,4,1,1,0,100,1,1,0,0,0,0,0,0,0,1,1,0,0,0,0,0,0,0
"Jimmy Hayes",20112012,CHI,R,31,10,5,5,50,9,5,4,1,0,1,0,0,0,7,2,5,2,2,0,1,1,0
"Jimmy Hayes",20122013,CHI,R,10,7,4,3,57.1,7,4,3,0,0,0,0,0,0,1,1,0,5,2,3,1,1,0
"Jimmy Hayes",20132014,"CHI,FLA",R,55,30,11,19,36.7,30,11,19,0,0,0,0,0,0,10,3,7,6,3,3,14,5,9
"Jimmy Hayes",20142015,FLA,R,72,9,4,5,44.4,8,3,5,1,1,0,0,0,0,7,3,4,2,1,1,0,0,0
"Jimmy Hayes",20152016,BOS,R,75,112,42,70,37.5,85,33,52,27,9,18,0,0,0,73,30,43,6,2,4,33,10,23
"Jimmy Hayes",20162017,BOS,R,58,55,14,41,25.4,53,14,39,2,0,2,0,0,0,27,9,18,18,5,13,10,0,10
"Jimmy Hayes",20172018,NJD,R,33,15,6,9,40,11,4,7,4,2,2,0,0,0,13,5,8,1,1,0,1,0,1
"Kevin Hayes",20142015,NYR,C,79,681,247,434,36.3,645,238,407,26,9,17,10,0,10,232,86,146,317,107,210,132,54,78
"Kevin Hayes",20152016,NYR,C,79,381,137,244,36,363,128,235,17,9,8,1,0,1,133,49,84,180,63,117,68,25,43
"Kevin Hayes",20162017,NYR,C,76,968,442,526,45.7,803,363,440,54,27,27,111,52,59,219,106,113,322,141,181,427,195,232
"Kevin Hayes",20172018,NYR,C,76,"1,112",562,550,50.5,865,433,432,33,19,14,214,110,104,246,117,129,359,168,191,507,277,230
"Kevin Hayes",20182019,"NYR,WPG",C,71,981,483,498,49.2,790,396,394,84,44,40,107,43,64,342,167,175,300,162,138,339,154,185
"Dillon Heatherington",20172018,DAL,D,6,0,0,0,--,0,0,0,0,0,0,0,0,0,0,0,0,0,0,0,0,0,0
"Dillon Heatherington",20182019,DAL,D,5,0,0,0,--,0,0,0,0,0,0,0,0,0,0,0,0,0,0,0,0,0,0
"Dany Heatley",20092010,SJS,L,82,35,14,21,40,29,11,18,4,2,2,2,1,1,16,8,8,14,4,10,5,2,3
"Dany Heatley",20102011,SJS,L,80,20,9,11,45,15,6,9,1,0,1,4,3,1,8,3,5,6,2,4,6,4,2
"Dany Heatley",20112012,MIN,L,82,67,36,31,53.7,49,27,22,17,8,9,1,1,0,38,20,18,10,5,5,19,11,8
"Dany Heatley",20122013,MIN,L,36,31,12,19,38.7,21,8,13,10,4,6,0,0,0,17,6,11,6,2,4,8,4,4
"Dany Heatley",20132014,MIN,L,76,17,7,10,41.2,13,6,7,4,1,3,0,0,0,7,3,4,5,1,4,5,3,2
"Dany Heatley",20142015,ANA,L,6,0,0,0,--,0,0,0,0,0,0,0,0,0,0,0,0,0,0,0,0,0,0
"Jochen Hecht",20092010,BUF,C,79,322,146,176,45.3,205,89,116,29,17,12,88,40,48,98,42,56,96,41,55,126,61,65
"Jochen Hecht",20102011,BUF,C,67,729,314,415,43.1,567,241,326,69,30,39,93,43,50,229,103,126,300,127,173,200,84,116
"Jochen Hecht",20112012,BUF,C,22,300,136,164,45.3,254,119,135,11,7,4,35,10,25,80,38,42,126,56,70,94,42,52
"Jochen Hecht",20122013,BUF,C,47,353,147,206,41.6,277,118,159,6,1,5,70,28,42,74,25,49,136,59,77,143,63,80
"Victor Hedman",20092010,TBL,D,74,0,0,0,--,0,0,0,0,0,0,0,0,0,0,0,0,0,0,0,0,0,0
"Victor Hedman",20102011,TBL,D,79,0,0,0,--,0,0,0,0,0,0,0,0,0,0,0,0,0,0,0,0,0,0
"Victor Hedman",20112012,TBL,D,61,0,0,0,--,0,0,0,0,0,0,0,0,0,0,0,0,0,0,0,0,0,0
"Victor Hedman",20122013,TBL,D,44,0,0,0,--,0,0,0,0,0,0,0,0,0,0,0,0,0,0,0,0,0,0
"Victor Hedman",20132014,TBL,D,75,0,0,0,--,0,0,0,0,0,0,0,0,0,0,0,0,0,0,0,0,0,0
"Victor Hedman",20142015,TBL,D,59,0,0,0,--,0,0,0,0,0,0,0,0,0,0,0,0,0,0,0,0,0,0
"Victor Hedman",20152016,TBL,D,78,0,0,0,--,0,0,0,0,0,0,0,0,0,0,0,0,0,0,0,0,0,0
"Victor Hedman",20162017,TBL,D,79,0,0,0,--,0,0,0,0,0,0,0,0,0,0,0,0,0,0,0,0,0,0
"Victor Hedman",20172018,TBL,D,77,2,1,1,50,0,0,0,0,0,0,2,1,1,0,0,0,0,0,0,2,1,1
"Victor Hedman",20182019,TBL,D,70,1,0,1,0,0,0,0,0,0,0,1,0,1,0,0,0,0,0,0,1,0,1
"Tim Heed",20162017,SJS,D,1,0,0,0,--,0,0,0,0,0,0,0,0,0,0,0,0,0,0,0,0,0,0
"Tim Heed",20172018,SJS,D,29,0,0,0,--,0,0,0,0,0,0,0,0,0,0,0,0,0,0,0,0,0,0
"Tim Heed",20182019,SJS,D,37,0,0,0,--,0,0,0,0,0,0,0,0,0,0,0,0,0,0,0,0,0,0
"Ilkka Heikkinen",20092010,NYR,D,7,0,0,0,--,0,0,0,0,0,0,0,0,0,0,0,0,0,0,0,0,0,0
"Danton Heinen",20162017,BOS,L,8,0,0,0,--,0,0,0,0,0,0,0,0,0,0,0,0,0,0,0,0,0,0
"Danton Heinen",20172018,BOS,L,77,23,10,13,43.5,19,10,9,1,0,1,3,0,3,9,5,4,7,5,2,7,0,7
"Danton Heinen",20182019,BOS,L,77,12,2,10,16.7,9,2,7,0,0,0,3,0,3,7,2,5,2,0,2,3,0,3
"Miro Heiskanen",20182019,DAL,D,82,0,0,0,--,0,0,0,0,0,0,0,0,0,0,0,0,0,0,0,0,0,0
"Jan Hejda",20092010,CBJ,D,62,2,1,1,50,1,0,1,1,1,0,0,0,0,1,1,0,1,0,1,0,0,0
"Jan Hejda",20102011,CBJ,D,77,1,1,0,100,0,0,0,0,0,0,1,1,0,0,0,0,0,0,0,1,1,0
"Jan Hejda",20112012,COL,D,81,1,1,0,100,1,1,0,0,0,0,0,0,0,0,0,0,1,1,0,0,0,0
"Jan Hejda",20122013,COL,D,46,1,0,1,0,0,0,0,0,0,0,1,0,1,0,0,0,0,0,0,1,0,1
"Jan Hejda",20132014,COL,D,78,0,0,0,--,0,0,0,0,0,0,0,0,0,0,0,0,0,0,0,0,0,0
"Jan Hejda",20142015,COL,D,81,0,0,0,--,0,0,0,0,0,0,0,0,0,0,0,0,0,0,0,0,0,0
"Milan Hejduk",20092010,COL,R,56,14,4,10,28.6,6,1,5,5,3,2,3,0,3,8,3,5,3,1,2,3,0,3
"Milan Hejduk",20102011,COL,R,71,5,2,3,40,4,2,2,1,0,1,0,0,0,3,1,2,1,1,0,1,0,1
"Milan Hejduk",20112012,COL,R,81,8,2,6,25,8,2,6,0,0,0,0,0,0,7,2,5,1,0,1,0,0,0
"Milan Hejduk",20122013,COL,R,29,6,2,4,33.3,5,2,3,1,0,1,0,0,0,1,0,1,3,1,2,2,1,1
"Seth Helgeson",20142015,NJD,D,22,0,0,0,--,0,0,0,0,0,0,0,0,0,0,0,0,0,0,0,0,0,0
"Seth Helgeson",20152016,NJD,D,19,0,0,0,--,0,0,0,0,0,0,0,0,0,0,0,0,0,0,0,0,0,0
"Seth Helgeson",20162017,NJD,D,9,0,0,0,--,0,0,0,0,0,0,0,0,0,0,0,0,0,0,0,0,0,0
"Darren Helm",20092010,DET,L,75,875,447,428,51.1,671,353,318,15,7,8,189,87,102,212,113,99,305,157,148,360,177,183
"Darren Helm",20102011,DET,L,82,938,493,445,52.6,690,367,323,12,7,5,236,119,117,220,114,106,299,153,146,419,226,193
"Darren Helm",20112012,DET,L,68,777,403,374,51.9,613,317,296,24,9,15,140,77,63,230,108,122,258,132,126,289,163,126
"Darren Helm",20122013,DET,L,1,14,6,8,42.9,6,2,4,0,0,0,8,4,4,2,0,2,5,2,3,7,4,3
"Darren Helm",20132014,DET,L,42,548,269,279,49.1,441,214,227,28,17,11,79,38,41,153,83,70,213,100,113,182,86,96
"Darren Helm",20142015,DET,L,75,421,223,198,53,333,184,149,17,10,7,71,29,42,154,85,69,106,55,51,161,83,78
"Darren Helm",20152016,DET,L,77,77,39,38,50.6,49,27,22,17,6,11,11,6,5,41,21,20,18,8,10,18,10,8
"Darren Helm",20162017,DET,L,50,420,216,204,51.4,346,177,169,43,27,16,31,12,19,151,86,65,140,68,72,129,62,67
"Darren Helm",20172018,DET,L,75,102,45,57,44.1,89,42,47,0,0,0,13,3,10,44,19,25,27,11,16,31,15,16
"Darren Helm",20182019,DET,L,61,36,16,20,44.4,24,10,14,0,0,0,12,6,6,13,7,6,5,1,4,18,8,10
"Dwight Helminen",20092010,SJS,C,4,9,2,7,22.2,9,2,7,0,0,0,0,0,0,4,1,3,3,1,2,2,0,2
"Ales Hemsky",20092010,EDM,R,22,1,1,0,100,0,0,0,1,1,0,0,0,0,1,1,0,0,0,0,0,0,0
"Ales Hemsky",20102011,EDM,R,47,7,1,6,14.3,5,1,4,0,0,0,2,0,2,2,1,1,3,0,3,2,0,2
"Ales Hemsky",20112012,EDM,R,69,6,2,4,33.3,5,1,4,1,1,0,0,0,0,1,1,0,1,0,1,4,1,3
"Ales Hemsky",20122013,EDM,R,38,24,12,12,50,20,10,10,4,2,2,0,0,0,14,5,9,2,2,0,8,5,3
"Ales Hemsky",20132014,"EDM,OTT",R,75,4,1,3,25,3,1,2,0,0,0,1,0,1,3,1,2,0,0,0,1,0,1
"Ales Hemsky",20142015,DAL,R,76,0,0,0,--,0,0,0,0,0,0,0,0,0,0,0,0,0,0,0,0,0,0
"Ales Hemsky",20152016,DAL,R,75,6,2,4,33.3,3,1,2,3,1,2,0,0,0,5,2,3,0,0,0,1,0,1
"Ales Hemsky",20162017,DAL,R,15,0,0,0,--,0,0,0,0,0,0,0,0,0,0,0,0,0,0,0,0,0,0
"Ales Hemsky",20172018,MTL,R,7,1,0,1,0,0,0,0,1,0,1,0,0,0,0,0,0,1,0,1,0,0,0
"Kevin Henderson",20122013,NSH,L,4,0,0,0,--,0,0,0,0,0,0,0,0,0,0,0,0,0,0,0,0,0,0
"Matt Hendricks",20092010,COL,C,56,83,33,50,39.8,75,30,45,2,2,0,6,1,5,24,10,14,37,19,18,18,2,16
"Matt Hendricks",20102011,WSH,C,77,98,52,46,53.1,74,38,36,6,2,4,18,12,6,39,23,16,43,22,21,16,7,9
"Matt Hendricks",20112012,WSH,C,78,265,142,123,53.6,236,129,107,5,4,1,24,9,15,71,42,29,77,40,37,117,60,57
"Matt Hendricks",20122013,WSH,C,48,259,147,112,56.8,200,110,90,1,1,0,58,36,22,72,37,35,72,42,30,115,68,47
"Matt Hendricks",20132014,"NSH,EDM",C,77,63,34,29,54,46,26,20,2,0,2,15,8,7,18,11,7,18,9,9,27,14,13
"Matt Hendricks",20142015,EDM,C,71,198,98,100,49.5,160,77,83,1,1,0,37,20,17,53,30,23,62,36,26,83,32,51
"Matt Hendricks",20152016,EDM,C,68,453,251,202,55.4,334,197,137,10,6,4,109,48,61,102,57,45,140,85,55,211,109,102
"Matt Hendricks",20162017,EDM,C,42,232,132,100,56.9,186,112,74,1,1,0,45,19,26,49,32,17,61,29,32,122,71,51
"Matt Hendricks",20172018,WPG,C,60,458,226,232,49.3,327,164,163,5,3,2,126,59,67,91,44,47,122,64,58,245,118,127
"Matt Hendricks",20182019,"MIN,WPG",C,26,77,42,35,54.5,68,37,31,1,1,0,8,4,4,18,9,9,23,13,10,36,20,16
"Jordan Hendry",20092010,CHI,D,43,0,0,0,--,0,0,0,0,0,0,0,0,0,0,0,0,0,0,0,1,0,1
"Jordan Hendry",20102011,CHI,D,37,1,0,1,0,1,0,1,0,0,0,0,0,0,0,0,0,0,0,0,1,0,1
"Jordan Hendry",20122013,ANA,D,2,0,0,0,--,0,0,0,0,0,0,0,0,0,0,0,0,0,0,0,0,0,0
"Samuel Henley",20162017,COL,C,1,1,0,1,0,1,0,1,0,0,0,0,0,0,0,0,0,0,0,0,1,0,1
"Josh Hennessy",20092010,OTT,C,4,13,8,5,61.5,13,8,5,0,0,0,0,0,0,7,5,2,4,2,2,2,1,1
"Josh Hennessy",20112012,BOS,C,3,13,8,5,61.5,13,8,5,0,0,0,0,0,0,5,3,2,5,3,2,3,2,1
"Adam Henrique",20102011,NJD,C,1,1,0,1,0,1,0,1,0,0,0,0,0,0,1,0,1,0,0,0,0,0,0
"Adam Henrique",20112012,NJD,C,74,"1,026",501,525,48.8,843,406,437,62,33,29,121,62,59,259,123,136,407,193,214,360,185,175
"Adam Henrique",20122013,NJD,C,42,680,333,347,49,521,265,256,88,40,48,71,28,43,216,111,105,244,109,135,220,113,107
"Adam Henrique",20132014,NJD,C,77,918,407,511,44.3,671,294,377,141,62,79,106,51,55,317,134,183,296,136,160,305,137,168
"Adam Henrique",20142015,NJD,C,75,519,270,249,52,373,197,176,53,32,21,93,41,52,153,73,80,153,86,67,213,111,102
"Adam Henrique",20152016,NJD,C,80,"1,381",617,764,44.7,"1,041",463,578,174,84,90,166,70,96,469,208,261,405,179,226,507,230,277
"Adam Henrique",20162017,NJD,C,82,"1,214",585,629,48.2,931,441,490,141,78,63,142,66,76,421,216,205,351,168,183,442,201,241
"Adam Henrique",20172018,"NJD,ANA",C,81,"1,055",508,547,48.1,818,390,428,118,69,49,119,49,70,348,174,174,336,170,166,371,164,207
"Adam Henrique",20182019,ANA,C,82,"1,083",571,512,52.7,835,437,398,157,81,76,91,53,38,425,226,199,315,169,146,343,176,167
"T.J. Hensick",20092010,COL,C,7,14,6,8,42.9,13,6,7,1,0,1,0,0,0,6,2,4,4,3,1,4,1,3
"T.J. Hensick",20102011,STL,C,13,29,11,18,37.9,29,11,18,0,0,0,0,0,0,18,8,10,7,3,4,4,0,4
"Tomas Hertl",20132014,SJS,C,37,51,29,22,56.9,24,13,11,27,16,11,0,0,0,20,11,9,20,12,8,11,6,5
"Tomas Hertl",20142015,SJS,C,82,83,38,45,45.8,58,23,35,25,15,10,0,0,0,42,20,22,27,13,14,14,5,9
"Tomas Hertl",20152016,SJS,C,81,457,256,201,56,391,218,173,66,38,28,0,0,0,116,62,54,208,122,86,133,72,61
"Tomas Hertl",20162017,SJS,C,49,474,245,229,51.7,371,188,183,45,29,16,58,28,30,147,83,64,158,76,82,169,86,83
"Tomas Hertl",20172018,SJS,C,79,"1,156",587,569,50.8,913,469,444,125,68,57,118,50,68,363,185,178,407,214,193,386,188,198
"Tomas Hertl",20182019,SJS,C,77,"1,183",609,574,51.5,893,462,431,160,87,73,130,60,70,422,213,209,381,191,190,380,205,175
"Shaun Heshka",20092010,PHX,D,8,0,0,0,--,0,0,0,0,0,0,0,0,0,0,0,0,0,0,0,0,0,0
"Joe Hicketts",20172018,DET,D,5,0,0,0,--,0,0,0,0,0,0,0,0,0,0,0,0,0,0,0,0,0,0
"Joe Hicketts",20182019,DET,D,11,0,0,0,--,0,0,0,0,0,0,0,0,0,0,0,0,0,0,0,0,0,0
"Thomas Hickey",20122013,NYI,D,39,0,0,0,--,0,0,0,0,0,0,0,0,0,0,0,0,0,0,0,0,0,0
"Thomas Hickey",20132014,NYI,D,82,0,0,0,--,0,0,0,0,0,0,0,0,0,0,0,0,0,0,0,0,0,0
"Thomas Hickey",20142015,NYI,D,81,2,1,1,50,1,1,0,0,0,0,1,0,1,0,0,0,2,1,1,0,0,0
"Thomas Hickey",20152016,NYI,D,62,0,0,0,--,0,0,0,0,0,0,0,0,0,0,0,0,0,0,0,0,0,0
"Thomas Hickey",20162017,NYI,D,76,0,0,0,--,0,0,0,0,0,0,0,0,0,0,0,0,0,0,0,0,0,0
"Thomas Hickey",20172018,NYI,D,69,0,0,0,--,0,0,0,0,0,0,0,0,0,0,0,0,0,0,0,0,0,0
"Thomas Hickey",20182019,NYI,D,40,0,0,0,--,0,0,0,0,0,0,0,0,0,0,0,0,0,0,0,0,0,0
"Chris Higgins",20092010,"NYR,CGY",L,67,70,28,42,40,48,22,26,11,5,6,11,1,10,16,9,7,33,12,21,18,5,13
"Chris Higgins",20102011,"FLA,VAN",L,62,85,41,44,48.2,57,26,31,20,13,7,8,2,6,37,20,17,27,12,15,21,9,12
"Chris Higgins",20112012,VAN,L,71,30,12,18,40,19,10,9,7,2,5,4,0,4,13,4,9,11,4,7,6,4,2
"Chris Higgins",20122013,VAN,L,41,91,33,58,36.3,69,25,44,8,4,4,14,4,10,42,15,27,30,11,19,19,7,12
"Chris Higgins",20132014,VAN,L,78,38,17,21,44.7,23,13,10,9,1,8,6,3,3,19,9,10,7,4,3,12,4,8
"Chris Higgins",20142015,VAN,L,77,9,3,6,33.3,3,1,2,1,0,1,5,2,3,3,1,2,1,1,0,5,1,4
"Chris Higgins",20152016,VAN,L,33,3,1,2,33.3,0,0,0,0,0,0,3,1,2,1,1,0,1,0,1,1,0,1
"Matthew Highmore",20172018,CHI,C,13,5,1,4,20,5,1,4,0,0,0,0,0,0,4,1,3,0,0,0,1,0,1
"Andy Hilbert",20092010,MIN,L,4,2,0,2,0,2,0,2,0,0,0,0,0,0,0,0,0,1,0,1,0,0,0
"Jack Hillen",20092010,NYI,D,69,1,1,0,100,0,0,0,0,0,0,1,1,0,0,0,0,0,0,0,1,1,0
"Jack Hillen",20102011,NYI,D,64,0,0,0,--,0,0,0,0,0,0,0,0,0,0,0,0,0,0,0,0,0,0
"Jack Hillen",20112012,NSH,D,55,0,0,0,--,0,0,0,0,0,0,0,0,0,0,0,0,0,0,0,0,0,0
"Jack Hillen",20122013,WSH,D,23,0,0,0,--,0,0,0,0,0,0,0,0,0,0,0,0,0,0,0,0,0,0
"Jack Hillen",20132014,WSH,D,13,0,0,0,--,0,0,0,0,0,0,0,0,0,0,0,0,0,0,0,0,0,0
"Jack Hillen",20142015,"WSH,CAR",D,38,0,0,0,--,0,0,0,0,0,0,0,0,0,0,0,0,0,0,0,0,0,0
"Blake Hillman",20172018,CHI,D,4,0,0,0,--,0,0,0,0,0,0,0,0,0,0,0,0,0,0,0,0,0,0
"Vinnie Hinostroza",20152016,CHI,R,7,32,13,19,40.6,31,12,19,1,1,0,0,0,0,12,5,7,13,6,7,7,2,5
"Vinnie Hinostroza",20162017,CHI,R,49,171,68,103,39.8,157,61,96,14,7,7,0,0,0,63,26,37,68,25,43,40,17,23
"Vinnie Hinostroza",20172018,CHI,R,50,89,39,50,43.8,82,35,47,7,4,3,0,0,0,38,20,18,32,11,21,19,8,11
"Vinnie Hinostroza",20182019,ARI,R,72,103,39,64,37.9,98,35,63,4,4,0,1,0,1,68,24,44,16,4,12,19,11,8
"Roope Hintz",20182019,DAL,L,58,400,217,183,54.3,346,187,159,41,24,17,13,6,7,137,75,62,140,75,65,123,67,56
"Taro Hirose",20182019,DET,L,10,1,1,0,100,1,1,0,0,0,0,0,0,0,0,0,0,1,1,0,0,0,0
"Nico Hischier",20172018,NJD,C,82,983,422,561,42.9,919,389,530,42,21,21,22,12,10,313,143,170,406,166,240,264,113,151
"Nico Hischier",20182019,NJD,C,69,966,437,529,45.2,881,397,484,66,33,33,19,7,12,316,139,177,356,149,207,294,149,145
"Joey Hishon",20142015,COL,C,13,78,35,43,44.9,77,35,42,0,0,0,1,0,1,15,4,11,40,18,22,23,13,10
"Niklas Hjalmarsson",20092010,CHI,D,77,0,0,0,--,0,0,0,0,0,0,0,0,0,0,0,0,0,0,0,0,0,0
"Niklas Hjalmarsson",20102011,CHI,D,80,0,0,0,--,0,0,0,0,0,0,0,0,0,0,0,0,0,0,0,0,0,0
"Niklas Hjalmarsson",20112012,CHI,D,69,0,0,0,--,0,0,0,0,0,0,0,0,0,0,0,0,0,0,0,0,0,0
"Niklas Hjalmarsson",20122013,CHI,D,46,0,0,0,--,0,0,0,0,0,0,0,0,0,0,0,0,0,0,0,0,0,0
"Niklas Hjalmarsson",20132014,CHI,D,81,0,0,0,--,0,0,0,0,0,0,0,0,0,0,0,0,0,0,0,0,0,0
"Niklas Hjalmarsson",20142015,CHI,D,82,0,0,0,--,0,0,0,0,0,0,0,0,0,0,0,0,0,0,0,0,0,0
"Niklas Hjalmarsson",20152016,CHI,D,81,0,0,0,--,0,0,0,0,0,0,0,0,0,0,0,0,0,0,0,0,0,0
"Niklas Hjalmarsson",20162017,CHI,D,73,0,0,0,--,0,0,0,0,0,0,0,0,0,0,0,0,0,0,0,0,0,0
"Niklas Hjalmarsson",20172018,ARI,D,48,0,0,0,--,0,0,0,0,0,0,0,0,0,0,0,0,0,0,0,0,0,0
"Niklas Hjalmarsson",20182019,ARI,D,82,0,0,0,--,0,0,0,0,0,0,0,0,0,0,0,0,0,0,0,0,0,0
"Shane Hnidy",20092010,MIN,D,70,0,0,0,--,0,0,0,0,0,0,0,0,0,0,0,0,0,0,0,0,0,0
"Shane Hnidy",20102011,BOS,D,3,0,0,0,--,0,0,0,0,0,0,0,0,0,0,0,0,0,0,0,0,0,0
"Joshua Ho-Sang",20162017,NYI,R,21,2,0,2,0,2,0,2,0,0,0,0,0,0,1,0,1,0,0,0,1,0,1
"Joshua Ho-Sang",20172018,NYI,R,22,5,2,3,40,4,1,3,1,1,0,0,0,0,2,0,2,2,1,1,1,1,0
"Joshua Ho-Sang",20182019,NYI,R,10,1,0,1,0,1,0,1,0,0,0,0,0,0,0,0,0,0,0,0,1,0,1
"Justin Hodgman",20142015,ARI,C,5,46,25,21,54.4,44,23,21,2,2,0,0,0,0,16,9,7,18,10,8,12,6,6
"Cody Hodgson",20102011,VAN,C,8,42,16,26,38.1,41,16,25,1,0,1,0,0,0,13,6,7,19,7,12,10,3,7
"Cody Hodgson",20112012,"VAN,BUF",C,83,710,329,381,46.3,573,267,306,120,56,64,17,6,11,285,133,152,276,127,149,149,69,80
"Cody Hodgson",20122013,BUF,C,48,812,380,432,46.8,634,296,338,97,50,47,81,34,47,270,117,153,252,121,131,290,142,148
"Cody Hodgson",20132014,BUF,C,72,969,453,516,46.8,729,336,393,199,97,102,41,20,21,364,164,200,325,149,176,280,140,140
"Cody Hodgson",20142015,BUF,C,78,377,173,204,45.9,320,142,178,57,31,26,0,0,0,137,57,80,124,52,72,116,64,52
"Cody Hodgson",20152016,NSH,C,39,98,46,52,46.9,97,45,52,0,0,0,1,1,0,34,15,19,32,17,15,32,14,18
"Mike Hoffman",20112012,OTT,L,1,0,0,0,--,0,0,0,0,0,0,0,0,0,0,0,0,0,0,0,0,0,0
"Mike Hoffman",20122013,OTT,L,3,2,2,0,100,2,2,0,0,0,0,0,0,0,0,0,0,2,2,0,0,0,0
"Mike Hoffman",20132014,OTT,L,25,9,6,3,66.7,8,5,3,0,0,0,1,1,0,7,5,2,2,1,1,0,0,0
"Mike Hoffman",20142015,OTT,L,79,14,7,7,50,12,5,7,1,1,0,1,1,0,9,4,5,4,2,2,1,1,0
"Mike Hoffman",20152016,OTT,L,78,18,8,10,44.4,17,7,10,1,1,0,0,0,0,13,5,8,5,3,2,0,0,0
"Mike Hoffman",20162017,OTT,L,74,21,12,9,57.1,17,9,8,4,3,1,0,0,0,12,6,6,9,6,3,0,0,0
"Mike Hoffman",20172018,OTT,L,82,40,22,18,55,33,19,14,7,3,4,0,0,0,27,17,10,6,2,4,7,3,4
"Mike Hoffman",20182019,FLA,L,82,38,13,25,34.2,27,9,18,11,4,7,0,0,0,25,10,15,2,0,2,11,3,8
"Jeff Hoggan",20092010,PHX,R,4,2,0,2,0,2,0,2,0,0,0,0,0,0,0,0,0,0,0,0,2,0,2
"Nick Holden",20102011,CBJ,D,5,0,0,0,--,0,0,0,0,0,0,0,0,0,0,0,0,0,0,0,0,0,0
"Nick Holden",20122013,CBJ,D,2,0,0,0,--,0,0,0,0,0,0,0,0,0,0,0,0,0,0,0,0,0,0
"Nick Holden",20132014,COL,D,54,0,0,0,--,0,0,0,0,0,0,0,0,0,0,0,0,0,0,0,0,0,0
"Nick Holden",20142015,COL,D,78,0,0,0,--,0,0,0,0,0,0,0,0,0,0,0,0,0,0,0,0,0,0
"Nick Holden",20152016,COL,D,82,0,0,0,--,0,0,0,0,0,0,0,0,0,0,0,0,0,0,0,0,0,0
"Nick Holden",20162017,NYR,D,80,1,0,1,0,1,0,1,0,0,0,0,0,0,0,0,0,0,0,0,1,0,1
"Nick Holden",20172018,"NYR,BOS",D,73,0,0,0,--,0,0,0,0,0,0,0,0,0,0,0,0,0,0,0,0,0,0
"Nick Holden",20182019,VGK,D,61,0,0,0,--,0,0,0,0,0,0,0,0,0,0,0,0,0,0,0,0,0,0
"Justin Holl",20172018,TOR,D,2,0,0,0,--,0,0,0,0,0,0,0,0,0,0,0,0,0,0,0,0,0,0
"Justin Holl",20182019,TOR,D,11,0,0,0,--,0,0,0,0,0,0,0,0,0,0,0,0,0,0,0,0,0,0
"Patrick Holland",20132014,MTL,R,5,2,1,1,50,2,1,1,0,0,0,0,0,0,1,0,1,1,1,0,0,0,0
"Peter Holland",20112012,ANA,C,4,18,7,11,38.9,18,7,11,0,0,0,0,0,0,3,1,2,10,4,6,5,2,3
"Peter Holland",20122013,ANA,C,21,203,89,114,43.8,196,85,111,7,4,3,0,0,0,59,27,32,83,31,52,61,31,30
"Peter Holland",20132014,"ANA,TOR",C,43,395,182,213,46.1,375,173,202,17,9,8,3,0,3,114,49,65,161,72,89,120,61,59
"Peter Holland",20142015,TOR,C,62,685,312,373,45.5,578,263,315,27,12,15,80,37,43,133,48,85,273,138,135,279,126,153
"Peter Holland",20152016,TOR,C,65,465,216,249,46.5,413,189,224,34,19,15,18,8,10,153,70,83,154,77,77,158,69,89
"Peter Holland",20162017,"TOR,ARI",C,48,502,228,274,45.4,464,209,255,33,17,16,5,2,3,165,76,89,174,85,89,163,67,96
"Peter Holland",20172018,NYR,C,23,227,107,120,47.1,198,97,101,3,2,1,26,8,18,48,21,27,93,48,45,86,38,48
"Bud Holloway",20152016,MTL,C,1,1,0,1,0,1,0,1,0,0,0,0,0,0,1,0,1,0,0,0,0,0,0
"Ryan Hollweg",20102011,PHX,L,3,0,0,0,--,0,0,0,0,0,0,0,0,0,0,0,0,0,0,0,0,0,0
"Philip Holm",20172018,VAN,D,1,0,0,0,--,0,0,0,0,0,0,0,0,0,0,0,0,0,0,0,0,0,0
"Ben Holmstrom",20102011,PHI,C,2,16,5,11,31.3,9,4,5,1,0,1,6,1,5,4,1,3,4,2,2,8,2,6
"Ben Holmstrom",20112012,PHI,C,5,30,15,15,50,29,14,15,0,0,0,1,1,0,7,5,2,13,5,8,10,5,5
"Tomas Holmstrom",20092010,DET,L,68,1,0,1,0,1,0,1,0,0,0,0,0,0,0,0,0,1,0,1,0,0,0
"Tomas Holmstrom",20102011,DET,L,73,1,1,0,100,1,1,0,0,0,0,0,0,0,1,1,0,0,0,0,0,0,0
"Tomas Holmstrom",20112012,DET,L,74,1,1,0,100,1,1,0,0,0,0,0,0,0,1,1,0,0,0,0,0,0,0
"Jonas Holos",20102011,COL,D,39,0,0,0,--,0,0,0,0,0,0,0,0,0,0,0,0,0,0,0,0,0,0
"Korbinian Holzer",20102011,TOR,D,2,0,0,0,--,0,0,0,0,0,0,0,0,0,0,0,0,0,0,0,0,0,0
"Korbinian Holzer",20122013,TOR,D,22,0,0,0,--,0,0,0,0,0,0,0,0,0,0,0,0,0,0,0,0,0,0
"Korbinian Holzer",20142015,TOR,D,34,0,0,0,--,0,0,0,0,0,0,0,0,0,0,0,0,0,0,0,0,0,0
"Korbinian Holzer",20152016,ANA,D,29,0,0,0,--,0,0,0,0,0,0,0,0,0,0,0,0,0,0,0,0,0,0
"Korbinian Holzer",20162017,ANA,D,32,0,0,0,--,0,0,0,0,0,0,0,0,0,0,0,0,0,0,0,0,0,0
"Korbinian Holzer",20172018,ANA,D,16,0,0,0,--,0,0,0,0,0,0,0,0,0,0,0,0,0,0,0,0,0,0
"Korbinian Holzer",20182019,ANA,D,22,0,0,0,--,0,0,0,0,0,0,0,0,0,0,0,0,0,0,0,0,0,0
"Julius Honka",20162017,DAL,D,16,0,0,0,--,0,0,0,0,0,0,0,0,0,0,0,0,0,0,0,0,0,0
"Julius Honka",20172018,DAL,D,42,0,0,0,--,0,0,0,0,0,0,0,0,0,0,0,0,0,0,0,0,0,0
"Julius Honka",20182019,DAL,D,29,1,0,1,0,1,0,1,0,0,0,0,0,0,1,0,1,0,0,0,0,0,0
"Roman Horak",20112012,CGY,C,61,441,183,258,41.5,405,165,240,22,11,11,14,7,7,133,57,76,165,70,95,143,56,87
"Roman Horak",20122013,CGY,C,20,205,93,112,45.4,189,84,105,11,5,6,5,4,1,49,20,29,72,30,42,84,43,41
"Roman Horak",20132014,"CGY,EDM",C,3,6,4,2,66.7,6,4,2,0,0,0,0,0,0,3,1,2,3,3,0,0,0,0
"Shawn Horcoff",20092010,EDM,C,77,"1,337",621,716,46.5,951,459,492,141,70,71,245,92,153,384,180,204,421,194,227,531,246,285
"Shawn Horcoff",20102011,EDM,C,47,813,393,420,48.3,614,311,303,115,49,66,84,33,51,276,131,145,301,152,149,236,110,126
"Shawn Horcoff",20112012,EDM,C,81,"1,475",728,747,49.4,"1,011",501,510,227,114,113,237,113,124,465,227,238,468,231,237,542,270,272
"Shawn Horcoff",20122013,EDM,C,31,500,245,255,49,325,153,172,89,58,31,86,34,52,149,88,61,162,68,94,189,89,100
"Shawn Horcoff",20132014,DAL,C,77,417,209,208,50.1,349,184,165,19,8,11,49,17,32,131,64,67,145,74,71,141,71,70
"Shawn Horcoff",20142015,DAL,C,76,472,237,235,50.2,374,189,185,60,33,27,38,15,23,152,72,80,175,89,86,145,76,69
"Shawn Horcoff",20152016,ANA,C,59,626,320,306,51.1,542,277,265,15,10,5,69,33,36,156,74,82,226,122,104,244,124,120
"Darcy Hordichuk",20092010,VAN,L,56,1,0,1,0,1,0,1,0,0,0,0,0,0,1,0,1,0,0,0,0,0,0
"Darcy Hordichuk",20102011,FLA,L,64,0,0,0,--,0,0,0,0,0,0,0,0,0,0,0,0,0,0,0,0,0,0
"Darcy Hordichuk",20112012,EDM,L,43,1,0,1,0,1,0,1,0,0,0,0,0,0,1,0,1,0,0,0,0,0,0
"Darcy Hordichuk",20122013,EDM,L,4,0,0,0,--,0,0,0,0,0,0,0,0,0,0,0,0,0,0,0,0,0,0
"Patric Hornqvist",20092010,NSH,R,80,18,5,13,27.8,14,4,10,4,1,3,0,0,0,14,4,10,1,0,1,3,1,2
"Patric Hornqvist",20102011,NSH,R,79,45,22,23,48.9,27,12,15,18,10,8,0,0,0,33,19,14,6,1,5,6,2,4
"Patric Hornqvist",20112012,NSH,R,76,9,6,3,66.7,7,5,2,2,1,1,0,0,0,6,4,2,2,2,0,1,0,1
"Patric Hornqvist",20122013,NSH,R,24,2,1,1,50,2,1,1,0,0,0,0,0,0,1,1,0,1,0,1,0,0,0
"Patric Hornqvist",20132014,NSH,R,76,6,0,6,0,5,0,5,1,0,1,0,0,0,6,0,6,0,0,0,0,0,0
"Patric Hornqvist",20142015,PIT,R,64,7,2,5,28.6,6,1,5,0,0,0,1,1,0,3,2,1,4,0,4,0,0,0
"Patric Hornqvist",20152016,PIT,R,82,8,5,3,62.5,8,5,3,0,0,0,0,0,0,5,4,1,2,1,1,1,0,1
"Patric Hornqvist",20162017,PIT,R,70,11,3,8,27.3,10,2,8,1,1,0,0,0,0,8,2,6,3,1,2,0,0,0
"Patric Hornqvist",20172018,PIT,R,70,33,16,17,48.5,30,16,14,3,0,3,0,0,0,28,12,16,4,3,1,1,1,0
"Patric Hornqvist",20182019,PIT,R,69,18,9,9,50,17,9,8,1,0,1,0,0,0,13,7,6,3,1,2,2,1,1
"Nathan Horton",20092010,FLA,R,65,85,48,37,56.5,49,27,22,32,19,13,4,2,2,52,29,23,12,7,5,19,11,8
"Nathan Horton",20102011,BOS,R,80,19,8,11,42.1,16,6,10,1,1,0,2,1,1,9,3,6,5,2,3,5,3,2
"Nathan Horton",20112012,BOS,R,46,3,2,1,66.7,3,2,1,0,0,0,0,0,0,2,1,1,1,1,0,0,0,0
"Nathan Horton",20122013,BOS,R,43,10,5,5,50,8,4,4,1,1,0,1,0,1,6,3,3,1,1,0,3,1,2
"Nathan Horton",20132014,CBJ,R,36,1,1,0,100,0,0,0,1,1,0,0,0,0,1,1,0,0,0,0,0,0,0
"Bo Horvat",20142015,VAN,C,68,848,436,412,51.4,754,394,360,22,11,11,72,31,41,241,129,112,278,136,142,329,171,158
"Bo Horvat",20152016,VAN,C,82,"1,493",760,733,50.9,"1,108",583,525,115,69,46,270,108,162,418,211,207,366,204,162,709,345,364
"Bo Horvat",20162017,VAN,C,81,"1,498",756,742,50.5,"1,183",588,595,144,90,54,171,78,93,480,248,232,463,239,224,555,269,286
"Bo Horvat",20172018,VAN,C,64,"1,324",712,612,53.8,"1,019",544,475,196,110,86,109,58,51,534,285,249,347,178,169,443,249,194
"Bo Horvat",20182019,VAN,C,82,"2,018","1,083",935,53.7,"1,650",892,758,277,146,131,91,45,46,735,420,315,504,245,259,779,418,361
"Marian Hossa",20092010,CHI,R,57,1,0,1,0,0,0,0,0,0,0,1,0,1,0,0,0,0,0,0,1,0,1
"Marian Hossa",20102011,CHI,R,65,4,3,1,75,2,2,0,0,0,0,2,1,1,1,1,0,1,1,0,2,1,1
"Marian Hossa",20112012,CHI,R,81,9,3,6,33.3,1,0,1,0,0,0,8,3,5,1,0,1,2,0,2,6,3,3
"Marian Hossa",20122013,CHI,R,40,3,1,2,33.3,2,0,2,0,0,0,1,1,0,1,0,1,0,0,0,2,1,1
"Marian Hossa",20132014,CHI,R,72,3,1,2,33.3,1,0,1,0,0,0,2,1,1,0,0,0,2,0,2,1,1,0
"Marian Hossa",20142015,CHI,R,82,7,4,3,57.1,5,4,1,0,0,0,2,0,2,2,1,1,1,1,0,4,2,2
"Marian Hossa",20152016,CHI,R,64,2,0,2,0,2,0,2,0,0,0,0,0,0,2,0,2,0,0,0,0,0,0
"Marian Hossa",20162017,CHI,R,73,14,5,9,35.7,9,4,5,1,0,1,4,1,3,10,5,5,2,0,2,2,0,2
"Brett Howden",20182019,NYR,C,66,729,353,376,48.4,642,312,330,34,19,15,53,22,31,216,112,104,269,127,142,244,114,130
"Quinton Howden",20122013,FLA,C,18,4,1,3,25,4,1,3,0,0,0,0,0,0,2,1,1,2,0,2,0,0,0
"Quinton Howden",20132014,FLA,C,16,8,2,6,25,4,1,3,0,0,0,4,1,3,2,1,1,3,0,3,3,1,2
"Quinton Howden",20152016,FLA,C,58,6,3,3,50,6,3,3,0,0,0,0,0,0,4,3,1,1,0,1,1,0,1
"Quinton Howden",20162017,WPG,C,5,2,0,2,0,2,0,2,0,0,0,0,0,0,2,0,2,0,0,0,0,0,0
"Raman Hrabarenka",20142015,NJD,D,1,0,0,0,--,0,0,0,0,0,0,0,0,0,0,0,0,0,0,0,0,0,0
"Marek Hrivik",20152016,NYR,L,5,5,3,2,60,5,3,2,0,0,0,0,0,0,1,0,1,3,2,1,1,1,0
"Marek Hrivik",20162017,NYR,L,16,80,32,48,40,79,32,47,1,0,1,0,0,0,27,13,14,35,13,22,18,6,12
"Marek Hrivik",20172018,CGY,L,3,1,0,1,0,1,0,1,0,0,0,0,0,0,0,0,0,1,0,1,0,0,0
"Filip Hronek",20182019,DET,D,46,0,0,0,--,0,0,0,0,0,0,0,0,0,0,0,0,0,0,0,0,0,0
"Jonathan Huberdeau",20122013,FLA,L,48,33,11,22,33.3,27,10,17,6,1,5,0,0,0,23,8,15,3,1,2,7,2,5
"Jonathan Huberdeau",20132014,FLA,L,69,11,5,6,45.5,10,4,6,1,1,0,0,0,0,5,1,4,3,2,1,3,2,1
"Jonathan Huberdeau",20142015,FLA,L,79,8,2,6,25,5,2,3,3,0,3,0,0,0,7,2,5,0,0,0,1,0,1
"Jonathan Huberdeau",20152016,FLA,L,76,18,7,11,38.9,16,5,11,2,2,0,0,0,0,10,3,7,2,1,1,6,3,3
"Jonathan Huberdeau",20162017,FLA,L,31,9,4,5,44.4,9,4,5,0,0,0,0,0,0,8,4,4,0,0,0,1,0,1
"Jonathan Huberdeau",20172018,FLA,L,82,44,21,23,47.7,40,21,19,3,0,3,1,0,1,23,7,16,6,4,2,15,10,5
"Jonathan Huberdeau",20182019,FLA,L,82,19,12,7,63.2,16,9,7,0,0,0,3,3,0,6,4,2,4,2,2,9,6,3
"Jiri Hudler",20102011,DET,R,73,70,31,39,44.3,57,24,33,13,7,6,0,0,0,31,18,13,32,12,20,7,1,6
"Jiri Hudler",20112012,DET,R,81,7,2,5,28.6,5,1,4,2,1,1,0,0,0,4,0,4,2,1,1,1,1,0
"Jiri Hudler",20122013,CGY,R,42,31,10,21,32.3,26,10,16,2,0,2,3,0,3,12,5,7,11,2,9,8,3,5
"Jiri Hudler",20132014,CGY,R,75,22,4,18,18.2,19,2,17,3,2,1,0,0,0,14,4,10,3,0,3,5,0,5
"Jiri Hudler",20142015,CGY,R,78,46,21,25,45.6,30,15,15,14,6,8,2,0,2,31,13,18,11,5,6,4,3,1
"Jiri Hudler",20152016,"CGY,FLA",R,72,26,11,15,42.3,19,5,14,7,6,1,0,0,0,21,10,11,3,0,3,2,1,1
"Jiri Hudler",20162017,DAL,R,32,5,3,2,60,4,3,1,1,0,1,0,0,0,3,2,1,1,1,0,1,0,1
"Charles Hudon",20152016,MTL,L,3,1,0,1,0,1,0,1,0,0,0,0,0,0,0,0,0,0,0,0,1,0,1
"Charles Hudon",20162017,MTL,L,3,0,0,0,--,0,0,0,0,0,0,0,0,0,0,0,0,0,0,0,0,0,0
"Charles Hudon",20172018,MTL,L,72,219,88,131,40.2,175,67,108,43,21,22,1,0,1,100,45,55,68,28,40,51,15,36
"Charles Hudon",20182019,MTL,L,32,9,4,5,44.4,7,2,5,2,2,0,0,0,0,7,4,3,1,0,1,1,0,1
"Quinn Hughes",20182019,VAN,D,5,0,0,0,--,0,0,0,0,0,0,0,0,0,0,0,0,0,0,0,0,0,0
"Brad Hunt",20132014,EDM,D,3,0,0,0,--,0,0,0,0,0,0,0,0,0,0,0,0,0,0,0,0,0,0
"Brad Hunt",20142015,EDM,D,11,0,0,0,--,0,0,0,0,0,0,0,0,0,0,0,0,0,0,0,0,0,0
"Brad Hunt",20152016,EDM,D,7,0,0,0,--,0,0,0,0,0,0,0,0,0,0,0,0,0,0,0,0,0,0
"Brad Hunt",20162017,"STL,NSH",D,12,0,0,0,--,0,0,0,0,0,0,0,0,0,0,0,0,0,0,0,0,0,0
"Brad Hunt",20172018,VGK,D,45,1,0,1,0,0,0,0,1,0,1,0,0,0,1,0,1,0,0,0,0,0,0
"Brad Hunt",20182019,"VGK,MIN",D,42,0,0,0,--,0,0,0,0,0,0,0,0,0,0,0,0,0,0,0,0,0,0
"Dryden Hunt",20172018,FLA,L,11,4,1,3,25,4,1,3,0,0,0,0,0,0,2,1,1,2,0,2,0,0,0
"Dryden Hunt",20182019,FLA,L,31,3,0,3,0,3,0,3,0,0,0,0,0,0,1,0,1,1,0,1,1,0,1
"Trent Hunter",20092010,NYI,R,61,9,2,7,22.2,9,2,7,0,0,0,0,0,0,3,0,3,2,0,2,4,2,2
"Trent Hunter",20102011,NYI,R,17,2,0,2,0,2,0,2,0,0,0,0,0,0,2,0,2,0,0,0,0,0,0
"Trent Hunter",20112012,LAK,R,38,24,4,20,16.7,16,1,15,8,3,5,0,0,0,9,3,6,5,1,4,10,0,10
"Matt Hunwick",20092010,BOS,D,76,1,0,1,0,1,0,1,0,0,0,0,0,0,0,0,0,0,0,0,1,0,1
"Matt Hunwick",20102011,"BOS,COL",D,73,0,0,0,--,0,0,0,0,0,0,0,0,0,0,0,0,0,0,0,0,0,0
"Matt Hunwick",20112012,COL,D,33,1,0,1,0,1,0,1,0,0,0,0,0,0,0,0,0,1,0,1,0,0,0
"Matt Hunwick",20122013,COL,D,43,0,0,0,--,0,0,0,0,0,0,0,0,0,0,0,0,0,0,0,0,0,0
"Matt Hunwick",20132014,COL,D,1,0,0,0,--,0,0,0,0,0,0,0,0,0,0,0,0,0,0,0,0,0,0
"Matt Hunwick",20142015,NYR,D,55,0,0,0,--,0,0,0,0,0,0,0,0,0,0,0,0,0,0,0,0,0,0
"Matt Hunwick",20152016,TOR,D,60,0,0,0,--,0,0,0,0,0,0,0,0,0,0,0,0,0,0,0,0,0,0
"Matt Hunwick",20162017,TOR,D,72,0,0,0,--,0,0,0,0,0,0,0,0,0,0,0,0,0,0,0,0,0,0
"Matt Hunwick",20172018,PIT,D,42,0,0,0,--,0,0,0,0,0,0,0,0,0,0,0,0,0,0,0,0,0,0
"Matt Hunwick",20182019,BUF,D,14,0,0,0,--,0,0,0,0,0,0,0,0,0,0,0,0,0,0,0,0,0,0
"Kristian Huselius",20092010,CBJ,L,74,14,4,10,28.6,9,3,6,5,1,4,0,0,0,5,1,4,5,2,3,4,1,3
"Kristian Huselius",20102011,CBJ,L,39,0,0,0,--,0,0,0,0,0,0,0,0,0,0,0,0,0,0,0,0,0,0
"Kristian Huselius",20112012,CBJ,L,2,0,0,0,--,0,0,0,0,0,0,0,0,0,0,0,0,0,0,0,0,0,0
"Kent Huskins",20092010,SJS,D,82,0,0,0,--,0,0,0,0,0,0,0,0,0,0,0,0,0,0,0,0,0,0
"Kent Huskins",20102011,SJS,D,50,0,0,0,--,0,0,0,0,0,0,0,0,0,0,0,0,0,0,0,0,0,0
"Kent Huskins",20112012,STL,D,25,0,0,0,--,0,0,0,0,0,0,0,0,0,0,0,0,0,0,0,0,0,0
"Kent Huskins",20122013,"DET,PHI",D,19,0,0,0,--,0,0,0,0,0,0,0,0,0,0,0,0,0,0,0,0,0,0
"Andrew Hutchinson",20102011,PIT,D,5,0,0,0,--,0,0,0,0,0,0,0,0,0,0,0,0,0,0,0,0,0,0
"Ben Hutton",20152016,VAN,D,75,0,0,0,--,0,0,0,0,0,0,0,0,0,0,0,0,0,0,0,0,0,0
"Ben Hutton",20162017,VAN,D,71,0,0,0,--,0,0,0,0,0,0,0,0,0,0,0,0,0,0,0,0,0,0
"Ben Hutton",20172018,VAN,D,61,1,0,1,0,1,0,1,0,0,0,0,0,0,0,0,0,0,0,0,1,0,1
"Ben Hutton",20182019,VAN,D,69,0,0,0,--,0,0,0,0,0,0,0,0,0,0,0,0,0,0,0,0,0,0
"Tomas Hyka",20172018,VGK,R,10,0,0,0,--,0,0,0,0,0,0,0,0,0,0,0,0,0,0,0,0,0,0
"Tomas Hyka",20182019,VGK,R,17,2,1,1,50,2,1,1,0,0,0,0,0,0,0,0,0,0,0,0,2,1,1
"Zach Hyman",20152016,TOR,L,16,3,1,2,33.3,3,1,2,0,0,0,0,0,0,3,1,2,0,0,0,0,0,0
"Zach Hyman",20162017,TOR,L,82,29,11,18,37.9,9,4,5,0,0,0,20,7,13,6,3,3,3,3,0,20,5,15
"Zach Hyman",20172018,TOR,L,82,168,72,96,42.9,26,14,12,2,0,2,140,58,82,12,7,5,25,11,14,131,54,77
"Zach Hyman",20182019,TOR,L,71,237,113,124,47.7,88,41,47,8,3,5,141,69,72,65,33,32,30,9,21,142,71,71
"Alex Iafallo",20172018,LAK,L,75,30,14,16,46.7,24,9,15,4,4,0,2,1,1,11,4,7,6,2,4,13,8,5
"Alex Iafallo",20182019,LAK,L,82,24,7,17,29.2,23,7,16,1,0,1,0,0,0,14,4,10,4,1,3,6,2,4
"Jarome Iginla",20092010,CGY,R,82,323,152,171,47.1,214,97,117,105,52,53,4,3,1,190,92,98,63,30,33,70,30,40
"Jarome Iginla",20102011,CGY,R,82,420,227,193,54,273,147,126,144,80,64,3,0,3,256,132,124,67,32,35,97,63,34
"Jarome Iginla",20112012,CGY,R,82,426,214,212,50.2,322,168,154,104,46,58,0,0,0,228,118,110,73,31,42,125,65,60
"Jarome Iginla",20122013,"CGY,PIT",R,44,247,123,124,49.8,187,95,92,53,26,27,7,2,5,120,60,60,65,34,31,62,29,33
"Jarome Iginla",20132014,BOS,R,78,37,8,29,21.6,25,6,19,5,1,4,7,1,6,15,3,12,7,1,6,15,4,11
"Jarome Iginla",20142015,COL,R,82,128,57,71,44.5,102,46,56,23,11,12,3,0,3,108,47,61,12,6,6,8,4,4
"Jarome Iginla",20152016,COL,R,82,115,61,54,53,97,52,45,18,9,9,0,0,0,72,40,32,24,10,14,19,11,8
"Jarome Iginla",20162017,"COL,LAK",R,80,30,16,14,53.3,25,14,11,5,2,3,0,0,0,22,13,9,5,2,3,3,1,2
"Danny Irmen",20092010,MIN,C,2,0,0,0,--,0,0,0,0,0,0,0,0,0,0,0,0,0,0,0,0,0,0
"Brayden Irwin",20092010,TOR,C,2,6,3,3,50,6,3,3,0,0,0,0,0,0,2,1,1,4,2,2,0,0,0
"Matt Irwin",20122013,SJS,D,38,0,0,0,--,0,0,0,0,0,0,0,0,0,0,0,0,0,0,0,0,0,0
"Matt Irwin",20132014,SJS,D,62,1,0,1,0,1,0,1,0,0,0,0,0,0,0,0,0,0,0,0,1,0,1
"Matt Irwin",20142015,SJS,D,53,0,0,0,--,0,0,0,0,0,0,0,0,0,0,0,0,0,0,0,0,0,0
"Matt Irwin",20152016,BOS,D,2,0,0,0,--,0,0,0,0,0,0,0,0,0,0,0,0,0,0,0,0,0,0
"Matt Irwin",20162017,NSH,D,74,0,0,0,--,0,0,0,0,0,0,0,0,0,0,0,0,0,0,0,0,0,0
"Matt Irwin",20172018,NSH,D,50,0,0,0,--,0,0,0,0,0,0,0,0,0,0,0,0,0,0,0,0,0,0
"Matt Irwin",20182019,NSH,D,44,0,0,0,--,0,0,0,0,0,0,0,0,0,0,0,0,0,0,0,0,0,0
"Raitis Ivanans",20092010,LAK,L,61,0,0,0,--,0,0,0,0,0,0,0,0,0,0,0,0,0,0,0,0,0,0
"Raitis Ivanans",20102011,CGY,L,1,0,0,0,--,0,0,0,0,0,0,0,0,0,0,0,0,0,0,0,0,0,0
"Raitis Ivanans",20112012,CGY,L,1,0,0,0,--,0,0,0,0,0,0,0,0,0,0,0,0,0,0,0,0,0,0
"Barret Jackman",20092010,STL,D,66,1,0,1,0,0,0,0,0,0,0,1,0,1,0,0,0,0,0,0,1,0,1
"Barret Jackman",20102011,STL,D,60,0,0,0,--,0,0,0,0,0,0,0,0,0,0,0,0,0,0,0,0,0,0
"Barret Jackman",20112012,STL,D,81,0,0,0,--,0,0,0,0,0,0,0,0,0,0,0,0,0,0,0,0,0,0
"Barret Jackman",20122013,STL,D,46,0,0,0,--,0,0,0,0,0,0,0,0,0,0,0,0,0,0,0,0,0,0
"Barret Jackman",20132014,STL,D,79,1,0,1,0,0,0,0,0,0,0,1,0,1,0,0,0,0,0,0,1,0,1
"Barret Jackman",20142015,STL,D,80,0,0,0,--,0,0,0,0,0,0,0,0,0,0,0,0,0,0,0,0,0,0
"Barret Jackman",20152016,NSH,D,73,0,0,0,--,0,0,0,0,0,0,0,0,0,0,0,0,0,0,0,0,0,0
"Tim Jackman",20092010,NYI,R,54,7,3,4,42.9,6,2,4,0,0,0,1,1,0,3,1,2,2,0,2,2,2,0
"Tim Jackman",20102011,CGY,R,82,16,6,10,37.5,14,6,8,0,0,0,2,0,2,7,4,3,4,1,3,5,1,4
"Tim Jackman",20112012,CGY,R,75,34,15,19,44.1,33,14,19,1,1,0,0,0,0,19,10,9,7,2,5,8,3,5
"Tim Jackman",20122013,CGY,R,42,24,11,13,45.8,23,10,13,0,0,0,1,1,0,10,3,7,5,4,1,9,4,5
"Tim Jackman",20132014,"CGY,ANA",R,36,3,2,1,66.7,3,2,1,0,0,0,0,0,0,2,1,1,0,0,0,1,1,0
"Tim Jackman",20142015,ANA,R,55,14,10,4,71.4,14,10,4,0,0,0,0,0,0,7,6,1,4,3,1,3,1,2
"Tim Jackman",20152016,ANA,R,2,0,0,0,--,0,0,0,0,0,0,0,0,0,0,0,0,0,0,0,0,0,0
"Scott Jackson",20092010,TBL,D,1,0,0,0,--,0,0,0,0,0,0,0,0,0,0,0,0,0,0,0,0,0,0
"Josh Jacobs",20182019,NJD,D,1,0,0,0,--,0,0,0,0,0,0,0,0,0,0,0,0,0,0,0,0,0,0
"Jean-Francois Jacques",20092010,EDM,L,49,5,2,3,40,5,2,3,0,0,0,0,0,0,2,1,1,2,0,2,1,1,0
"Jean-Francois Jacques",20102011,EDM,L,51,16,5,11,31.3,15,4,11,1,1,0,0,0,0,5,2,3,1,0,1,10,3,7
"Jean-Francois Jacques",20112012,ANA,L,6,0,0,0,--,0,0,0,0,0,0,0,0,0,0,0,0,0,0,0,0,0,0
"Jason Jaffray",20092010,CGY,L,3,14,5,9,35.7,14,5,9,0,0,0,0,0,0,5,2,3,8,3,5,1,0,1
"Jason Jaffray",20112012,WPG,L,13,15,8,7,53.3,14,8,6,1,0,1,0,0,0,4,2,2,3,2,1,8,4,4
"Jaromir Jagr",20112012,PHI,R,73,1,0,1,0,1,0,1,0,0,0,0,0,0,1,0,1,0,0,0,0,0,0
"Jaromir Jagr",20122013,"DAL,BOS",R,45,1,0,1,0,1,0,1,0,0,0,0,0,0,1,0,1,0,0,0,0,0,0
"Jaromir Jagr",20132014,NJD,R,82,2,0,2,0,2,0,2,0,0,0,0,0,0,1,0,1,1,0,1,0,0,0
"Jaromir Jagr",20142015,"NJD,FLA",R,77,1,1,0,100,1,1,0,0,0,0,0,0,0,0,0,0,0,0,0,1,1,0
"Jaromir Jagr",20152016,FLA,R,79,1,0,1,0,1,0,1,0,0,0,0,0,0,1,0,1,0,0,0,0,0,0
"Jaromir Jagr",20162017,FLA,R,82,2,1,1,50,2,1,1,0,0,0,0,0,0,0,0,0,2,1,1,0,0,0
"Jaromir Jagr",20172018,CGY,R,22,0,0,0,--,0,0,0,0,0,0,0,0,0,0,0,0,0,0,0,0,0,0
"Doug Janik",20092010,DET,D,13,0,0,0,--,0,0,0,0,0,0,0,0,0,0,0,0,0,0,0,0,0,0
"Doug Janik",20102011,DET,D,7,0,0,0,--,0,0,0,0,0,0,0,0,0,0,0,0,0,0,0,0,0,0
"Doug Janik",20112012,DET,D,9,0,0,0,--,0,0,0,0,0,0,0,0,0,0,0,0,0,0,0,0,0,0
"Mark Jankowski",20162017,CGY,C,1,8,5,3,62.5,8,5,3,0,0,0,0,0,0,2,2,0,4,1,3,2,2,0
"Mark Jankowski",20172018,CGY,C,72,810,395,415,48.8,747,369,378,32,17,15,31,9,22,287,151,136,312,155,157,211,89,122
"Mark Jankowski",20182019,CGY,C,79,820,426,394,52,704,369,335,12,8,4,104,49,55,236,132,104,287,148,139,297,146,151
"Mattias Janmark",20152016,DAL,C,73,260,94,166,36.1,238,86,152,15,6,9,7,2,5,102,37,65,92,33,59,66,24,42
"Mattias Janmark",20172018,DAL,C,81,180,71,109,39.4,156,59,97,13,5,8,11,7,4,79,32,47,68,24,44,33,15,18
"Mattias Janmark",20182019,DAL,C,81,26,10,16,38.5,21,10,11,1,0,1,4,0,4,9,4,5,8,0,8,9,6,3
"Cam Janssen",20092010,STL,R,43,1,0,1,0,1,0,1,0,0,0,0,0,0,0,0,0,0,0,0,1,0,1
"Cam Janssen",20102011,STL,R,54,0,0,0,--,0,0,0,0,0,0,0,0,0,0,0,0,0,0,0,0,0,0
"Cam Janssen",20112012,NJD,R,48,5,2,3,40,5,2,3,0,0,0,0,0,0,3,1,2,1,0,1,1,1,0
"Cam Janssen",20122013,NJD,R,4,0,0,0,--,0,0,0,0,0,0,0,0,0,0,0,0,0,0,0,0,0,0
"Cam Janssen",20132014,NJD,R,24,0,0,0,--,0,0,0,0,0,0,0,0,0,0,0,0,0,0,0,0,0,0
"Calle Jarnkrok",20132014,NSH,C,12,147,58,89,39.5,138,53,85,9,5,4,0,0,0,40,14,26,87,36,51,20,8,12
"Calle Jarnkrok",20142015,NSH,C,74,641,296,345,46.2,602,283,319,18,9,9,21,4,17,197,94,103,285,130,155,159,72,87
"Calle Jarnkrok",20152016,NSH,C,81,799,366,433,45.8,578,282,296,51,27,24,170,57,113,253,113,140,240,130,110,306,123,183
"Calle Jarnkrok",20162017,NSH,C,81,915,452,463,49.4,759,386,373,26,16,10,130,50,80,243,120,123,321,176,145,351,156,195
"Calle Jarnkrok",20172018,NSH,C,68,519,266,253,51.3,406,210,196,12,8,4,101,48,53,140,64,76,151,85,66,228,117,111
"Calle Jarnkrok",20182019,NSH,C,79,331,166,165,50.1,301,152,149,14,7,7,16,7,9,128,57,71,125,71,54,78,38,40
"Christian Jaros",20172018,OTT,D,2,0,0,0,--,0,0,0,0,0,0,0,0,0,0,0,0,0,0,0,0,0,0
"Christian Jaros",20182019,OTT,D,61,0,0,0,--,0,0,0,0,0,0,0,0,0,0,0,0,0,0,0,0,0,0
"Dmitrij Jaskin",20122013,STL,R,2,0,0,0,--,0,0,0,0,0,0,0,0,0,0,0,0,0,0,0,0,0,0
"Dmitrij Jaskin",20132014,STL,R,18,2,1,1,50,2,1,1,0,0,0,0,0,0,2,1,1,0,0,0,0,0,0
"Dmitrij Jaskin",20142015,STL,R,54,7,3,4,42.9,4,1,3,3,2,1,0,0,0,4,1,3,2,1,1,1,1,0
"Dmitrij Jaskin",20152016,STL,R,65,28,8,20,28.6,28,8,20,0,0,0,0,0,0,9,2,7,15,4,11,4,2,2
"Dmitrij Jaskin",20162017,STL,R,51,10,5,5,50,9,4,5,1,1,0,0,0,0,4,2,2,3,1,2,3,2,1
"Dmitrij Jaskin",20172018,STL,R,76,13,2,11,15.4,13,2,11,0,0,0,0,0,0,5,2,3,5,0,5,3,0,3
"Dmitrij Jaskin",20182019,WSH,R,37,3,0,3,0,3,0,3,0,0,0,0,0,0,2,0,2,0,0,0,1,0,1
"Dustin Jeffrey",20092010,PIT,L,1,0,0,0,--,0,0,0,0,0,0,0,0,0,0,0,0,0,0,0,0,0,0
"Dustin Jeffrey",20102011,PIT,L,25,247,109,138,44.1,215,99,116,27,8,19,5,2,3,94,35,59,86,41,45,67,33,34
"Dustin Jeffrey",20112012,PIT,L,26,225,109,116,48.4,202,94,108,6,3,3,17,12,5,64,31,33,84,43,41,77,35,42
"Dustin Jeffrey",20122013,PIT,L,24,200,94,106,47,194,91,103,0,0,0,6,3,3,58,28,30,77,34,43,65,32,33
"Dustin Jeffrey",20132014,"PIT,DAL",L,34,115,55,60,47.8,106,50,56,5,3,2,4,2,2,38,20,18,46,21,25,31,14,17
"Dustin Jeffrey",20152016,ARI,L,7,58,35,23,60.3,52,32,20,6,3,3,0,0,0,19,11,8,26,17,9,13,7,6
"Boone Jenner",20132014,CBJ,C,72,30,14,16,46.7,29,14,15,1,0,1,0,0,0,9,3,6,13,6,7,8,5,3
"Boone Jenner",20142015,CBJ,C,31,306,151,155,49.4,239,119,120,41,20,21,26,12,14,113,48,65,104,57,47,89,46,43
"Boone Jenner",20152016,CBJ,C,82,294,156,138,53.1,233,126,107,53,26,27,8,4,4,142,73,69,84,40,44,68,43,25
"Boone Jenner",20162017,CBJ,C,82,184,92,92,50,136,69,67,14,9,5,34,14,20,68,39,29,40,16,24,76,37,39
"Boone Jenner",20172018,CBJ,C,75,483,268,215,55.5,387,222,165,50,27,23,46,19,27,209,114,95,74,43,31,200,111,89
"Boone Jenner",20182019,CBJ,C,77,"1,157",626,531,54.1,943,511,432,98,56,42,116,59,57,302,153,149,352,202,150,503,271,232
"Nick Jensen",20162017,DET,D,49,0,0,0,--,0,0,0,0,0,0,0,0,0,0,0,0,0,0,0,0,0,0
"Nick Jensen",20172018,DET,D,81,0,0,0,--,0,0,0,0,0,0,0,0,0,0,0,0,0,0,0,0,0,0
"Nick Jensen",20182019,"DET,WSH",D,80,0,0,0,--,0,0,0,0,0,0,0,0,0,0,0,0,0,0,0,0,0,0
"Nicklas Jensen",20122013,VAN,R,2,0,0,0,--,0,0,0,0,0,0,0,0,0,0,0,0,0,0,0,0,0,0
"Nicklas Jensen",20132014,VAN,R,17,1,0,1,0,1,0,1,0,0,0,0,0,0,0,0,0,0,0,0,1,0,1
"Nicklas Jensen",20142015,VAN,R,5,0,0,0,--,0,0,0,0,0,0,0,0,0,0,0,0,0,0,0,0,0,0
"Nicklas Jensen",20162017,NYR,R,7,0,0,0,--,0,0,0,0,0,0,0,0,0,0,0,0,0,0,0,0,0,0
"Jakub Jerabek",20172018,"MTL,WSH",D,36,0,0,0,--,0,0,0,0,0,0,0,0,0,0,0,0,0,0,0,0,0,0
"Jakub Jerabek",20182019,STL,D,1,0,0,0,--,0,0,0,0,0,0,0,0,0,0,0,0,0,0,0,0,0,0
"Hugh Jessiman",20102011,FLA,R,2,0,0,0,--,0,0,0,0,0,0,0,0,0,0,0,0,0,0,0,0,0,0
"Jesse Joensuu",20092010,NYI,L,11,1,0,1,0,1,0,1,0,0,0,0,0,0,1,0,1,0,0,0,0,0,0
"Jesse Joensuu",20102011,NYI,L,42,9,5,4,55.5,8,4,4,0,0,0,1,1,0,3,2,1,3,1,2,3,2,1
"Jesse Joensuu",20122013,NYI,L,7,0,0,0,--,0,0,0,0,0,0,0,0,0,0,0,0,0,0,0,0,0,0
"Jesse Joensuu",20132014,EDM,L,42,5,0,5,0,5,0,5,0,0,0,0,0,0,2,0,2,2,0,2,1,0,1
"Jesse Joensuu",20142015,EDM,L,20,0,0,0,--,0,0,0,0,0,0,0,0,0,0,0,0,0,0,0,0,0,0
"Ryan Johansen",20112012,CBJ,C,67,215,97,118,45.1,185,85,100,27,11,16,3,1,2,81,33,48,72,37,35,62,27,35
"Ryan Johansen",20122013,CBJ,C,40,529,272,257,51.4,449,230,219,72,38,34,8,4,4,208,106,102,169,82,87,152,84,68
"Ryan Johansen",20132014,CBJ,C,82,"1,311",692,619,52.8,"1,026",538,488,190,108,82,95,46,49,450,229,221,413,218,195,448,245,203
"Ryan Johansen",20142015,CBJ,C,82,"1,638",851,787,52,"1,163",608,555,250,131,119,225,112,113,574,292,282,440,218,222,624,341,283
"Ryan Johansen",20152016,"CBJ,NSH",C,80,"1,246",652,594,52.3,"1,035",531,504,182,107,75,29,14,15,461,248,213,426,217,209,359,187,172
"Ryan Johansen",20162017,NSH,C,82,"1,472",803,669,54.5,"1,275",692,583,147,84,63,50,27,23,563,315,248,492,255,237,417,233,184
"Ryan Johansen",20172018,NSH,C,79,"1,461",810,651,55.4,"1,184",660,524,227,129,98,50,21,29,619,332,287,470,264,206,372,214,158
"Ryan Johansen",20182019,NSH,C,80,"1,461",782,679,53.5,"1,185",641,544,181,92,89,95,49,46,619,338,281,506,257,249,336,187,149
"Marcus Johansson",20102011,WSH,L,69,669,271,398,40.5,610,243,367,32,17,15,27,11,16,214,85,129,320,133,187,135,53,82
"Marcus Johansson",20112012,WSH,L,80,710,307,403,43.2,595,257,338,108,48,60,7,2,5,284,114,170,245,114,131,181,79,102
"Marcus Johansson",20122013,WSH,L,34,87,40,47,46,68,29,39,10,7,3,9,4,5,35,11,24,32,19,13,20,10,10
"Marcus Johansson",20132014,WSH,L,80,274,95,179,34.7,249,87,162,17,6,11,8,2,6,98,35,63,103,30,73,73,30,43
"Marcus Johansson",20142015,WSH,L,82,16,7,9,43.8,14,6,8,2,1,1,0,0,0,13,5,8,1,1,0,2,1,1
"Marcus Johansson",20152016,WSH,L,74,278,128,150,46,275,126,149,2,2,0,1,0,1,96,42,54,109,53,56,73,33,40
"Marcus Johansson",20162017,WSH,L,82,28,13,15,46.4,16,8,8,12,5,7,0,0,0,20,9,11,6,4,2,2,0,2
"Marcus Johansson",20172018,NJD,L,29,74,36,38,48.6,41,20,21,31,15,16,2,1,1,51,22,29,14,8,6,9,6,3
"Marcus Johansson",20182019,"NJD,BOS",L,58,50,16,34,32,33,9,24,17,7,10,0,0,0,31,10,21,5,2,3,14,4,10
"Stephen Johns",20152016,DAL,D,14,0,0,0,--,0,0,0,0,0,0,0,0,0,0,0,0,0,0,0,0,0,0
"Stephen Johns",20162017,DAL,D,61,0,0,0,--,0,0,0,0,0,0,0,0,0,0,0,0,0,0,0,0,0,0
"Stephen Johns",20172018,DAL,D,75,0,0,0,--,0,0,0,0,0,0,0,0,0,0,0,0,0,0,0,0,0,0
"Aaron Johnson",20092010,"CGY,EDM",D,41,0,0,0,--,0,0,0,0,0,0,0,0,0,0,0,0,0,0,0,0,0,0
"Aaron Johnson",20112012,CBJ,D,56,0,0,0,--,0,0,0,0,0,0,0,0,0,0,0,0,0,0,0,0,0,0
"Aaron Johnson",20122013,BOS,D,10,0,0,0,--,0,0,0,0,0,0,0,0,0,0,0,0,0,0,0,0,0,0
"Adam Johnson",20182019,PIT,C,6,0,0,0,--,0,0,0,0,0,0,0,0,0,0,0,0,0,0,0,0,0,0
"Erik Johnson",20092010,STL,D,79,0,0,0,--,0,0,0,0,0,0,0,0,0,0,0,0,0,0,0,0,0,0
"Erik Johnson",20102011,"STL,COL",D,77,0,0,0,--,0,0,0,0,0,0,0,0,0,0,0,0,0,0,0,0,0,0
"Erik Johnson",20112012,COL,D,73,0,0,0,--,0,0,0,0,0,0,0,0,0,0,0,0,0,0,0,0,0,0
"Erik Johnson",20122013,COL,D,31,0,0,0,--,0,0,0,0,0,0,0,0,0,0,0,0,0,0,0,0,0,0
"Erik Johnson",20132014,COL,D,80,0,0,0,--,0,0,0,0,0,0,0,0,0,0,0,0,0,0,0,0,0,0
"Erik Johnson",20142015,COL,D,47,0,0,0,--,0,0,0,0,0,0,0,0,0,0,0,0,0,0,0,0,0,0
"Erik Johnson",20152016,COL,D,73,1,0,1,0,1,0,1,0,0,0,0,0,0,0,0,0,1,0,1,0,0,0
"Erik Johnson",20162017,COL,D,46,0,0,0,--,0,0,0,0,0,0,0,0,0,0,0,0,0,0,0,0,0,0
"Erik Johnson",20172018,COL,D,62,1,0,1,0,0,0,0,0,0,0,1,0,1,0,0,0,0,0,0,1,0,1
"Erik Johnson",20182019,COL,D,80,0,0,0,--,0,0,0,0,0,0,0,0,0,0,0,0,0,0,0,0,0,0
"Jack Johnson",20092010,LAK,D,80,0,0,0,--,0,0,0,0,0,0,0,0,0,0,0,0,0,0,0,0,0,0
"Jack Johnson",20102011,LAK,D,82,0,0,0,--,0,0,0,0,0,0,0,0,0,0,0,0,0,0,0,0,0,0
"Jack Johnson",20112012,"LAK,CBJ",D,82,0,0,0,--,0,0,0,0,0,0,0,0,0,0,0,0,0,0,0,0,0,0
"Jack Johnson",20122013,CBJ,D,44,0,0,0,--,0,0,0,0,0,0,0,0,0,0,0,0,0,0,0,0,0,0
"Jack Johnson",20132014,CBJ,D,82,1,0,1,0,0,0,0,1,0,1,0,0,0,1,0,1,0,0,0,0,0,0
"Jack Johnson",20142015,CBJ,D,79,0,0,0,--,0,0,0,0,0,0,0,0,0,0,0,0,0,0,0,0,0,0
"Jack Johnson",20152016,CBJ,D,60,1,0,1,0,1,0,1,0,0,0,0,0,0,0,0,0,1,0,1,0,0,0
"Jack Johnson",20162017,CBJ,D,82,1,1,0,100,1,1,0,0,0,0,0,0,0,0,0,0,0,0,0,1,1,0
"Jack Johnson",20172018,CBJ,D,77,0,0,0,--,0,0,0,0,0,0,0,0,0,0,0,0,0,0,0,0,0,0
"Jack Johnson",20182019,PIT,D,82,0,0,0,--,0,0,0,0,0,0,0,0,0,0,0,0,0,0,0,0,0,0
"Justin Johnson",20132014,NYI,R,2,0,0,0,--,0,0,0,0,0,0,0,0,0,0,0,0,0,0,0,0,0,0
"Luke Johnson",20182019,CHI,C,15,106,51,55,48.1,89,46,43,0,0,0,17,5,12,40,23,17,25,12,13,41,16,25
"Nick Johnson",20092010,PIT,R,6,1,1,0,100,1,1,0,0,0,0,0,0,0,0,0,0,1,1,0,0,0,0
"Nick Johnson",20102011,PIT,R,4,0,0,0,--,0,0,0,0,0,0,0,0,0,0,0,0,0,0,0,0,0,0
"Nick Johnson",20112012,MIN,R,77,13,3,10,23.1,13,3,10,0,0,0,0,0,0,9,2,7,2,1,1,2,0,2
"Nick Johnson",20122013,PHX,R,17,3,0,3,0,3,0,3,0,0,0,0,0,0,2,0,2,1,0,1,0,0,0
"Nick Johnson",20132014,BOS,R,9,0,0,0,--,0,0,0,0,0,0,0,0,0,0,0,0,0,0,0,0,0,0
"Ryan Johnson",20092010,VAN,C,58,537,283,254,52.7,342,190,152,8,4,4,187,89,98,95,57,38,142,71,71,289,149,140
"Ryan Johnson",20102011,CHI,C,34,312,197,115,63.1,262,167,95,4,2,2,46,28,18,70,44,26,70,46,24,172,107,65
"Tyler Johnson",20122013,TBL,C,14,121,72,49,59.5,94,53,41,17,11,6,10,8,2,39,23,16,33,21,12,49,28,21
"Tyler Johnson",20132014,TBL,C,82,"1,275",614,661,48.2,968,472,496,118,59,59,189,83,106,401,175,226,427,226,201,447,213,234
"Tyler Johnson",20142015,TBL,C,77,"1,103",537,566,48.7,838,417,421,137,74,63,128,46,82,385,196,189,405,196,209,313,145,168
"Tyler Johnson",20152016,TBL,C,69,986,479,507,48.6,804,393,411,138,74,64,44,12,32,382,200,182,352,168,184,252,111,141
"Tyler Johnson",20162017,TBL,C,66,"1,122",583,539,52,840,429,411,148,86,62,134,68,66,404,217,187,343,162,181,375,204,171
"Tyler Johnson",20172018,TBL,C,81,719,360,359,50.1,563,287,276,54,29,25,102,44,58,237,127,110,228,110,118,254,123,131
"Tyler Johnson",20182019,TBL,C,80,473,230,243,48.6,406,202,204,31,17,14,36,11,25,187,104,83,129,59,70,157,67,90
"Andreas Johnsson",20172018,TOR,L,9,6,2,4,33.3,6,2,4,0,0,0,0,0,0,0,0,0,4,1,3,2,1,1
"Andreas Johnsson",20182019,TOR,L,73,19,7,12,36.8,17,7,10,2,0,2,0,0,0,7,3,4,9,2,7,3,2,1
"Kim Johnsson",20092010,"MIN,CHI",D,60,0,0,0,--,0,0,0,0,0,0,0,0,0,0,0,0,0,0,0,0,0,0
"Ross Johnston",20152016,NYI,L,1,0,0,0,--,0,0,0,0,0,0,0,0,0,0,0,0,0,0,0,0,0,0
"Ross Johnston",20172018,NYI,L,24,5,1,4,20,5,1,4,0,0,0,0,0,0,3,0,3,1,1,0,1,0,1
"Ross Johnston",20182019,NYI,L,17,1,0,1,0,1,0,1,0,0,0,0,0,0,0,0,0,1,0,1,0,0,0
"Ryan Johnston",20152016,MTL,D,3,0,0,0,--,0,0,0,0,0,0,0,0,0,0,0,0,0,0,0,0,0,0
"Ryan Johnston",20162017,MTL,D,7,0,0,0,--,0,0,0,0,0,0,0,0,0,0,0,0,0,0,0,0,0,0
"Henri Jokiharju",20182019,CHI,D,38,0,0,0,--,0,0,0,0,0,0,0,0,0,0,0,0,0,0,0,0,0,0
"Jussi Jokinen",20092010,CAR,L,81,265,136,129,51.3,186,101,85,76,34,42,3,1,2,126,61,65,64,32,32,76,43,33
"Jussi Jokinen",20102011,CAR,L,70,320,169,151,52.8,202,108,94,76,42,34,42,19,23,134,72,62,78,39,39,108,58,50
"Jussi Jokinen",20112012,CAR,L,79,833,459,374,55.1,680,374,306,90,49,41,63,36,27,307,177,130,257,143,114,268,139,129
"Jussi Jokinen",20122013,"CAR,PIT",L,43,432,250,182,57.9,331,200,131,51,23,28,50,27,23,149,83,66,134,85,49,149,82,67
"Jussi Jokinen",20132014,PIT,L,81,299,160,139,53.5,267,139,128,26,18,8,6,3,3,121,60,61,89,48,41,89,52,37
"Jussi Jokinen",20142015,FLA,L,81,250,126,124,50.4,175,83,92,51,32,19,24,11,13,133,67,66,54,24,30,63,35,28
"Jussi Jokinen",20152016,FLA,L,81,262,135,127,51.5,82,37,45,126,70,56,54,28,26,155,82,73,36,16,20,71,37,34
"Jussi Jokinen",20162017,FLA,L,69,144,75,69,52.1,96,45,51,38,23,15,10,7,3,80,40,40,26,16,10,38,19,19
"Jussi Jokinen",20172018,"EDM,LAK,CBJ,VAN",L,60,187,101,86,54,147,81,66,21,8,13,19,12,7,68,32,36,36,21,15,83,48,35
"Olli Jokinen",20092010,"CGY,NYR",C,82,973,480,493,49.3,845,430,415,122,49,73,6,1,5,366,175,191,381,192,189,224,113,111
"Olli Jokinen",20102011,CGY,C,79,"1,165",552,613,47.4,948,442,506,190,97,93,27,13,14,436,211,225,447,194,253,282,147,135
"Olli Jokinen",20112012,CGY,C,82,"1,333",620,713,46.5,"1,058",499,559,182,86,96,93,35,58,440,210,230,498,229,269,395,181,214
"Olli Jokinen",20122013,WPG,C,45,630,300,330,47.6,572,269,303,56,30,26,2,1,1,249,122,127,231,110,121,150,68,82
"Olli Jokinen",20132014,WPG,C,82,"1,330",612,718,46,"1,155",523,632,123,66,57,52,23,29,453,192,261,454,212,242,423,208,215
"Olli Jokinen",20142015,"NSH,TOR,STL",C,62,330,134,196,40.6,276,111,165,14,7,7,40,16,24,115,43,72,100,44,56,115,47,68
"Jyrki Jokipakka",20142015,DAL,D,51,0,0,0,--,0,0,0,0,0,0,0,0,0,0,0,0,0,0,0,0,0,0
"Jyrki Jokipakka",20152016,"DAL,CGY",D,58,0,0,0,--,0,0,0,0,0,0,0,0,0,0,0,0,0,0,0,0,0,0
"Jyrki Jokipakka",20162017,"CGY,OTT",D,41,0,0,0,--,0,0,0,0,0,0,0,0,0,0,0,0,0,0,0,0,0,0
"Blair Jones",20092010,TBL,C,14,28,15,13,53.6,20,10,10,0,0,0,8,5,3,6,4,2,8,5,3,14,6,8
"Blair Jones",20102011,TBL,C,18,86,46,40,53.5,85,46,39,1,0,1,0,0,0,32,15,17,41,24,17,13,7,6
"Blair Jones",20112012,"TBL,CGY",C,43,302,128,174,42.4,247,106,141,15,8,7,40,14,26,79,33,46,108,49,59,115,46,69
"Blair Jones",20122013,CGY,C,15,109,58,51,53.2,98,55,43,0,0,0,11,3,8,32,12,20,33,23,10,44,23,21
"Blair Jones",20132014,CGY,C,14,76,36,40,47.4,61,32,29,6,2,4,9,2,7,28,12,16,20,11,9,28,13,15
"Blair Jones",20142015,PHI,C,4,10,5,5,50,10,5,5,0,0,0,0,0,0,1,1,0,7,4,3,2,0,2
"Caleb Jones",20182019,EDM,D,17,0,0,0,--,0,0,0,0,0,0,0,0,0,0,0,0,0,0,0,0,0,0
"Connor Jones",20162017,NYI,C,4,13,8,5,61.5,13,8,5,0,0,0,0,0,0,2,0,2,6,4,2,5,4,1
"David Jones",20092010,COL,R,23,7,2,5,28.6,4,2,2,0,0,0,3,0,3,1,1,0,3,0,3,2,1,1
"David Jones",20102011,COL,R,77,21,10,11,47.6,6,4,2,13,6,7,2,0,2,14,6,8,4,1,3,3,3,0
"David Jones",20112012,COL,R,72,34,16,18,47.1,21,11,10,8,5,3,5,0,5,19,9,10,12,5,7,3,2,1
"David Jones",20122013,COL,R,33,21,6,15,28.6,12,3,9,1,0,1,8,3,5,7,1,6,4,1,3,10,4,6
"David Jones",20132014,CGY,R,48,73,38,35,52,51,25,26,21,12,9,1,1,0,51,27,24,11,7,4,11,4,7
"David Jones",20142015,CGY,R,67,31,15,16,48.4,26,13,13,5,2,3,0,0,0,23,10,13,4,1,3,4,4,0
"David Jones",20152016,"CGY,MIN",R,75,34,17,17,50,27,15,12,7,2,5,0,0,0,24,13,11,5,2,3,5,2,3
"Max Jones",20182019,ANA,L,30,3,1,2,33.3,2,1,1,0,0,0,1,0,1,0,0,0,0,0,0,3,1,2
"Randy Jones",20092010,LAK,D,48,0,0,0,--,0,0,0,0,0,0,0,0,0,0,0,0,0,0,0,0,0,0
"Randy Jones",20102011,TBL,D,61,0,0,0,--,0,0,0,0,0,0,0,0,0,0,0,0,0,0,0,0,0,0
"Randy Jones",20112012,WPG,D,39,0,0,0,--,0,0,0,0,0,0,0,0,0,0,0,0,0,0,0,0,0,0
"Ryan Jones",20092010,"NSH,EDM",L,49,1,0,1,0,1,0,1,0,0,0,0,0,0,1,0,1,0,0,0,0,0,0
"Ryan Jones",20102011,EDM,L,81,29,10,19,34.5,23,9,14,0,0,0,6,1,5,10,4,6,3,0,3,16,6,10
"Ryan Jones",20112012,EDM,L,79,15,3,12,20,9,2,7,1,0,1,5,1,4,3,1,2,6,0,6,6,2,4
"Ryan Jones",20122013,EDM,L,27,9,2,7,22.2,7,1,6,1,0,1,1,1,0,5,1,4,0,0,0,4,1,3
"Ryan Jones",20132014,EDM,L,52,6,2,4,33.3,5,2,3,0,0,0,1,0,1,2,0,2,1,0,1,3,2,1
"Seth Jones",20132014,NSH,D,77,0,0,0,--,0,0,0,0,0,0,0,0,0,0,0,0,0,0,0,0,0,0
"Seth Jones",20142015,NSH,D,82,0,0,0,--,0,0,0,0,0,0,0,0,0,0,0,0,0,0,0,0,0,0
"Seth Jones",20152016,"NSH,CBJ",D,81,0,0,0,--,0,0,0,0,0,0,0,0,0,0,0,0,0,0,0,0,0,0
"Seth Jones",20162017,CBJ,D,75,0,0,0,--,0,0,0,0,0,0,0,0,0,0,0,0,0,0,0,0,0,0
"Seth Jones",20172018,CBJ,D,78,0,0,0,--,0,0,0,0,0,0,0,0,0,0,0,0,0,0,0,0,0,0
"Seth Jones",20182019,CBJ,D,75,0,0,0,--,0,0,0,0,0,0,0,0,0,0,0,0,0,0,0,0,0,0
"Josh Jooris",20142015,CGY,R,60,567,276,291,48.7,494,240,254,28,15,13,45,21,24,190,86,104,184,96,88,193,94,99
"Josh Jooris",20152016,CGY,R,59,257,114,143,44.4,196,93,103,4,3,1,57,18,39,70,34,36,67,25,42,120,55,65
"Josh Jooris",20162017,"NYR,ARI",R,54,450,222,228,49.3,391,196,195,4,3,1,55,23,32,106,59,47,151,75,76,193,88,105
"Josh Jooris",20172018,"CAR,PIT",R,40,163,75,88,46,149,68,81,1,1,0,13,6,7,38,13,25,59,30,29,66,32,34
"Michal Jordan",20122013,CAR,D,5,0,0,0,--,0,0,0,0,0,0,0,0,0,0,0,0,0,0,0,0,0,0
"Michal Jordan",20142015,CAR,D,38,0,0,0,--,0,0,0,0,0,0,0,0,0,0,0,0,0,0,0,0,0,0
"Michal Jordan",20152016,CAR,D,36,0,0,0,--,0,0,0,0,0,0,0,0,0,0,0,0,0,0,0,0,0,0
"Jacob Josefson",20102011,NJD,C,28,202,95,107,47,171,83,88,30,11,19,1,1,0,68,25,43,84,42,42,50,28,22
"Jacob Josefson",20112012,NJD,C,41,354,181,173,51.1,309,159,150,7,4,3,38,18,20,94,42,52,153,79,74,107,60,47
"Jacob Josefson",20122013,NJD,C,22,236,114,122,48.3,180,91,89,12,7,5,44,16,28,55,29,26,83,39,44,98,46,52
"Jacob Josefson",20132014,NJD,C,27,168,83,85,49.4,151,75,76,2,1,1,15,7,8,61,31,30,56,28,28,51,24,27
"Jacob Josefson",20142015,NJD,C,62,586,289,297,49.3,468,229,239,22,11,11,96,49,47,139,67,72,218,111,107,229,111,118
"Jacob Josefson",20152016,NJD,C,58,667,323,344,48.4,516,243,273,91,53,38,60,27,33,216,120,96,223,110,113,228,93,135
"Jacob Josefson",20162017,NJD,C,38,313,162,151,51.8,291,149,142,13,7,6,9,6,3,80,42,38,113,56,57,120,64,56
"Jacob Josefson",20172018,BUF,C,39,320,141,179,44.1,274,122,152,4,3,1,42,16,26,44,23,21,132,64,68,144,54,90
"Mathieu Joseph",20182019,TBL,R,70,34,10,24,29.4,32,9,23,0,0,0,2,1,1,16,5,11,16,5,11,2,0,2
"Roman Josi",20112012,NSH,D,52,0,0,0,--,0,0,0,0,0,0,0,0,0,0,0,0,0,0,0,0,0,0
"Roman Josi",20122013,NSH,D,48,0,0,0,--,0,0,0,0,0,0,0,0,0,0,0,0,0,0,0,0,0,0
"Roman Josi",20132014,NSH,D,72,0,0,0,--,0,0,0,0,0,0,0,0,0,0,0,0,0,0,0,0,0,0
"Roman Josi",20142015,NSH,D,81,1,0,1,0,1,0,1,0,0,0,0,0,0,0,0,0,0,0,0,1,0,1
"Roman Josi",20152016,NSH,D,81,0,0,0,--,0,0,0,0,0,0,0,0,0,0,0,0,0,0,0,0,0,0
"Roman Josi",20162017,NSH,D,72,0,0,0,--,0,0,0,0,0,0,0,0,0,0,0,0,0,0,0,0,0,0
"Roman Josi",20172018,NSH,D,75,0,0,0,--,0,0,0,0,0,0,0,0,0,0,0,0,0,0,0,0,0,0
"Roman Josi",20182019,NSH,D,82,1,0,1,0,1,0,1,0,0,0,0,0,0,0,0,0,1,0,1,0,0,0
"Derek Joslin",20092010,SJS,D,24,0,0,0,--,0,0,0,0,0,0,0,0,0,0,0,0,0,0,0,0,0,0
"Derek Joslin",20102011,"SJS,CAR",D,34,0,0,0,--,0,0,0,0,0,0,0,0,0,0,0,0,0,0,0,0,0,0
"Derek Joslin",20112012,CAR,D,44,1,1,0,100,1,1,0,0,0,0,0,0,0,1,1,0,0,0,0,0,0,0
"Derek Joslin",20122013,VAN,D,2,0,0,0,--,0,0,0,0,0,0,0,0,0,0,0,0,0,0,0,0,0,0
"Tyson Jost",20162017,COL,C,6,70,28,42,40,65,26,39,2,0,2,3,2,1,22,8,14,24,11,13,24,9,15
"Tyson Jost",20172018,COL,C,65,229,84,145,36.7,201,77,124,11,1,10,17,6,11,76,26,50,64,22,42,89,36,53
"Tyson Jost",20182019,COL,C,70,146,55,91,37.7,140,51,89,6,4,2,0,0,0,57,21,36,48,17,31,41,17,24
"Andrew Joudrey",20112012,CBJ,C,1,1,1,0,100,1,1,0,0,0,0,0,0,0,0,0,0,0,0,0,1,1,0
"Ed Jovanovski",20092010,PHX,D,66,1,0,1,0,0,0,0,1,0,1,0,0,0,1,0,1,0,0,0,0,0,0
"Ed Jovanovski",20102011,PHX,D,50,0,0,0,--,0,0,0,0,0,0,0,0,0,0,0,0,0,0,0,0,0,0
"Ed Jovanovski",20112012,FLA,D,66,0,0,0,--,0,0,0,0,0,0,0,0,0,0,0,0,0,0,0,0,0,0
"Ed Jovanovski",20122013,FLA,D,6,0,0,0,--,0,0,0,0,0,0,0,0,0,0,0,0,0,0,0,0,0,0
"Ed Jovanovski",20132014,FLA,D,37,0,0,0,--,0,0,0,0,0,0,0,0,0,0,0,0,0,0,0,0,0,0
"Jonas Junland",20092010,STL,D,3,0,0,0,--,0,0,0,0,0,0,0,0,0,0,0,0,0,0,0,0,0,0
"Milan Jurcina",20092010,"WSH,CBJ",D,44,0,0,0,--,0,0,0,0,0,0,0,0,0,0,0,0,0,0,0,0,0,0
"Milan Jurcina",20102011,NYI,D,46,1,0,1,0,1,0,1,0,0,0,0,0,0,0,0,0,0,0,0,1,0,1
"Milan Jurcina",20112012,NYI,D,65,0,0,0,--,0,0,0,0,0,0,0,0,0,0,0,0,0,0,0,0,0,0
"Tomas Jurco",20132014,DET,R,36,0,0,0,--,0,0,0,0,0,0,0,0,0,0,0,0,0,0,0,0,0,0
"Tomas Jurco",20142015,DET,R,63,2,0,2,0,2,0,2,0,0,0,0,0,0,0,0,0,2,0,2,0,0,0
"Tomas Jurco",20152016,DET,R,44,1,1,0,100,1,1,0,0,0,0,0,0,0,1,1,0,0,0,0,0,0,0
"Tomas Jurco",20162017,"DET,CHI",R,29,1,0,1,0,1,0,1,0,0,0,0,0,0,1,0,1,0,0,0,0,0,0
"Tomas Jurco",20172018,CHI,R,29,16,4,12,25,16,4,12,0,0,0,0,0,0,9,2,7,3,1,2,4,1,3
"Noah Juulsen",20172018,MTL,D,23,0,0,0,--,0,0,0,0,0,0,0,0,0,0,0,0,0,0,0,0,0,0
"Noah Juulsen",20182019,MTL,D,21,0,0,0,--,0,0,0,0,0,0,0,0,0,0,0,0,0,0,0,0,0,0
"Tomas Kaberle",20092010,TOR,D,82,0,0,0,--,0,0,0,0,0,0,0,0,0,0,0,0,0,0,0,0,0,0
"Tomas Kaberle",20102011,"TOR,BOS",D,82,0,0,0,--,0,0,0,0,0,0,0,0,0,0,0,0,0,0,0,0,0,0
"Tomas Kaberle",20112012,"CAR,MTL",D,72,0,0,0,--,0,0,0,0,0,0,0,0,0,0,0,0,0,0,0,0,0,0
"Tomas Kaberle",20122013,MTL,D,10,0,0,0,--,0,0,0,0,0,0,0,0,0,0,0,0,0,0,0,0,0,0
"Nazem Kadri",20092010,TOR,C,1,13,2,11,15.4,13,2,11,0,0,0,0,0,0,5,0,5,8,2,6,0,0,0
"Nazem Kadri",20102011,TOR,C,29,121,49,72,40.5,95,38,57,26,11,15,0,0,0,48,19,29,50,20,30,23,10,13
"Nazem Kadri",20112012,TOR,C,21,15,4,11,26.7,13,4,9,2,0,2,0,0,0,6,1,5,6,2,4,3,1,2
"Nazem Kadri",20122013,TOR,C,48,565,250,315,44.3,527,235,292,36,14,22,2,1,1,189,88,101,215,95,120,161,67,94
"Nazem Kadri",20132014,TOR,C,78,"1,127",510,617,45.3,962,423,539,158,83,75,7,4,3,409,176,233,404,194,210,314,140,174
"Nazem Kadri",20142015,TOR,C,73,"1,144",528,616,46.1,"1,017",481,536,108,43,65,19,4,15,341,153,188,426,208,218,377,167,210
"Nazem Kadri",20152016,TOR,C,76,"1,304",641,663,49.2,"1,122",539,583,171,95,76,11,7,4,511,243,268,423,227,196,370,171,199
"Nazem Kadri",20162017,TOR,C,82,"1,134",544,590,48,"1,070",510,560,60,31,29,4,3,1,289,143,146,473,235,238,372,166,206
"Nazem Kadri",20172018,TOR,C,80,"1,093",546,547,50,"1,026",513,513,66,33,33,1,0,1,296,144,152,417,209,208,380,193,187
"Nazem Kadri",20182019,TOR,C,73,730,403,327,55.2,715,396,319,14,7,7,1,0,1,232,126,106,261,147,114,237,130,107
"Dominik Kahun",20182019,CHI,C,82,61,22,39,36.1,51,20,31,8,2,6,2,0,2,42,14,28,14,7,7,5,1,4
"Patrick Kaleta",20092010,BUF,R,55,2,0,2,0,2,0,2,0,0,0,0,0,0,0,0,0,0,0,0,2,0,2
"Patrick Kaleta",20102011,BUF,R,51,12,5,7,41.7,11,4,7,0,0,0,1,1,0,5,1,4,2,2,0,5,2,3
"Patrick Kaleta",20112012,BUF,R,63,19,10,9,52.6,11,6,5,0,0,0,8,4,4,2,1,1,2,2,0,15,7,8
"Patrick Kaleta",20122013,BUF,R,34,11,5,6,45.5,8,3,5,0,0,0,3,2,1,2,0,2,4,2,2,5,3,2
"Patrick Kaleta",20132014,BUF,R,5,1,1,0,100,1,1,0,0,0,0,0,0,0,1,1,0,0,0,0,0,0,0
"Patrick Kaleta",20142015,BUF,R,42,8,3,5,37.5,7,3,4,0,0,0,1,0,1,1,0,1,5,2,3,2,1,1
"Sergey Kalinin",20152016,NJD,C,78,322,134,188,41.6,299,126,173,17,5,12,6,3,3,96,48,48,136,53,83,90,33,57
"Sergey Kalinin",20162017,NJD,C,43,174,72,102,41.4,155,64,91,1,1,0,18,7,11,34,10,24,56,30,26,84,32,52
"Jon Kalinski",20092010,PHI,L,10,30,11,19,36.7,28,11,17,0,0,0,2,0,2,12,3,9,11,5,6,7,3,4
"Petr Kalus",20092010,MIN,R,2,1,0,1,0,1,0,1,0,0,0,0,0,0,0,0,0,0,0,0,1,0,1
"Vladislav Kamenev",20162017,NSH,C,2,13,6,7,46.1,13,6,7,0,0,0,0,0,0,4,2,2,6,4,2,3,0,3
"Vladislav Kamenev",20172018,COL,C,3,18,7,11,38.9,18,7,11,0,0,0,0,0,0,7,3,4,9,4,5,2,0,2
"Vladislav Kamenev",20182019,COL,C,23,118,59,59,50,101,50,51,4,2,2,13,7,6,35,16,19,38,16,22,45,27,18
"David Kampf",20172018,CHI,C,46,549,291,258,53,500,266,234,12,9,3,37,16,21,170,94,76,159,79,80,220,118,102
"David Kampf",20182019,CHI,C,63,609,276,333,45.3,560,258,302,6,2,4,43,16,27,143,66,77,216,94,122,250,116,134
"Steven Kampfer",20102011,BOS,D,38,0,0,0,--,0,0,0,0,0,0,0,0,0,0,0,0,0,0,0,0,0,0
"Steven Kampfer",20112012,"BOS,MIN",D,23,0,0,0,--,0,0,0,0,0,0,0,0,0,0,0,0,0,0,0,0,0,0
"Steven Kampfer",20142015,FLA,D,25,0,0,0,--,0,0,0,0,0,0,0,0,0,0,0,0,0,0,0,0,0,0
"Steven Kampfer",20152016,FLA,D,47,2,1,1,50,2,1,1,0,0,0,0,0,0,1,0,1,1,1,0,0,0,0
"Steven Kampfer",20162017,"FLA,NYR",D,11,0,0,0,--,0,0,0,0,0,0,0,0,0,0,0,0,0,0,0,0,0,0
"Steven Kampfer",20172018,NYR,D,22,0,0,0,--,0,0,0,0,0,0,0,0,0,0,0,0,0,0,0,0,0,0
"Steven Kampfer",20182019,BOS,D,35,0,0,0,--,0,0,0,0,0,0,0,0,0,0,0,0,0,0,0,0,0,0
"Tomas Kana",20092010,CBJ,C,6,0,0,0,--,0,0,0,0,0,0,0,0,0,0,0,0,0,0,0,0,0,0
"Boyd Kane",20092010,WSH,L,3,0,0,0,--,0,0,0,0,0,0,0,0,0,0,0,0,0,0,0,0,0,0
"Evander Kane",20092010,ATL,L,66,26,14,12,53.9,22,12,10,3,1,2,1,1,0,8,5,3,9,5,4,9,4,5
"Evander Kane",20102011,ATL,L,73,64,26,38,40.6,35,13,22,24,10,14,5,3,2,34,11,23,22,12,10,8,3,5
"Evander Kane",20112012,WPG,L,74,44,15,29,34.1,37,13,24,7,2,5,0,0,0,25,7,18,8,4,4,11,4,7
"Evander Kane",20122013,WPG,L,48,33,13,20,39.4,25,11,14,4,0,4,4,2,2,15,3,12,4,1,3,14,9,5
"Evander Kane",20132014,WPG,L,63,105,45,60,42.9,79,29,50,15,10,5,11,6,5,70,26,44,14,7,7,21,12,9
"Evander Kane",20142015,WPG,L,37,67,30,37,44.8,44,21,23,8,5,3,15,4,11,36,17,19,18,7,11,13,6,7
"Evander Kane",20152016,BUF,L,65,124,62,62,50,82,41,41,40,20,20,2,1,1,107,55,52,11,6,5,6,1,5
"Evander Kane",20162017,BUF,L,70,122,55,67,45.1,85,38,47,29,13,16,8,4,4,72,34,38,35,16,19,15,5,10
"Evander Kane",20172018,"BUF,SJS",L,78,270,120,150,44.4,203,87,116,65,32,33,2,1,1,194,86,108,53,27,26,23,7,16
"Evander Kane",20182019,SJS,L,75,212,92,120,43.4,157,69,88,40,15,25,15,8,7,93,37,56,77,31,46,42,24,18
"Patrick Kane",20092010,CHI,R,82,22,9,13,40.9,13,4,9,9,5,4,0,0,0,15,7,8,4,2,2,3,0,3
"Patrick Kane",20102011,CHI,R,73,14,2,12,14.3,9,1,8,5,1,4,0,0,0,7,2,5,3,0,3,4,0,4
"Patrick Kane",20112012,CHI,R,82,569,240,329,42.2,528,218,310,38,19,19,3,3,0,225,92,133,249,112,137,95,36,59
"Patrick Kane",20122013,CHI,R,47,10,2,8,20,8,1,7,2,1,1,0,0,0,5,1,4,4,1,3,1,0,1
"Patrick Kane",20132014,CHI,R,69,8,4,4,50,8,4,4,0,0,0,0,0,0,5,3,2,2,1,1,1,0,1
"Patrick Kane",20142015,CHI,R,61,7,3,4,42.9,7,3,4,0,0,0,0,0,0,7,3,4,0,0,0,0,0,0
"Patrick Kane",20152016,CHI,R,82,51,11,40,21.6,31,7,24,20,4,16,0,0,0,47,11,36,4,0,4,0,0,0
"Patrick Kane",20162017,CHI,R,82,51,7,44,13.7,31,4,27,19,3,16,1,0,1,48,7,41,3,0,3,0,0,0
"Patrick Kane",20172018,CHI,R,82,18,7,11,38.9,15,5,10,2,1,1,1,1,0,7,2,5,9,3,6,2,2,0
"Patrick Kane",20182019,CHI,R,81,5,1,4,20,5,1,4,0,0,0,0,0,0,4,1,3,0,0,0,1,0,1
"Kasperi Kapanen",20152016,TOR,R,9,0,0,0,--,0,0,0,0,0,0,0,0,0,0,0,0,0,0,0,0,0,0
"Kasperi Kapanen",20162017,TOR,R,8,0,0,0,--,0,0,0,0,0,0,0,0,0,0,0,0,0,0,0,0,0,0
"Kasperi Kapanen",20172018,TOR,R,38,7,1,6,14.3,4,0,4,0,0,0,3,1,2,4,0,4,1,0,1,2,1,1
"Kasperi Kapanen",20182019,TOR,R,78,10,5,5,50,6,3,3,0,0,0,4,2,2,4,0,4,5,4,1,1,1,0
"Michael Kapla",20162017,NJD,D,5,0,0,0,--,0,0,0,0,0,0,0,0,0,0,0,0,0,0,0,0,0,0
"Paul Kariya",20092010,STL,L,75,10,4,6,40,7,3,4,0,0,0,3,1,2,4,2,2,2,1,1,4,1,3
"Erik Karlsson",20092010,OTT,D,60,0,0,0,--,0,0,0,0,0,0,0,0,0,0,0,0,0,0,0,0,0,0
"Erik Karlsson",20102011,OTT,D,75,0,0,0,--,0,0,0,0,0,0,0,0,0,0,0,0,0,0,0,0,0,0
"Erik Karlsson",20112012,OTT,D,81,1,0,1,0,1,0,1,0,0,0,0,0,0,1,0,1,0,0,0,0,0,0
"Erik Karlsson",20122013,OTT,D,17,0,0,0,--,0,0,0,0,0,0,0,0,0,0,0,0,0,0,0,0,0,0
"Erik Karlsson",20132014,OTT,D,82,0,0,0,--,0,0,0,0,0,0,0,0,0,0,0,0,0,0,0,0,0,0
"Erik Karlsson",20142015,OTT,D,82,0,0,0,--,0,0,0,0,0,0,0,0,0,0,0,0,0,0,0,0,0,0
"Erik Karlsson",20152016,OTT,D,82,1,0,1,0,1,0,1,0,0,0,0,0,0,0,0,0,1,0,1,0,0,0
"Erik Karlsson",20162017,OTT,D,77,0,0,0,--,0,0,0,0,0,0,0,0,0,0,0,0,0,0,0,0,0,0
"Erik Karlsson",20172018,OTT,D,71,0,0,0,--,0,0,0,0,0,0,0,0,0,0,0,0,0,0,0,0,0,0
"Erik Karlsson",20182019,SJS,D,53,1,0,1,0,1,0,1,0,0,0,0,0,0,0,0,0,0,0,0,1,0,1
"Melker Karlsson",20142015,SJS,C,53,33,13,20,39.4,20,8,12,12,5,7,1,0,1,25,9,16,7,4,3,1,0,1
"Melker Karlsson",20152016,SJS,C,65,23,11,12,47.8,18,8,10,0,0,0,5,3,2,10,5,5,7,5,2,6,1,5
"Melker Karlsson",20162017,SJS,C,67,6,1,5,16.7,5,1,4,0,0,0,1,0,1,4,1,3,2,0,2,0,0,0
"Melker Karlsson",20172018,SJS,C,71,18,12,6,66.7,14,9,5,0,0,0,4,3,1,4,2,2,8,7,1,6,3,3
"Melker Karlsson",20182019,SJS,C,79,27,15,12,55.5,23,12,11,0,0,0,4,3,1,13,7,6,6,3,3,8,5,3
"William Karlsson",20142015,"ANA,CBJ",C,21,197,93,104,47.2,163,80,83,33,13,20,1,0,1,74,33,41,72,34,38,51,26,25
"William Karlsson",20152016,CBJ,C,81,911,416,495,45.7,753,352,401,16,2,14,142,62,80,216,90,126,312,151,161,383,175,208
"William Karlsson",20162017,CBJ,C,81,960,435,525,45.3,789,371,418,11,6,5,160,58,102,233,112,121,275,141,134,452,182,270
"William Karlsson",20172018,VGK,C,82,837,402,435,48,672,330,342,103,48,55,62,24,38,258,119,139,286,134,152,293,149,144
"William Karlsson",20182019,VGK,C,82,"1,234",588,646,47.6,"1,025",485,540,130,61,69,79,42,37,395,182,213,450,222,228,389,184,205
"Ondrej Kase",20162017,ANA,R,53,7,1,6,14.3,7,1,6,0,0,0,0,0,0,6,1,5,1,0,1,0,0,0
"Ondrej Kase",20172018,ANA,R,66,26,5,21,19.2,22,4,18,4,1,3,0,0,0,17,2,15,5,3,2,4,0,4
"Ondrej Kase",20182019,ANA,R,30,27,9,18,33.3,24,6,18,3,3,0,0,0,0,19,7,12,5,2,3,3,0,3
"Matt Kassian",20102011,MIN,L,4,0,0,0,--,0,0,0,0,0,0,0,0,0,0,0,0,0,0,0,0,0,0
"Matt Kassian",20112012,MIN,L,24,0,0,0,--,0,0,0,0,0,0,0,0,0,0,0,0,0,0,0,0,0,0
"Matt Kassian",20122013,OTT,L,15,0,0,0,--,0,0,0,0,0,0,0,0,0,0,0,0,0,0,0,0,0,0
"Matt Kassian",20132014,OTT,L,33,0,0,0,--,0,0,0,0,0,0,0,0,0,0,0,0,0,0,0,0,0,0
"Zack Kassian",20112012,"BUF,VAN",R,44,23,11,12,47.8,17,9,8,6,2,4,0,0,0,18,10,8,3,1,2,2,0,2
"Matt Beleskey",20172018,"BOS,NYR",L,15,9,2,7,22.2,5,0,5,2,1,1,2,1,1,5,0,5,3,2,1,1,0,1
"Matt Beleskey",20182019,NYR,L,4,1,1,0,100,1,1,0,0,0,0,0,0,0,0,0,0,1,1,0,0,0,0
"Brendan Bell",20112012,NYR,D,1,0,0,0,--,0,0,0,0,0,0,0,0,0,0,0,0,0,0,0,0,0,0
"Mark Bell",20112012,ANA,C,5,22,12,10,54.5,22,12,10,0,0,0,0,0,0,4,2,2,12,7,5,6,3,3
"Shawn Belle",20092010,MTL,D,2,0,0,0,--,0,0,0,0,0,0,0,0,0,0,0,0,0,0,0,0,0,0
"Shawn Belle",20102011,"EDM,COL",D,9,0,0,0,--,0,0,0,0,0,0,0,0,0,0,0,0,0,0,0,0,0,0
"Pierre-Edouard Bellemare",20142015,PHI,C,81,761,360,401,47.3,618,295,323,12,7,5,131,58,73,196,99,97,276,129,147,289,132,157
"Pierre-Edouard Bellemare",20152016,PHI,C,74,579,272,307,47,419,211,208,7,4,3,153,57,96,149,84,65,188,86,102,242,102,140
"Pierre-Edouard Bellemare",20162017,PHI,C,82,831,402,429,48.4,603,310,293,10,5,5,218,87,131,180,94,86,257,140,117,394,168,226
"Pierre-Edouard Bellemare",20172018,VGK,C,72,694,355,339,51.1,500,266,234,14,7,7,180,82,98,164,88,76,174,83,91,356,184,172
"Pierre-Edouard Bellemare",20182019,VGK,C,76,720,394,326,54.7,565,321,244,9,7,2,146,66,80,200,120,80,220,128,92,300,146,154
"Brett Bellemore",20122013,CAR,D,8,0,0,0,--,0,0,0,0,0,0,0,0,0,0,0,0,0,0,0,0,0,0
"Brett Bellemore",20132014,CAR,D,64,0,0,0,--,0,0,0,0,0,0,0,0,0,0,0,0,0,0,0,0,0,0
"Brett Bellemore",20142015,CAR,D,49,0,0,0,--,0,0,0,0,0,0,0,0,0,0,0,0,0,0,0,0,0,0
"Anton Belov",20132014,EDM,D,57,0,0,0,--,0,0,0,0,0,0,0,0,0,0,0,0,0,0,0,0,0,0
"Louie Belpedio",20172018,MIN,D,1,0,0,0,--,0,0,0,0,0,0,0,0,0,0,0,0,0,0,0,0,0,0
"Louie Belpedio",20182019,MIN,D,2,0,0,0,--,0,0,0,0,0,0,0,0,0,0,0,0,0,0,0,0,0,0
"Jamie Benn",20092010,DAL,L,82,236,109,127,46.2,219,100,119,15,8,7,2,1,1,65,36,29,143,59,84,28,14,14
"Jamie Benn",20102011,DAL,L,69,195,84,111,43.1,176,78,98,12,3,9,7,3,4,63,28,35,111,47,64,21,9,12
"Jamie Benn",20112012,DAL,L,71,751,347,404,46.2,626,288,338,96,43,53,29,16,13,229,99,130,343,159,184,179,89,90
"Jamie Benn",20122013,DAL,L,41,709,327,382,46.1,564,269,295,130,52,78,15,6,9,310,131,179,235,118,117,164,78,86
"Jamie Benn",20132014,DAL,L,81,778,411,367,52.8,517,270,247,237,128,109,24,13,11,443,224,219,168,93,75,167,94,73
"Jamie Benn",20142015,DAL,L,82,576,298,278,51.7,380,197,183,163,85,78,33,16,17,315,163,152,111,61,50,150,74,76
"Jamie Benn",20152016,DAL,L,82,478,226,252,47.3,330,164,166,134,56,78,14,6,8,273,135,138,68,28,40,137,63,74
"Jamie Benn",20162017,DAL,L,77,412,212,200,51.5,240,126,114,126,69,57,46,17,29,214,113,101,69,35,34,129,64,65
"Jamie Benn",20172018,DAL,L,82,726,381,345,52.5,554,296,258,123,67,56,49,18,31,374,198,176,132,64,68,220,119,101
"Jamie Benn",20182019,DAL,L,78,418,205,213,49,308,155,153,95,46,49,15,4,11,271,144,127,43,16,27,104,45,59
"Jordie Benn",20112012,DAL,D,3,0,0,0,--,0,0,0,0,0,0,0,0,0,0,0,0,0,0,0,0,0,0
"Jordie Benn",20122013,DAL,D,26,0,0,0,--,0,0,0,0,0,0,0,0,0,0,0,0,0,0,0,0,0,0
"Jordie Benn",20132014,DAL,D,78,1,1,0,100,1,1,0,0,0,0,0,0,0,0,0,0,1,1,0,0,0,0
"Jordie Benn",20142015,DAL,D,73,1,0,1,0,1,0,1,0,0,0,0,0,0,0,0,0,0,0,0,1,0,1
"Jordie Benn",20152016,DAL,D,64,0,0,0,--,0,0,0,0,0,0,0,0,0,0,0,0,0,0,0,0,0,0
"Jordie Benn",20162017,"DAL,MTL",D,71,0,0,0,--,0,0,0,0,0,0,0,0,0,0,0,0,0,0,0,0,0,0
"Jordie Benn",20172018,MTL,D,77,0,0,0,--,0,0,0,0,0,0,0,0,0,0,0,0,0,0,0,0,0,0
"Jordie Benn",20182019,MTL,D,81,0,0,0,--,0,0,0,0,0,0,0,0,0,0,0,0,0,0,0,0,0,0
"Beau Bennett",20122013,PIT,R,26,4,1,3,25,2,0,2,2,1,1,0,0,0,2,0,2,1,0,1,1,1,0
"Beau Bennett",20132014,PIT,R,21,2,2,0,100,2,2,0,0,0,0,0,0,0,0,0,0,1,1,0,1,1,0
"Beau Bennett",20142015,PIT,R,49,2,0,2,0,2,0,2,0,0,0,0,0,0,1,0,1,1,0,1,0,0,0
"Beau Bennett",20152016,PIT,R,33,6,2,4,33.3,5,2,3,1,0,1,0,0,0,3,1,2,2,1,1,1,0,1
"Beau Bennett",20162017,NJD,R,65,16,3,13,18.8,14,2,12,2,1,1,0,0,0,14,3,11,1,0,1,1,0,1
"Beau Bennett",20172018,STL,R,6,3,1,2,33.3,3,1,2,0,0,0,0,0,0,1,1,0,0,0,0,2,0,2
"Sam Bennett",20142015,CGY,C,1,6,1,5,16.7,6,1,5,0,0,0,0,0,0,0,0,0,4,0,4,2,1,1
"Sam Bennett",20152016,CGY,C,77,347,160,187,46.1,326,150,176,18,9,9,3,1,2,119,49,70,135,67,68,93,44,49
"Sam Bennett",20162017,CGY,C,81,811,374,437,46.1,741,343,398,21,8,13,49,23,26,267,118,149,304,141,163,240,115,125
"Sam Bennett",20172018,CGY,C,82,219,119,100,54.3,177,94,83,25,14,11,17,11,6,107,62,45,52,25,27,60,32,28
"Sam Bennett",20182019,CGY,C,71,90,50,40,55.5,68,38,30,21,12,9,1,0,1,43,26,17,24,13,11,23,11,12
"Matt Benning",20162017,EDM,D,62,0,0,0,--,0,0,0,0,0,0,0,0,0,0,0,0,0,0,0,0,0,0
"Matt Benning",20172018,EDM,D,73,0,0,0,--,0,0,0,0,0,0,0,0,0,0,0,0,0,0,0,0,0,0
"Matt Benning",20182019,EDM,D,70,0,0,0,--,0,0,0,0,0,0,0,0,0,0,0,0,0,0,0,0,0,0
"Andre Benoit",20102011,OTT,D,8,0,0,0,--,0,0,0,0,0,0,0,0,0,0,0,0,0,0,0,0,0,0
"Andre Benoit",20122013,OTT,D,33,0,0,0,--,0,0,0,0,0,0,0,0,0,0,0,0,0,0,0,0,0,0
"Andre Benoit",20132014,COL,D,79,0,0,0,--,0,0,0,0,0,0,0,0,0,0,0,0,0,0,0,0,0,0
"Andre Benoit",20142015,BUF,D,59,0,0,0,--,0,0,0,0,0,0,0,0,0,0,0,0,0,0,0,0,0,0
"Andre Benoit",20152016,STL,D,2,0,0,0,--,0,0,0,0,0,0,0,0,0,0,0,0,0,0,0,0,0,0
"Sean Bergenheim",20092010,NYI,L,63,17,5,12,29.4,12,4,8,1,0,1,4,1,3,5,1,4,5,1,4,7,3,4
"Sean Bergenheim",20102011,TBL,L,80,51,25,26,49,26,11,15,9,5,4,16,9,7,19,6,13,17,8,9,15,11,4
"Sean Bergenheim",20112012,FLA,L,62,11,3,8,27.3,7,2,5,2,1,1,2,0,2,3,1,2,3,0,3,5,2,3
"Sean Bergenheim",20132014,FLA,L,62,4,2,2,50,2,1,1,0,0,0,2,1,1,2,1,1,2,1,1,0,0,0
"Sean Bergenheim",20142015,"FLA,MIN",L,56,6,2,4,33.3,5,1,4,0,0,0,1,1,0,2,0,2,3,1,2,1,1,0
"Marc-Andre Bergeron",20092010,MTL,D,60,0,0,0,--,0,0,0,0,0,0,0,0,0,0,0,0,0,0,0,0,0,0
"Marc-Andre Bergeron",20102011,TBL,D,23,0,0,0,--,0,0,0,0,0,0,0,0,0,0,0,0,0,0,0,0,0,0
"Marc-Andre Bergeron",20112012,TBL,D,43,0,0,0,--,0,0,0,0,0,0,0,0,0,0,0,0,0,0,0,0,0,0
"Marc-Andre Bergeron",20122013,"TBL,CAR",D,25,0,0,0,--,0,0,0,0,0,0,0,0,0,0,0,0,0,0,0,0,0,0
"Patrice Bergeron",20092010,BOS,C,73,"1,342",778,564,58,994,610,384,148,85,63,200,83,117,438,262,176,413,238,175,484,275,209
"Patrice Bergeron",20102011,BOS,C,80,"1,439",815,624,56.6,"1,085",615,470,136,82,54,218,118,100,412,238,174,456,268,188,571,309,262
"Patrice Bergeron",20112012,BOS,C,81,"1,641",973,668,59.3,"1,233",760,473,178,90,88,230,123,107,549,314,235,511,313,198,581,346,235
"Patrice Bergeron",20122013,BOS,C,42,884,549,335,62.1,680,424,256,85,52,33,119,73,46,276,167,109,276,161,115,332,221,111
"Patrice Bergeron",20132014,BOS,C,80,"1,732","1,015",717,58.6,"1,318",785,533,178,102,76,236,128,108,523,288,235,556,346,210,653,381,272
"Patrice Bergeron",20142015,BOS,C,81,"1,951","1,175",776,60.2,"1,424",862,562,287,181,106,240,132,108,657,395,262,556,343,213,738,437,301
"Patrice Bergeron",20152016,BOS,C,80,"1,978","1,130",848,57.1,"1,443",828,615,285,174,111,250,128,122,663,387,276,598,352,246,717,391,326
"Patrice Bergeron",20162017,BOS,C,79,"1,812","1,089",723,60.1,"1,312",817,495,273,165,108,227,107,120,698,420,278,511,326,185,603,343,260
"Patrice Bergeron",20172018,BOS,C,64,"1,368",784,584,57.3,"1,011",586,425,206,110,96,151,88,63,554,307,247,387,229,158,427,248,179
"Patrice Bergeron",20182019,BOS,C,65,"1,389",786,603,56.6,978,545,433,260,162,98,151,79,72,611,365,246,359,195,164,419,226,193
"Niclas Bergfors",20092010,"NJD,ATL",R,81,19,9,10,47.4,15,6,9,4,3,1,0,0,0,10,7,3,3,0,3,6,2,4
"Niclas Bergfors",20102011,"ATL,FLA",R,72,9,4,5,44.4,4,2,2,5,2,3,0,0,0,2,0,2,6,3,3,1,1,0
"Niclas Bergfors",20112012,NSH,R,11,0,0,0,--,0,0,0,0,0,0,0,0,0,0,0,0,0,0,0,0,0,0
"Patrik Berglund",20092010,STL,C,71,504,220,284,43.6,441,185,256,57,34,23,6,1,5,173,72,101,212,95,117,118,54,64
"Patrik Berglund",20102011,STL,C,81,974,450,524,46.2,813,383,430,132,56,76,29,11,18,349,163,186,388,183,205,237,104,133
"Patrik Berglund",20112012,STL,C,82,"1,168",567,601,48.5,921,447,474,132,65,67,115,55,60,379,179,200,435,211,224,354,177,177
"Patrik Berglund",20122013,STL,C,48,603,279,324,46.3,492,227,265,61,33,28,50,19,31,210,97,113,208,93,115,185,89,96
"Patrik Berglund",20132014,STL,C,78,783,373,410,47.6,647,308,339,62,39,23,74,26,48,256,126,130,297,139,158,230,108,122
"Patrik Berglund",20142015,STL,C,77,329,160,169,48.6,303,146,157,13,7,6,13,7,6,104,42,62,131,63,68,94,55,39
"Patrik Berglund",20152016,STL,C,42,277,139,138,50.2,240,121,119,13,5,8,24,13,11,68,36,32,101,54,47,108,49,59
"Patrik Berglund",20162017,STL,C,82,"1,169",584,585,50,996,503,493,75,41,34,98,40,58,325,159,166,398,207,191,446,218,228
"Patrik Berglund",20172018,STL,C,57,314,173,141,55.1,272,150,122,19,13,6,23,10,13,98,55,43,99,57,42,117,61,56
"Patrik Berglund",20182019,BUF,C,23,116,68,48,58.6,94,56,38,13,8,5,9,4,5,33,19,14,18,13,5,65,36,29
"Steve Bernier",20092010,VAN,R,59,34,7,27,20.6,21,5,16,4,1,3,9,1,8,15,3,12,13,3,10,6,1,5
"Steve Bernier",20102011,FLA,R,68,17,4,13,23.5,11,2,9,4,1,3,2,1,1,7,1,6,5,2,3,5,1,4
"Steve Bernier",20112012,NJD,R,32,15,3,12,20,14,3,11,1,0,1,0,0,0,9,2,7,2,0,2,4,1,3
"Steve Bernier",20122013,NJD,R,47,10,5,5,50,9,5,4,1,0,1,0,0,0,2,1,1,4,2,2,4,2,2
"Steve Bernier",20132014,NJD,R,78,18,6,12,33.3,16,5,11,2,1,1,0,0,0,11,4,7,2,1,1,5,1,4
"Steve Bernier",20142015,NJD,R,67,2,1,1,50,1,0,1,1,1,0,0,0,0,2,1,1,0,0,0,0,0,0
"Steve Bernier",20152016,NYI,R,24,0,0,0,--,0,0,0,0,0,0,0,0,0,0,0,0,0,0,0,0,0,0
"Steve Bernier",20172018,NYI,R,4,4,2,2,50,2,1,1,2,1,1,0,0,0,1,1,0,0,0,0,3,1,2
"Christoph Bertschy",20152016,MIN,C,3,0,0,0,--,0,0,0,0,0,0,0,0,0,0,0,0,0,0,0,0,0,0
"Christoph Bertschy",20162017,MIN,C,5,0,0,0,--,0,0,0,0,0,0,0,0,0,0,0,0,0,0,0,0,0,0
"Christoph Bertschy",20172018,MIN,C,1,0,0,0,--,0,0,0,0,0,0,0,0,0,0,0,0,0,0,0,0,0,0
"Todd Bertuzzi",20092010,DET,R,82,23,11,12,47.8,19,8,11,4,3,1,0,0,0,13,6,7,5,3,2,5,2,3
"Todd Bertuzzi",20102011,DET,R,81,40,18,22,45,28,10,18,12,8,4,0,0,0,25,13,12,9,3,6,6,2,4
"Todd Bertuzzi",20112012,DET,R,71,13,5,8,38.5,9,5,4,4,0,4,0,0,0,7,2,5,5,3,2,1,0,1
"Zack Kassian",20122013,VAN,R,39,14,6,8,42.9,11,6,5,3,0,3,0,0,0,8,3,5,2,2,0,4,1,3
"Zack Kassian",20132014,VAN,R,73,21,6,15,28.6,18,6,12,3,0,3,0,0,0,6,2,4,6,3,3,9,1,8
"Zack Kassian",20142015,VAN,R,42,6,0,6,0,5,0,5,1,0,1,0,0,0,6,0,6,0,0,0,0,0,0
"Zack Kassian",20152016,EDM,R,36,4,1,3,25,3,1,2,1,0,1,0,0,0,2,1,1,1,0,1,1,0,1
"Zack Kassian",20162017,EDM,R,79,11,4,7,36.4,10,4,6,0,0,0,1,0,1,6,2,4,3,1,2,2,1,1
"Zack Kassian",20172018,EDM,R,74,24,5,19,20.8,18,2,16,0,0,0,6,3,3,13,2,11,6,0,6,5,3,2
"Zack Kassian",20182019,EDM,R,79,6,0,6,0,4,0,4,0,0,0,2,0,2,4,0,4,0,0,0,2,0,2
"Mark Katic",20102011,NYI,D,11,0,0,0,--,0,0,0,0,0,0,0,0,0,0,0,0,0,0,0,0,0,0
"Bracken Kearns",20112012,FLA,C,5,2,1,1,50,2,1,1,0,0,0,0,0,0,1,0,1,1,1,0,0,0,0
"Bracken Kearns",20122013,SJS,C,1,0,0,0,--,0,0,0,0,0,0,0,0,0,0,0,0,0,0,0,0,0,0
"Bracken Kearns",20132014,SJS,C,25,71,30,41,42.3,62,25,37,7,5,2,2,0,2,20,8,12,26,10,16,25,12,13
"Bracken Kearns",20152016,NYI,C,2,12,8,4,66.7,9,5,4,1,1,0,2,2,0,3,3,0,6,3,3,3,2,1
"Bracken Kearns",20162017,NYI,C,2,17,10,7,58.8,17,10,7,0,0,0,0,0,0,4,3,1,8,5,3,5,2,3
"Brady Keeper",20182019,FLA,D,1,0,0,0,--,0,0,0,0,0,0,0,0,0,0,0,0,0,0,0,0,0,0
"Duncan Keith",20092010,CHI,D,82,0,0,0,--,0,0,0,0,0,0,0,0,0,0,0,0,0,0,0,0,0,0
"Duncan Keith",20102011,CHI,D,82,0,0,0,--,0,0,0,0,0,0,0,0,0,0,0,0,0,0,0,0,0,0
"Duncan Keith",20112012,CHI,D,74,0,0,0,--,0,0,0,0,0,0,0,0,0,0,0,0,0,0,0,0,0,0
"Duncan Keith",20122013,CHI,D,47,0,0,0,--,0,0,0,0,0,0,0,0,0,0,0,0,0,0,0,0,0,0
"Duncan Keith",20132014,CHI,D,79,0,0,0,--,0,0,0,0,0,0,0,0,0,0,0,0,0,0,0,0,0,0
"Duncan Keith",20142015,CHI,D,80,0,0,0,--,0,0,0,0,0,0,0,0,0,0,0,0,0,0,0,0,0,0
"Duncan Keith",20152016,CHI,D,67,1,0,1,0,0,0,0,0,0,0,1,0,1,0,0,0,0,0,0,1,0,1
"Duncan Keith",20162017,CHI,D,80,0,0,0,--,0,0,0,0,0,0,0,0,0,0,0,0,0,0,0,0,0,0
"Duncan Keith",20172018,CHI,D,82,0,0,0,--,0,0,0,0,0,0,0,0,0,0,0,0,0,0,0,0,0,0
"Duncan Keith",20182019,CHI,D,82,0,0,0,--,0,0,0,0,0,0,0,0,0,0,0,0,0,0,0,0,0,0
"Clayton Keller",20162017,ARI,R,3,0,0,0,--,0,0,0,0,0,0,0,0,0,0,0,0,0,0,0,0,0,0
"Clayton Keller",20172018,ARI,R,82,78,37,41,47.4,61,31,30,14,5,9,3,1,2,50,22,28,21,10,11,7,5,2
"Clayton Keller",20182019,ARI,R,82,84,28,56,33.3,76,25,51,8,3,5,0,0,0,58,20,38,19,8,11,7,0,7
"Ryan Keller",20092010,OTT,R,6,0,0,0,--,0,0,0,0,0,0,0,0,0,0,0,0,0,0,0,0,0,0
"Chris Kelly",20092010,OTT,C,81,894,408,486,45.6,699,335,364,27,14,13,168,59,109,257,113,144,327,152,175,306,142,164
"Chris Kelly",20102011,"OTT,BOS",C,81,916,466,450,50.9,737,384,353,20,12,8,159,70,89,233,112,121,328,178,150,355,176,179
"Chris Kelly",20112012,BOS,C,82,809,419,390,51.8,701,361,340,21,15,6,87,43,44,233,115,118,313,161,152,263,143,120
"Chris Kelly",20122013,BOS,C,34,373,216,157,57.9,306,182,124,6,6,0,61,28,33,73,42,31,101,60,41,199,114,85
"Chris Kelly",20132014,BOS,C,57,579,283,296,48.9,463,231,232,3,1,2,113,51,62,140,53,87,154,70,84,285,160,125
"Chris Kelly",20142015,BOS,C,80,539,262,277,48.6,432,213,219,9,4,5,98,45,53,153,79,74,148,74,74,238,109,129
"Chris Kelly",20152016,BOS,C,11,52,22,30,42.3,33,15,18,1,0,1,18,7,11,10,4,6,20,8,12,22,10,12
"Chris Kelly",20162017,OTT,C,82,501,223,278,44.5,376,178,198,0,0,0,125,45,80,133,52,81,176,85,91,192,86,106
"Chris Kelly",20172018,ANA,C,12,9,2,7,22.2,8,1,7,0,0,0,1,1,0,4,0,4,4,2,2,1,0,1
"Adrian Kempe",20162017,LAK,C,25,153,67,86,43.8,133,59,74,13,4,9,7,4,3,65,32,33,39,12,27,49,23,26
"Adrian Kempe",20172018,LAK,C,81,683,263,420,38.5,607,231,376,76,32,44,0,0,0,305,116,189,283,108,175,95,39,56
"Adrian Kempe",20182019,LAK,C,81,739,315,424,42.6,676,288,388,47,20,27,16,7,9,271,108,163,289,119,170,179,88,91
"Mario Kempe",20172018,ARI,R,18,70,27,43,38.6,68,27,41,0,0,0,2,0,2,16,5,11,35,14,21,19,8,11
"Mario Kempe",20182019,ARI,R,52,329,126,203,38.3,313,121,192,3,1,2,13,4,9,75,26,49,156,72,84,98,28,70
"Michal Kempny",20162017,CHI,D,50,0,0,0,--,0,0,0,0,0,0,0,0,0,0,0,0,0,0,0,0,0,0
"Michal Kempny",20172018,"CHI,WSH",D,53,0,0,0,--,0,0,0,0,0,0,0,0,0,0,0,0,0,0,0,0,0,0
"Michal Kempny",20182019,WSH,D,71,0,0,0,--,0,0,0,0,0,0,0,0,0,0,0,0,0,0,0,0,0,0
"Joonas Kemppainen",20152016,BOS,C,44,459,227,232,49.5,381,191,190,15,8,7,63,28,35,118,60,58,144,70,74,197,97,100
"Ronalds Kenins",20142015,VAN,L,30,0,0,0,--,0,0,0,0,0,0,0,0,0,0,0,0,0,0,0,0,0,0
"Ronalds Kenins",20152016,VAN,L,8,3,1,2,33.3,3,1,2,0,0,0,0,0,0,3,1,2,0,0,0,0,0,0
"Tim Kennedy",20092010,BUF,L,78,397,133,264,33.5,376,128,248,13,3,10,8,2,6,103,24,79,185,73,112,108,36,72
"Tim Kennedy",20102011,FLA,L,6,30,12,18,40,30,12,18,0,0,0,0,0,0,10,3,7,13,4,9,7,5,2
"Tim Kennedy",20112012,FLA,L,27,141,64,77,45.4,140,64,76,1,0,1,0,0,0,26,6,20,79,41,38,36,17,19
"Tim Kennedy",20122013,SJS,L,13,10,3,7,30,4,0,4,6,3,3,0,0,0,4,1,3,2,1,1,4,1,3
"Tim Kennedy",20132014,PHX,L,37,49,18,31,36.7,47,16,31,1,1,0,1,1,0,20,4,16,14,9,5,15,5,10
"Tyler Kennedy",20092010,PIT,C,64,64,27,37,42.2,62,27,35,1,0,1,1,0,1,23,13,10,23,8,15,18,6,12
"Tyler Kennedy",20102011,PIT,C,80,60,27,33,45,38,17,21,21,10,11,1,0,1,33,15,18,14,6,8,13,6,7
"Tyler Kennedy",20112012,PIT,C,60,89,42,47,47.2,60,29,31,28,13,15,1,0,1,56,24,32,19,9,10,14,9,5
"Tyler Kennedy",20122013,PIT,C,46,29,13,16,44.8,22,10,12,7,3,4,0,0,0,12,5,7,11,5,6,6,3,3
"Tyler Kennedy",20132014,SJS,C,67,136,57,79,41.9,115,48,67,17,7,10,4,2,2,56,17,39,14,7,7,66,33,33
"Tyler Kennedy",20142015,"SJS,NYI",C,38,28,13,15,46.4,28,13,15,0,0,0,0,0,0,14,7,7,6,3,3,8,3,5
"Tyler Kennedy",20152016,NJD,C,50,58,23,35,39.7,51,20,31,5,3,2,2,0,2,34,13,21,5,2,3,19,8,11
"Michael Keranen",20152016,MIN,L,1,0,0,0,--,0,0,0,0,0,0,0,0,0,0,0,0,0,0,0,0,0,0
"Nicolas Kerdiles",20162017,ANA,L,1,1,1,0,100,1,1,0,0,0,0,0,0,0,0,0,0,0,0,0,1,1,0
"Nicolas Kerdiles",20172018,ANA,L,2,1,0,1,0,1,0,1,0,0,0,0,0,0,1,0,1,0,0,0,0,0,0
"Alexander Kerfoot",20172018,COL,C,79,492,207,285,42.1,471,198,273,21,9,12,0,0,0,147,58,89,198,84,114,147,65,82
"Alexander Kerfoot",20182019,COL,C,78,489,274,215,56,462,259,203,26,15,11,1,0,1,200,118,82,157,88,69,132,68,64
"Tanner Kero",20152016,CHI,C,17,123,55,68,44.7,119,53,66,0,0,0,4,2,2,50,24,26,50,22,28,23,9,14
"Tanner Kero",20162017,CHI,C,47,471,209,262,44.4,438,200,238,2,1,1,31,8,23,114,49,65,163,79,84,194,81,113
"Tanner Kero",20172018,CHI,C,8,76,35,41,46,69,32,37,0,0,0,7,3,4,19,8,11,27,16,11,30,11,19
"Ryan Kesler",20092010,VAN,C,82,"1,401",772,629,55.1,959,530,429,201,124,77,241,118,123,406,222,184,443,245,198,537,295,242
"Ryan Kesler",20102011,VAN,C,82,"1,496",859,637,57.4,"1,054",602,452,191,122,69,251,135,116,550,323,227,387,219,168,559,317,242
"Ryan Kesler",20112012,VAN,C,77,"1,351",724,627,53.6,"1,021",550,471,154,88,66,176,86,90,477,251,226,428,247,181,446,226,220
"Ryan Kesler",20122013,VAN,C,17,303,174,129,57.4,235,133,102,28,19,9,40,22,18,95,54,41,95,53,42,113,67,46
"Ryan Kesler",20132014,VAN,C,77,"1,406",740,666,52.6,"1,033",552,481,185,108,77,188,80,108,490,253,237,438,250,188,478,237,241
"Ryan Kesler",20142015,ANA,C,81,"1,664",937,727,56.3,"1,212",696,516,225,131,94,227,110,117,568,329,239,473,265,208,623,343,280
"Ryan Kesler",20152016,ANA,C,79,"1,675",980,695,58.5,"1,196",703,493,165,109,56,314,168,146,441,253,188,475,286,189,759,441,318
"Ryan Kesler",20162017,ANA,C,82,"1,793","1,029",764,57.4,"1,263",731,532,254,159,95,276,139,137,493,286,207,527,314,213,773,429,344
"Ryan Kesler",20172018,ANA,C,44,750,400,350,53.3,595,327,268,49,28,21,106,45,61,191,101,90,248,142,106,311,157,154
"Ryan Kesler",20182019,ANA,C,60,"1,045",582,463,55.7,761,423,338,91,62,29,193,97,96,269,153,116,291,173,118,485,256,229
"Phil Kessel",20092010,TOR,R,70,122,59,63,48.4,67,33,34,54,26,28,1,0,1,101,48,53,7,3,4,14,8,6
"Phil Kessel",20102011,TOR,R,82,59,24,35,40.7,48,18,30,11,6,5,0,0,0,27,13,14,17,7,10,15,4,11
"Phil Kessel",20112012,TOR,R,82,28,9,19,32.1,16,4,12,10,5,5,2,0,2,22,8,14,3,0,3,3,1,2
"Phil Kessel",20122013,TOR,R,48,8,5,3,62.5,7,4,3,0,0,0,1,1,0,3,2,1,1,0,1,4,3,1
"Phil Kessel",20132014,TOR,R,82,14,2,12,14.3,10,2,8,3,0,3,1,0,1,6,0,6,1,0,1,7,2,5
"Phil Kessel",20142015,TOR,R,82,5,2,3,40,3,1,2,2,1,1,0,0,0,4,1,3,0,0,0,1,1,0
"Phil Kessel",20152016,PIT,R,82,5,2,3,40,4,2,2,1,0,1,0,0,0,4,1,3,1,1,0,0,0,0
"Phil Kessel",20162017,PIT,R,82,15,5,10,33.3,14,4,10,1,1,0,0,0,0,12,2,10,2,2,0,1,1,0
"Phil Kessel",20172018,PIT,R,82,19,6,13,31.6,18,5,13,1,1,0,0,0,0,14,4,10,0,0,0,5,2,3
"Phil Kessel",20182019,PIT,R,82,9,4,5,44.4,9,4,5,0,0,0,0,0,0,6,3,3,1,0,1,2,1,1
"Jujhar Khaira",20152016,EDM,L,15,1,0,1,0,1,0,1,0,0,0,0,0,0,0,0,0,0,0,0,1,0,1
"Jujhar Khaira",20162017,EDM,L,10,19,7,12,36.8,18,7,11,1,0,1,0,0,0,8,0,8,6,3,3,5,4,1
"Jujhar Khaira",20172018,EDM,L,69,383,174,209,45.4,325,148,177,11,4,7,47,22,25,106,42,64,136,65,71,141,67,74
"Jujhar Khaira",20182019,EDM,L,60,126,55,71,43.6,103,46,57,10,5,5,13,4,9,43,18,25,40,20,20,43,17,26
"Alex Khokhlachev",20132014,BOS,C,1,17,8,9,47.1,16,7,9,1,1,0,0,0,0,4,1,3,7,4,3,6,3,3
"Alex Khokhlachev",20142015,BOS,C,3,17,9,8,52.9,17,9,8,0,0,0,0,0,0,11,4,7,4,3,1,2,2,0
"Alex Khokhlachev",20152016,BOS,C,5,2,0,2,0,2,0,2,0,0,0,0,0,0,1,0,1,1,0,1,0,0,0
"Alex Killorn",20122013,TBL,L,38,28,11,17,39.3,21,9,12,1,0,1,6,2,4,15,5,10,5,2,3,8,4,4
"Alex Killorn",20132014,TBL,L,82,172,74,98,43,137,57,80,31,17,14,4,0,4,76,33,43,48,21,27,48,20,28
"Alex Killorn",20142015,TBL,L,71,80,35,45,43.8,74,32,42,2,1,1,4,2,2,63,27,36,8,2,6,9,6,3
"Alex Killorn",20152016,TBL,L,81,80,31,49,38.8,66,23,43,11,6,5,3,2,1,55,21,34,9,4,5,16,6,10
"Alex Killorn",20162017,TBL,L,81,12,4,8,33.3,10,2,8,1,1,0,1,1,0,10,4,6,1,0,1,1,0,1
"Alex Killorn",20172018,TBL,L,82,55,22,33,40,29,11,18,17,8,9,9,3,6,32,13,19,11,4,7,12,5,7
"Alex Killorn",20182019,TBL,L,82,10,2,8,20,5,1,4,0,0,0,5,1,4,2,1,1,2,0,2,6,1,5
"Jakub Kindl",20092010,DET,D,3,0,0,0,--,0,0,0,0,0,0,0,0,0,0,0,0,0,0,0,0,0,0
"Jakub Kindl",20102011,DET,D,48,0,0,0,--,0,0,0,0,0,0,0,0,0,0,0,0,0,0,0,0,0,0
"Jakub Kindl",20112012,DET,D,55,0,0,0,--,0,0,0,0,0,0,0,0,0,0,0,0,0,0,0,0,0,0
"Jakub Kindl",20122013,DET,D,41,0,0,0,--,0,0,0,0,0,0,0,0,0,0,0,0,0,0,0,0,0,0
"Jakub Kindl",20132014,DET,D,66,0,0,0,--,0,0,0,0,0,0,0,0,0,0,0,0,0,0,0,0,0,0
"Jakub Kindl",20142015,DET,D,35,0,0,0,--,0,0,0,0,0,0,0,0,0,0,0,0,0,0,0,0,0,0
"Jakub Kindl",20152016,"DET,FLA",D,44,1,0,1,0,1,0,1,0,0,0,0,0,0,0,0,0,0,0,0,1,0,1
"Jakub Kindl",20162017,FLA,D,39,0,0,0,--,0,0,0,0,0,0,0,0,0,0,0,0,0,0,0,0,0,0
"DJ King",20092010,STL,L,12,0,0,0,--,0,0,0,0,0,0,0,0,0,0,0,0,0,0,0,0,0,0
"DJ King",20102011,WSH,L,16,0,0,0,--,0,0,0,0,0,0,0,0,0,0,0,0,0,0,0,0,0,0
"DJ King",20112012,WSH,L,1,0,0,0,--,0,0,0,0,0,0,0,0,0,0,0,0,0,0,0,0,0,0
"Dwight King",20102011,LAK,L,6,0,0,0,--,0,0,0,0,0,0,0,0,0,0,0,0,0,0,0,0,0,0
"Dwight King",20112012,LAK,L,27,3,2,1,66.7,3,2,1,0,0,0,0,0,0,1,0,1,2,2,0,0,0,0
"Dwight King",20122013,LAK,L,47,6,2,4,33.3,6,2,4,0,0,0,0,0,0,0,0,0,3,0,3,3,2,1
"Dwight King",20132014,LAK,L,77,5,2,3,40,2,1,1,0,0,0,3,1,2,0,0,0,2,0,2,3,2,1
"Dwight King",20142015,LAK,L,81,5,3,2,60,5,3,2,0,0,0,0,0,0,3,2,1,0,0,0,2,1,1
"Dwight King",20152016,LAK,L,47,7,2,5,28.6,6,1,5,0,0,0,1,1,0,6,1,5,1,1,0,0,0,0
"Dwight King",20162017,"LAK,MTL",L,80,16,4,12,25,14,4,10,1,0,1,1,0,1,11,3,8,2,1,1,3,0,3
"Bogdan Kiselevich",20182019,FLA,D,32,0,0,0,--,0,0,0,0,0,0,0,0,0,0,0,0,0,0,0,0,0,0
"Linus Klasen",20102011,NSH,L,4,0,0,0,--,0,0,0,0,0,0,0,0,0,0,0,0,0,0,0,0,0,0
"Oscar Klefbom",20132014,EDM,D,17,0,0,0,--,0,0,0,0,0,0,0,0,0,0,0,0,0,0,0,0,0,0
"Oscar Klefbom",20142015,EDM,D,60,0,0,0,--,0,0,0,0,0,0,0,0,0,0,0,0,0,0,0,0,0,0
"Oscar Klefbom",20152016,EDM,D,30,0,0,0,--,0,0,0,0,0,0,0,0,0,0,0,0,0,0,0,0,0,0
"Oscar Klefbom",20162017,EDM,D,82,0,0,0,--,0,0,0,0,0,0,0,0,0,0,0,0,0,0,0,0,0,0
"Oscar Klefbom",20172018,EDM,D,66,0,0,0,--,0,0,0,0,0,0,0,0,0,0,0,0,0,0,0,0,0,0
"Oscar Klefbom",20182019,EDM,D,61,0,0,0,--,0,0,0,0,0,0,0,0,0,0,0,0,0,0,0,0,0,0
"Kevin Klein",20092010,NSH,D,81,0,0,0,--,0,0,0,0,0,0,0,0,0,0,0,0,0,0,0,0,0,0
"Kevin Klein",20102011,NSH,D,81,0,0,0,--,0,0,0,0,0,0,0,0,0,0,0,0,0,0,0,0,0,0
"Kevin Klein",20112012,NSH,D,66,0,0,0,--,0,0,0,0,0,0,0,0,0,0,0,0,0,0,0,0,0,0
"Kevin Klein",20122013,NSH,D,47,0,0,0,--,0,0,0,0,0,0,0,0,0,0,0,0,0,0,0,0,0,0
"Kevin Klein",20132014,"NSH,NYR",D,77,0,0,0,--,0,0,0,0,0,0,0,0,0,0,0,0,0,0,0,0,0,0
"Kevin Klein",20142015,NYR,D,65,1,0,1,0,1,0,1,0,0,0,0,0,0,1,0,1,0,0,0,0,0,0
"Kevin Klein",20152016,NYR,D,69,0,0,0,--,0,0,0,0,0,0,0,0,0,0,0,0,0,0,0,0,0,0
"Kevin Klein",20162017,NYR,D,60,0,0,0,--,0,0,0,0,0,0,0,0,0,0,0,0,0,0,0,0,0,0
"Anton Klementyev",20092010,NYI,D,1,0,0,0,--,0,0,0,0,0,0,0,0,0,0,0,0,0,0,0,0,0,0
"Rostislav Klesla",20092010,CBJ,D,26,0,0,0,--,0,0,0,0,0,0,0,0,0,0,0,0,0,0,0,1,1,0
"Rostislav Klesla",20102011,"CBJ,PHX",D,61,1,1,0,100,1,1,0,0,0,0,0,0,0,0,0,0,0,0,0,1,1,0
"Rostislav Klesla",20112012,PHX,D,65,2,1,1,50,1,1,0,0,0,0,1,0,1,0,0,0,1,1,0,1,0,1
"Rostislav Klesla",20122013,PHX,D,38,0,0,0,--,0,0,0,0,0,0,0,0,0,0,0,0,0,0,0,0,0,0
"Rostislav Klesla",20132014,PHX,D,25,0,0,0,--,0,0,0,0,0,0,0,0,0,0,0,0,0,0,0,0,0,0
"Morgan Klimchuk",20172018,CGY,L,1,0,0,0,--,0,0,0,0,0,0,0,0,0,0,0,0,0,0,0,0,0,0
"Carl Klingberg",20102011,ATL,L,1,0,0,0,--,0,0,0,0,0,0,0,0,0,0,0,0,0,0,0,0,0,0
"Carl Klingberg",20112012,WPG,L,6,0,0,0,--,0,0,0,0,0,0,0,0,0,0,0,0,0,0,0,0,0,0
"Carl Klingberg",20132014,WPG,L,3,0,0,0,--,0,0,0,0,0,0,0,0,0,0,0,0,0,0,0,0,0,0
"Carl Klingberg",20142015,WPG,L,2,0,0,0,--,0,0,0,0,0,0,0,0,0,0,0,0,0,0,0,0,0,0
"John Klingberg",20142015,DAL,D,65,0,0,0,--,0,0,0,0,0,0,0,0,0,0,0,0,0,0,0,0,0,0
"John Klingberg",20152016,DAL,D,76,0,0,0,--,0,0,0,0,0,0,0,0,0,0,0,0,0,0,0,0,0,0
"John Klingberg",20162017,DAL,D,80,1,1,0,100,0,0,0,1,1,0,0,0,0,1,1,0,0,0,0,0,0,0
"John Klingberg",20172018,DAL,D,82,0,0,0,--,0,0,0,0,0,0,0,0,0,0,0,0,0,0,0,0,0,0
"John Klingberg",20182019,DAL,D,64,0,0,0,--,0,0,0,0,0,0,0,0,0,0,0,0,0,0,0,0,0,0
"Rob Klinkhammer",20102011,CHI,L,1,0,0,0,--,0,0,0,0,0,0,0,0,0,0,0,0,0,0,0,0,0,0
"Rob Klinkhammer",20112012,OTT,L,15,3,2,1,66.7,2,2,0,0,0,0,1,0,1,2,1,1,1,1,0,0,0,0
"Rob Klinkhammer",20122013,PHX,L,22,2,2,0,100,2,2,0,0,0,0,0,0,0,0,0,0,2,2,0,0,0,0
"Rob Klinkhammer",20132014,PHX,L,72,6,1,5,16.7,5,1,4,0,0,0,1,0,1,1,1,0,2,0,2,3,0,3
"Rob Klinkhammer",20142015,"ARI,PIT,EDM",L,69,37,10,27,27,37,10,27,0,0,0,0,0,0,16,5,11,10,3,7,11,2,9
"Rob Klinkhammer",20152016,EDM,L,14,1,1,0,100,1,1,0,0,0,0,0,0,0,0,0,0,1,1,0,0,0,0
"Justin Kloos",20172018,MIN,C,1,0,0,0,--,0,0,0,0,0,0,0,0,0,0,0,0,0,0,0,0,0,0
"Justin Kloos",20182019,ANA,C,1,0,0,0,--,0,0,0,0,0,0,0,0,0,0,0,0,0,0,0,0,0,0
"Corban Knight",20132014,CGY,C,7,51,24,27,47.1,49,23,26,2,1,1,0,0,0,23,11,12,15,9,6,13,4,9
"Corban Knight",20142015,CGY,C,2,11,9,2,81.8,11,9,2,0,0,0,0,0,0,5,5,0,5,3,2,1,1,0
"Corban Knight",20152016,FLA,C,20,106,54,52,50.9,102,52,50,3,2,1,1,0,1,36,18,18,36,18,18,34,18,16
"Corban Knight",20182019,PHI,C,23,121,63,58,52.1,111,60,51,0,0,0,10,3,7,20,10,10,58,30,28,43,23,20
"Mike Knuble",20092010,WSH,R,69,6,0,6,0,5,0,5,1,0,1,0,0,0,2,0,2,1,0,1,3,0,3
"Mike Knuble",20102011,WSH,R,79,33,10,23,30.3,23,6,17,6,3,3,4,1,3,14,6,8,11,1,10,8,3,5
"Mike Knuble",20112012,WSH,R,72,27,14,13,51.9,21,11,10,2,0,2,4,3,1,14,6,8,5,4,1,8,4,4
"Mike Knuble",20122013,PHI,R,28,7,4,3,57.1,5,4,1,1,0,1,1,0,1,2,1,1,3,2,1,2,1,1
"Chuck Kobasew",20092010,"BOS,MIN",R,49,8,2,6,25,5,2,3,2,0,2,1,0,1,3,1,2,2,0,2,3,1,2
"Chuck Kobasew",20102011,MIN,R,63,13,6,7,46.1,13,6,7,0,0,0,0,0,0,6,2,4,4,1,3,3,3,0
"Chuck Kobasew",20112012,COL,R,58,22,7,15,31.8,16,5,11,1,1,0,5,1,4,12,3,9,7,3,4,3,1,2
"Chuck Kobasew",20122013,COL,R,37,49,18,31,36.7,41,15,26,2,1,1,6,2,4,13,4,9,25,8,17,11,6,5
"Chuck Kobasew",20132014,PIT,R,33,2,1,1,50,2,1,1,0,0,0,0,0,0,1,0,1,1,1,0,0,0,0
"David Koci",20092010,COL,L,43,0,0,0,--,0,0,0,0,0,0,0,0,0,0,0,0,0,0,0,0,0,0
"David Koci",20102011,COL,L,35,0,0,0,--,0,0,0,0,0,0,0,0,0,0,0,0,0,0,0,0,0,0
"Slater Koekkoek",20142015,TBL,D,3,0,0,0,--,0,0,0,0,0,0,0,0,0,0,0,0,0,0,0,0,0,0
"Slater Koekkoek",20152016,TBL,D,9,0,0,0,--,0,0,0,0,0,0,0,0,0,0,0,0,0,0,0,0,0,0
"Slater Koekkoek",20162017,TBL,D,29,0,0,0,--,0,0,0,0,0,0,0,0,0,0,0,0,0,0,0,0,0,0
"Slater Koekkoek",20172018,TBL,D,35,0,0,0,--,0,0,0,0,0,0,0,0,0,0,0,0,0,0,0,0,0,0
"Slater Koekkoek",20182019,"TBL,CHI",D,31,0,0,0,--,0,0,0,0,0,0,0,0,0,0,0,0,0,0,0,0,0,0
"Dustin Kohn",20092010,NYI,D,22,0,0,0,--,0,0,0,0,0,0,0,0,0,0,0,0,0,0,0,0,0,0
"Ville Koistinen",20092010,FLA,D,17,0,0,0,--,0,0,0,0,0,0,0,0,0,0,0,0,0,0,0,0,0,0
"Mikko Koivu",20092010,MIN,C,80,"1,518",864,654,56.9,"1,051",601,450,285,166,119,182,97,85,558,308,250,464,277,187,482,267,215
"Mikko Koivu",20102011,MIN,C,71,"1,293",683,610,52.8,882,449,433,247,139,108,164,95,69,461,241,220,435,244,191,397,198,199
"Mikko Koivu",20112012,MIN,C,55,"1,123",587,536,52.3,837,444,393,192,99,93,94,44,50,411,211,200,349,190,159,363,186,177
"Mikko Koivu",20122013,MIN,C,48,971,524,447,54,751,402,349,132,75,57,88,47,41,409,227,182,321,165,156,241,132,109
"Mikko Koivu",20132014,MIN,C,65,"1,311",719,592,54.8,965,521,444,216,128,88,130,70,60,519,305,214,430,233,197,362,181,181
"Mikko Koivu",20142015,MIN,C,80,"1,791",989,802,55.2,"1,312",722,590,298,174,124,181,93,88,705,393,312,557,314,243,529,282,247
"Mikko Koivu",20152016,MIN,C,82,"1,758",987,771,56.1,"1,305",733,572,308,190,118,145,64,81,712,418,294,549,299,250,497,270,227
"Mikko Koivu",20162017,MIN,C,80,"1,699",938,761,55.2,"1,266",700,566,176,113,63,257,125,132,438,264,174,492,282,210,769,392,377
"Mikko Koivu",20172018,MIN,C,82,"1,575",809,766,51.4,"1,116",565,551,194,127,67,265,117,148,456,273,183,483,234,249,636,302,334
"Mikko Koivu",20182019,MIN,C,48,894,488,406,54.6,697,379,318,100,57,43,97,52,45,312,176,136,262,155,107,320,157,163
"Saku Koivu",20092010,ANA,C,71,"1,110",571,539,51.4,779,394,385,161,98,63,170,79,91,351,202,149,355,174,181,404,196,208
"Saku Koivu",20102011,ANA,C,75,"1,339",707,632,52.8,945,490,455,154,99,55,240,118,122,313,185,128,433,221,212,593,301,292
"Saku Koivu",20112012,ANA,C,74,"1,233",646,587,52.4,854,447,407,141,81,60,238,118,120,256,142,114,468,257,211,509,247,262
"Saku Koivu",20122013,ANA,C,47,851,437,414,51.4,643,337,306,67,33,34,141,67,74,206,113,93,300,149,151,345,175,170
"Saku Koivu",20132014,ANA,C,65,"1,067",538,529,50.4,929,471,458,40,24,16,98,43,55,291,151,140,368,186,182,408,201,207
"Krys Kolanos",20112012,CGY,C,13,30,17,13,56.7,26,13,13,4,4,0,0,0,0,17,9,8,5,3,2,8,5,3
"Chad Kolarik",20092010,CBJ,C,2,0,0,0,--,0,0,0,0,0,0,0,0,0,0,0,0,0,0,0,0,0,0
"Chad Kolarik",20102011,NYR,C,4,0,0,0,--,0,0,0,0,0,0,0,0,0,0,0,0,0,0,0,0,0,0
"Leo Komarov",20122013,TOR,R,42,57,29,28,50.9,48,25,23,0,0,0,9,4,5,16,7,9,19,10,9,22,12,10
"Leo Komarov",20142015,TOR,R,62,192,95,97,49.5,158,86,72,2,0,2,32,9,23,60,30,30,49,28,21,83,37,46
"Leo Komarov",20152016,TOR,R,67,127,62,65,48.8,60,30,30,4,2,2,63,30,33,44,22,22,33,16,17,50,24,26
"Leo Komarov",20162017,TOR,R,82,202,91,111,45,56,24,32,7,3,4,139,64,75,44,18,26,42,21,21,116,52,64
"Leo Komarov",20172018,TOR,R,74,212,112,100,52.8,79,38,41,1,1,0,132,73,59,26,10,16,43,25,18,143,77,66
"Leo Komarov",20182019,NYI,R,82,184,84,100,45.6,164,80,84,1,0,1,19,4,15,100,49,51,36,17,19,48,18,30
"Mike Komisarek",20092010,TOR,D,34,0,0,0,--,0,0,0,0,0,0,0,0,0,0,0,0,0,0,0,0,0,0
"Mike Komisarek",20102011,TOR,D,75,0,0,0,--,0,0,0,0,0,0,0,0,0,0,0,0,0,0,0,0,0,0
"Mike Komisarek",20112012,TOR,D,45,0,0,0,--,0,0,0,0,0,0,0,0,0,0,0,0,0,0,0,0,0,0
"Mike Komisarek",20122013,TOR,D,4,0,0,0,--,0,0,0,0,0,0,0,0,0,0,0,0,0,0,0,0,0,0
"Mike Komisarek",20132014,CAR,D,32,0,0,0,--,0,0,0,0,0,0,0,0,0,0,0,0,0,0,0,0,0,0
"Matthew Konan",20122013,PHI,D,2,0,0,0,--,0,0,0,0,0,0,0,0,0,0,0,0,0,0,0,0,0,0
"Travis Konecny",20162017,PHI,R,70,5,0,5,0,1,0,1,4,0,4,0,0,0,4,0,4,1,0,1,0,0,0
"Travis Konecny",20172018,PHI,R,81,21,7,14,33.3,21,7,14,0,0,0,0,0,0,10,2,8,8,4,4,3,1,2
"Travis Konecny",20182019,PHI,R,82,22,7,15,31.8,19,6,13,3,1,2,0,0,0,9,3,6,11,3,8,2,1,1
"Zenon Konopka",20092010,TBL,C,74,462,288,174,62.3,426,260,166,26,20,6,10,8,2,95,63,32,171,107,64,190,114,76
"Zenon Konopka",20102011,NYI,C,82,"1,075",620,455,57.7,776,459,317,37,24,13,262,137,125,182,116,66,260,157,103,633,347,286
"Zenon Konopka",20112012,OTT,C,55,394,232,162,58.9,273,170,103,14,7,7,107,55,52,101,56,45,89,54,35,204,122,82
"Zenon Konopka",20122013,MIN,C,37,267,162,105,60.7,246,151,95,0,0,0,21,11,10,35,21,14,82,49,33,150,92,58
"Zenon Konopka",20132014,"MIN,BUF",C,59,567,345,222,60.9,428,266,162,8,4,4,131,75,56,90,56,34,107,64,43,370,225,145
"Tomas Kopecky",20092010,CHI,R,74,118,52,66,44.1,102,43,59,16,9,7,0,0,0,56,24,32,45,21,24,17,7,10
"Tomas Kopecky",20102011,CHI,R,81,284,120,164,42.3,226,99,127,50,19,31,8,2,6,156,60,96,76,35,41,52,25,27
"Tomas Kopecky",20112012,FLA,R,80,266,140,126,52.6,171,86,85,50,27,23,45,27,18,109,51,58,75,38,37,82,51,31
"Tomas Kopecky",20122013,FLA,R,47,86,42,44,48.8,42,22,20,28,11,17,16,9,7,38,17,21,23,10,13,25,15,10
"Tomas Kopecky",20132014,FLA,R,49,29,8,21,27.6,7,3,4,13,3,10,9,2,7,15,5,10,4,1,3,10,2,8
"Tomas Kopecky",20142015,FLA,R,64,4,3,1,75,2,2,0,0,0,0,2,1,1,1,1,0,1,0,1,2,2,0
"Anze Kopitar",20092010,LAK,C,82,"1,211",602,609,49.7,958,463,495,180,95,85,73,44,29,436,212,224,443,225,218,332,165,167
"Anze Kopitar",20102011,LAK,C,75,"1,160",579,581,49.9,933,462,471,161,92,69,66,25,41,425,207,218,433,223,210,302,149,153
"Anze Kopitar",20112012,LAK,C,82,"1,418",763,655,53.8,"1,026",556,470,228,126,102,164,81,83,495,260,235,489,273,216,434,230,204
"Anze Kopitar",20122013,LAK,C,47,888,473,415,53.3,714,382,332,110,58,52,64,33,31,349,173,176,301,172,129,238,128,110
"Anze Kopitar",20132014,LAK,C,82,"1,451",773,678,53.3,"1,078",579,499,214,121,93,159,73,86,530,277,253,455,229,226,466,267,199
"Anze Kopitar",20142015,LAK,C,79,"1,430",752,678,52.6,"1,093",570,523,185,109,76,152,73,79,510,265,245,459,240,219,461,247,214
"Anze Kopitar",20152016,LAK,C,81,"1,776",950,826,53.5,"1,332",702,630,185,119,66,259,129,130,596,320,276,535,277,258,645,353,292
"Anze Kopitar",20162017,LAK,C,76,"1,693",892,801,52.7,"1,304",692,612,183,113,70,206,87,119,575,301,274,541,289,252,577,302,275
"Anze Kopitar",20172018,LAK,C,82,"1,816",983,833,54.1,"1,357",748,609,230,122,108,229,113,116,597,322,275,583,324,259,636,337,299
"Anze Kopitar",20182019,LAK,C,81,"1,819","1,002",817,55.1,"1,418",784,634,191,109,82,210,109,101,529,286,243,552,293,259,738,423,315
"Dmitry Korobov",20132014,TBL,D,3,0,0,0,--,0,0,0,0,0,0,0,0,0,0,0,0,0,0,0,0,0,0
"Lauri Korpikoski",20092010,PHX,L,71,49,14,35,28.6,42,11,31,0,0,0,7,3,4,18,5,13,16,5,11,15,4,11
"Lauri Korpikoski",20102011,PHX,L,79,244,107,137,43.9,190,87,103,37,15,22,17,5,12,101,49,52,93,39,54,50,19,31
"Lauri Korpikoski",20112012,PHX,L,82,87,23,64,26.4,62,18,44,10,3,7,15,2,13,32,10,22,24,4,20,31,9,22
"Lauri Korpikoski",20122013,PHX,L,36,16,6,10,37.5,10,2,8,4,2,2,2,2,0,8,4,4,1,1,0,7,1,6
"Lauri Korpikoski",20132014,PHX,L,64,17,5,12,29.4,15,5,10,0,0,0,2,0,2,8,2,6,4,3,1,5,0,5
"Lauri Korpikoski",20142015,ARI,L,69,33,11,22,33.3,25,9,16,1,0,1,7,2,5,14,5,9,12,4,8,7,2,5
"Lauri Korpikoski",20152016,EDM,L,71,34,18,16,52.9,15,6,9,2,1,1,17,11,6,10,5,5,10,5,5,14,8,6
"Lauri Korpikoski",20162017,"DAL,CBJ",L,69,7,0,7,0,5,0,5,0,0,0,2,0,2,5,0,5,1,0,1,1,0,1
"Scott Kosmachuk",20152016,WPG,R,8,0,0,0,--,0,0,0,0,0,0,0,0,0,0,0,0,0,0,0,0,0,0
"Kalle Kossila",20162017,ANA,C,1,7,3,4,42.9,7,3,4,0,0,0,0,0,0,3,0,3,4,3,1,0,0,0
"Kalle Kossila",20172018,ANA,C,10,53,26,27,49.1,51,25,26,2,1,1,0,0,0,17,9,8,26,12,14,10,5,5
"Kalle Kossila",20182019,ANA,C,8,58,30,28,51.7,48,25,23,3,1,2,7,4,3,24,11,13,21,12,9,13,7,6
"Andrei Kostitsyn",20092010,MTL,L,59,6,1,5,16.7,6,1,5,0,0,0,0,0,0,0,0,0,2,0,2,4,1,3
"Andrei Kostitsyn",20102011,MTL,L,81,2,0,2,0,2,0,2,0,0,0,0,0,0,1,0,1,1,0,1,0,0,0
"Andrei Kostitsyn",20112012,"MTL,NSH",L,72,17,3,14,17.6,15,3,12,2,0,2,0,0,0,0,0,0,6,0,6,11,3,8
"Sergei Kostitsyn",20092010,MTL,L,47,7,1,6,14.3,5,1,4,0,0,0,2,0,2,3,1,2,1,0,1,3,0,3
"Sergei Kostitsyn",20102011,NSH,L,77,6,1,5,16.7,2,0,2,4,1,3,0,0,0,6,1,5,0,0,0,0,0,0
"Sergei Kostitsyn",20112012,NSH,L,75,6,0,6,0,2,0,2,3,0,3,1,0,1,3,0,3,1,0,1,2,0,2
"Sergei Kostitsyn",20122013,NSH,L,46,4,3,1,75,4,3,1,0,0,0,0,0,0,1,1,0,3,2,1,0,0,0
"Michael Kostka",20122013,TOR,D,35,0,0,0,--,0,0,0,0,0,0,0,0,0,0,0,0,0,0,0,0,0,0
"Michael Kostka",20132014,"CHI,TBL",D,28,0,0,0,--,0,0,0,0,0,0,0,0,0,0,0,0,0,0,0,0,0,0
"Michael Kostka",20142015,NYR,D,7,0,0,0,--,0,0,0,0,0,0,0,0,0,0,0,0,0,0,0,0,0,0
"Michael Kostka",20152016,OTT,D,15,0,0,0,--,0,0,0,0,0,0,0,0,0,0,0,0,0,0,0,0,0,0
"Tom Kostopoulos",20092010,CAR,R,82,21,10,11,47.6,14,7,7,1,1,0,6,2,4,7,4,3,3,2,1,11,4,7
"Tom Kostopoulos",20102011,"CAR,CGY",R,76,67,18,49,26.9,49,14,35,1,0,1,17,4,13,20,8,12,28,8,20,19,2,17
"Tom Kostopoulos",20112012,CGY,R,81,84,25,59,29.8,57,17,40,1,0,1,26,8,18,20,6,14,35,12,23,29,7,22
"Tom Kostopoulos",20122013,NJD,R,15,5,3,2,60,5,3,2,0,0,0,0,0,0,1,1,0,1,1,0,3,1,2
"Ales Kotalik",20092010,"NYR,CGY",R,71,10,5,5,50,9,4,5,1,1,0,0,0,0,5,3,2,1,0,1,5,3,2
"Ales Kotalik",20102011,CGY,R,26,11,6,5,54.5,8,4,4,3,2,1,0,0,0,7,5,2,1,0,1,3,1,2
"Jesperi Kotkaniemi",20182019,MTL,C,79,785,359,426,45.7,710,320,390,75,39,36,0,0,0,351,166,185,291,127,164,143,66,77
"Ilya Kovalchuk",20092010,"ATL,NJD",L,76,30,7,23,23.3,25,6,19,5,1,4,0,0,0,14,5,9,6,0,6,10,2,8
"Ilya Kovalchuk",20102011,NJD,L,81,31,9,22,29,30,8,22,1,1,0,0,0,0,15,6,9,6,2,4,10,1,9
"Ilya Kovalchuk",20112012,NJD,L,77,37,13,24,35.1,20,9,11,15,4,11,2,0,2,23,6,17,6,2,4,8,5,3
"Ilya Kovalchuk",20122013,NJD,L,37,22,7,15,31.8,20,6,14,1,1,0,1,0,1,11,4,7,5,2,3,6,1,5
"Ilya Kovalchuk",20182019,LAK,L,64,36,16,20,44.4,31,12,19,5,4,1,0,0,0,24,9,15,5,2,3,7,5,2
"Alex Kovalev",20092010,OTT,R,77,3,1,2,33.3,2,0,2,1,1,0,0,0,0,2,1,1,0,0,0,1,0,1
"Alex Kovalev",20102011,"OTT,PIT",R,74,10,3,7,30,6,2,4,4,1,3,0,0,0,4,0,4,2,1,1,4,2,2
"Alex Kovalev",20122013,FLA,R,14,3,1,2,33.3,3,1,2,0,0,0,0,0,0,2,1,1,1,0,1,0,0,0
"Vyacheslav Kozlov",20092010,ATL,L,55,15,6,9,40,15,6,9,0,0,0,0,0,0,6,4,2,1,0,1,8,2,6
"Brandon Kozun",20142015,TOR,R,20,2,1,1,50,2,1,1,0,0,0,0,0,0,0,0,0,0,0,0,2,1,1
"Lukas Krajicek",20092010,"TBL,PHI",D,50,0,0,0,--,0,0,0,0,0,0,0,0,0,0,0,0,0,0,0,0,0,0
"Chris Kreider",20122013,NYR,L,23,1,0,1,0,1,0,1,0,0,0,0,0,0,1,0,1,0,0,0,0,0,0
"Chris Kreider",20132014,NYR,L,66,19,8,11,42.1,17,8,9,1,0,1,1,0,1,12,7,5,3,1,2,4,0,4
"Chris Kreider",20142015,NYR,L,80,21,9,12,42.9,16,8,8,5,1,4,0,0,0,14,7,7,6,2,4,1,0,1
"Chris Kreider",20152016,NYR,L,79,6,5,1,83.3,6,5,1,0,0,0,0,0,0,4,4,0,2,1,1,0,0,0
"Chris Kreider",20162017,NYR,L,75,9,5,4,55.5,8,4,4,1,1,0,0,0,0,7,4,3,0,0,0,2,1,1
"Chris Kreider",20172018,NYR,L,58,60,25,35,41.7,46,21,25,14,4,10,0,0,0,36,13,23,10,3,7,14,9,5
"Chris Kreider",20182019,NYR,L,79,72,27,45,37.5,65,26,39,7,1,6,0,0,0,46,14,32,12,6,6,14,7,7
"David Krejci",20092010,BOS,C,79,"1,104",560,544,50.7,872,446,426,136,64,72,96,50,46,390,193,197,361,187,174,349,179,170
"David Krejci",20102011,BOS,C,75,"1,149",560,589,48.7,899,442,457,176,82,94,74,36,38,427,185,242,420,202,218,302,173,129
"David Krejci",20112012,BOS,C,79,"1,045",544,501,52.1,853,437,416,161,89,72,31,18,13,437,230,207,377,180,197,231,134,97
"David Krejci",20122013,BOS,C,47,654,361,293,55.2,581,316,265,62,38,24,11,7,4,265,138,127,247,139,108,142,84,58
"David Krejci",20132014,BOS,C,80,"1,208",618,590,51.2,"1,024",513,511,128,80,48,56,25,31,507,256,251,394,199,195,307,163,144
"David Krejci",20142015,BOS,C,47,594,316,278,53.2,536,280,256,30,21,9,28,15,13,242,128,114,181,101,80,171,87,84
"David Krejci",20152016,BOS,C,72,"1,117",560,557,50.1,991,499,492,28,14,14,98,47,51,364,193,171,383,174,209,370,193,177
"David Krejci",20162017,BOS,C,82,"1,279",659,620,51.5,"1,157",590,567,83,52,31,39,17,22,454,251,203,446,212,234,379,196,183
"David Krejci",20172018,BOS,C,64,967,502,465,51.9,835,437,398,115,56,59,17,9,8,463,239,224,294,158,136,210,105,105
"David Krejci",20182019,BOS,C,81,"1,095",530,565,48.4,"1,006",483,523,61,32,29,28,15,13,447,203,244,353,177,176,295,150,145
"Kamil Kreps",20092010,FLA,C,76,737,382,355,51.8,562,312,250,9,5,4,166,65,101,178,87,91,186,103,83,353,183,170
"Niklas Kronwall",20092010,DET,D,48,0,0,0,--,0,0,0,0,0,0,0,0,0,0,0,0,0,0,0,0,0,0
"Niklas Kronwall",20102011,DET,D,77,0,0,0,--,0,0,0,0,0,0,0,0,0,0,0,0,0,0,0,0,0,0
"Niklas Kronwall",20112012,DET,D,82,0,0,0,--,0,0,0,0,0,0,0,0,0,0,0,0,0,0,0,0,0,0
"Niklas Kronwall",20122013,DET,D,48,0,0,0,--,0,0,0,0,0,0,0,0,0,0,0,0,0,0,0,0,0,0
"Niklas Kronwall",20132014,DET,D,79,0,0,0,--,0,0,0,0,0,0,0,0,0,0,0,0,0,0,0,0,0,0
"Niklas Kronwall",20142015,DET,D,80,1,1,0,100,1,1,0,0,0,0,0,0,0,0,0,0,1,1,0,0,0,0
"Niklas Kronwall",20152016,DET,D,64,0,0,0,--,0,0,0,0,0,0,0,0,0,0,0,0,0,0,0,0,0,0
"Niklas Kronwall",20162017,DET,D,57,0,0,0,--,0,0,0,0,0,0,0,0,0,0,0,0,0,0,0,0,0,0
"Niklas Kronwall",20172018,DET,D,79,0,0,0,--,0,0,0,0,0,0,0,0,0,0,0,0,0,0,0,0,0,0
"Niklas Kronwall",20182019,DET,D,79,0,0,0,--,0,0,0,0,0,0,0,0,0,0,0,0,0,0,0,0,0,0
"Staffan Kronwall",20092010,CGY,D,11,0,0,0,--,0,0,0,0,0,0,0,0,0,0,0,0,0,0,0,0,0,0
"Torey Krug",20112012,BOS,D,2,0,0,0,--,0,0,0,0,0,0,0,0,0,0,0,0,0,0,0,0,0,0
"Torey Krug",20122013,BOS,D,1,0,0,0,--,0,0,0,0,0,0,0,0,0,0,0,0,0,0,0,0,0,0
"Torey Krug",20132014,BOS,D,79,2,1,1,50,2,1,1,0,0,0,0,0,0,0,0,0,1,1,0,1,0,1
"Torey Krug",20142015,BOS,D,78,0,0,0,--,0,0,0,0,0,0,0,0,0,0,0,0,0,0,0,0,0,0
"Torey Krug",20152016,BOS,D,81,2,2,0,100,2,2,0,0,0,0,0,0,0,0,0,0,1,1,0,1,1,0
"Torey Krug",20162017,BOS,D,81,1,0,1,0,1,0,1,0,0,0,0,0,0,0,0,0,1,0,1,0,0,0
"Torey Krug",20172018,BOS,D,76,0,0,0,--,0,0,0,0,0,0,0,0,0,0,0,0,0,0,0,0,0,0
"Torey Krug",20182019,BOS,D,64,0,0,0,--,0,0,0,0,0,0,0,0,0,0,0,0,0,0,0,0,0,0
"Marcus Kruger",20102011,CHI,C,7,39,14,25,35.9,39,14,25,0,0,0,0,0,0,13,5,8,16,6,10,10,3,7
"Marcus Kruger",20112012,CHI,C,71,619,284,335,45.9,514,235,279,61,29,32,44,20,24,194,87,107,221,97,124,204,100,104
"Marcus Kruger",20122013,CHI,C,47,493,228,265,46.3,334,167,167,9,3,6,150,58,92,113,55,58,118,58,60,262,115,147
"Marcus Kruger",20132014,CHI,C,81,773,438,335,56.7,605,350,255,11,7,4,157,81,76,94,47,47,252,162,90,427,229,198
"Marcus Kruger",20142015,CHI,C,81,670,357,313,53.3,514,280,234,3,1,2,153,76,77,90,51,39,186,105,81,394,201,193
"Marcus Kruger",20152016,CHI,C,41,474,233,241,49.2,350,189,161,1,1,0,123,43,80,45,27,18,124,67,57,305,139,166
"Marcus Kruger",20162017,CHI,C,70,727,357,370,49.1,627,328,299,6,0,6,94,29,65,137,71,66,217,115,102,373,171,202
"Marcus Kruger",20172018,CAR,C,48,287,159,128,55.4,245,140,105,5,3,2,37,16,21,72,41,31,102,55,47,113,63,50
"Marcus Kruger",20182019,CHI,C,74,391,188,203,48.1,316,155,161,2,1,1,73,32,41,56,31,25,135,64,71,200,93,107
"Filip Kuba",20092010,OTT,D,53,1,0,1,0,1,0,1,0,0,0,0,0,0,0,0,0,0,0,0,1,0,1
"Filip Kuba",20102011,OTT,D,64,0,0,0,--,0,0,0,0,0,0,0,0,0,0,0,0,0,0,0,0,0,0
"Filip Kuba",20112012,OTT,D,73,0,0,0,--,0,0,0,0,0,0,0,0,0,0,0,0,0,0,0,0,0,0
"Filip Kuba",20122013,FLA,D,44,0,0,0,--,0,0,0,0,0,0,0,0,0,0,0,0,0,0,0,0,0,0
"Tomas Kubalik",20102011,CBJ,R,4,1,1,0,100,0,0,0,1,1,0,0,0,0,1,1,0,0,0,0,0,0,0
"Tomas Kubalik",20112012,CBJ,R,8,0,0,0,--,0,0,0,0,0,0,0,0,0,0,0,0,0,0,0,0,0,0
"Pavel Kubina",20092010,ATL,D,76,0,0,0,--,0,0,0,0,0,0,0,0,0,0,0,0,0,0,0,0,0,0
"Pavel Kubina",20102011,TBL,D,79,0,0,0,--,0,0,0,0,0,0,0,0,0,0,0,0,0,0,0,0,0,0
"Pavel Kubina",20112012,"TBL,PHI",D,69,0,0,0,--,0,0,0,0,0,0,0,0,0,0,0,0,0,0,0,0,0,0
"Nikita Kucherov",20132014,TBL,R,52,1,1,0,100,1,1,0,0,0,0,0,0,0,0,0,0,1,1,0,0,0,0
"Nikita Kucherov",20142015,TBL,R,82,2,0,2,0,2,0,2,0,0,0,0,0,0,0,0,0,1,0,1,1,0,1
"Nikita Kucherov",20152016,TBL,R,77,1,0,1,0,1,0,1,0,0,0,0,0,0,1,0,1,0,0,0,0,0,0
"Nikita Kucherov",20162017,TBL,R,74,0,0,0,--,0,0,0,0,0,0,0,0,0,0,0,0,0,0,0,0,0,0
"Nikita Kucherov",20172018,TBL,R,80,5,3,2,60,5,3,2,0,0,0,0,0,0,4,2,2,1,1,0,0,0,0
"Nikita Kucherov",20182019,TBL,R,82,3,0,3,0,3,0,3,0,0,0,0,0,0,3,0,3,0,0,0,0,0,0
"Ryan Kuffner",20182019,DET,L,10,2,0,2,0,1,0,1,1,0,1,0,0,0,2,0,2,0,0,0,0,0,0
"Karson Kuhlman",20182019,BOS,C,11,1,1,0,100,1,1,0,0,0,0,0,0,0,1,1,0,0,0,0,0,0,0
"Tom Kuhnhackl",20152016,PIT,R,42,3,0,3,0,1,0,1,0,0,0,2,0,2,2,0,2,0,0,0,1,0,1
"Tom Kuhnhackl",20162017,PIT,R,57,4,2,2,50,3,2,1,0,0,0,1,0,1,1,0,1,2,1,1,1,1,0
"Tom Kuhnhackl",20172018,PIT,R,69,12,2,10,16.7,5,1,4,0,0,0,7,1,6,3,1,2,2,1,1,7,0,7
"Tom Kuhnhackl",20182019,NYI,R,36,2,0,2,0,2,0,2,0,0,0,0,0,0,2,0,2,0,0,0,0,0,0
"Dean Kukan",20152016,CBJ,D,8,0,0,0,--,0,0,0,0,0,0,0,0,0,0,0,0,0,0,0,0,0,0
"Dean Kukan",20172018,CBJ,D,11,0,0,0,--,0,0,0,0,0,0,0,0,0,0,0,0,0,0,0,0,0,0
"Dean Kukan",20182019,CBJ,D,25,0,0,0,--,0,0,0,0,0,0,0,0,0,0,0,0,0,0,0,0,0,0
"Brett Kulak",20142015,CGY,D,1,0,0,0,--,0,0,0,0,0,0,0,0,0,0,0,0,0,0,0,0,0,0
"Brett Kulak",20152016,CGY,D,8,0,0,0,--,0,0,0,0,0,0,0,0,0,0,0,0,0,0,0,0,0,0
"Brett Kulak",20162017,CGY,D,21,0,0,0,--,0,0,0,0,0,0,0,0,0,0,0,0,0,0,0,0,0,0
"Brett Kulak",20172018,CGY,D,71,0,0,0,--,0,0,0,0,0,0,0,0,0,0,0,0,0,0,0,0,0,0
"Brett Kulak",20182019,MTL,D,57,0,0,0,--,0,0,0,0,0,0,0,0,0,0,0,0,0,0,0,0,0,0
"Arturs Kulda",20092010,ATL,D,4,0,0,0,--,0,0,0,0,0,0,0,0,0,0,0,0,0,0,0,0,0,0
"Arturs Kulda",20102011,ATL,D,2,0,0,0,--,0,0,0,0,0,0,0,0,0,0,0,0,0,0,0,0,0,0
"Arturs Kulda",20112012,WPG,D,9,0,0,0,--,0,0,0,0,0,0,0,0,0,0,0,0,0,0,0,0,0,0
"Nikolay Kulemin",20092010,TOR,L,78,66,27,39,40.9,49,19,30,6,3,3,11,5,6,19,9,10,15,6,9,31,11,20
"Nikolay Kulemin",20102011,TOR,L,82,111,60,51,54,78,41,37,23,13,10,10,6,4,58,34,24,18,11,7,35,15,20
"Nikolay Kulemin",20112012,TOR,L,70,78,32,46,41,68,28,40,5,3,2,5,1,4,43,21,22,11,4,7,24,7,17
"Nikolay Kulemin",20122013,TOR,L,48,20,10,10,50,16,9,7,1,1,0,3,0,3,8,7,1,6,2,4,6,1,5
"Nikolay Kulemin",20132014,TOR,L,70,108,38,70,35.2,97,36,61,0,0,0,11,2,9,34,13,21,36,10,26,38,15,23
"Nikolay Kulemin",20142015,NYI,L,82,24,7,17,29.2,13,5,8,0,0,0,11,2,9,4,0,4,6,3,3,14,4,10
"Nikolay Kulemin",20152016,NYI,L,81,59,23,36,39,58,23,35,0,0,0,1,0,1,25,12,13,18,6,12,16,5,11
"Nikolay Kulemin",20162017,NYI,L,72,27,14,13,51.9,8,5,3,0,0,0,19,9,10,7,3,4,9,6,3,11,5,6
"Nikolay Kulemin",20172018,NYI,L,13,10,4,6,40,10,4,6,0,0,0,0,0,0,4,2,2,4,1,3,2,1,1
"Dmitry Kulikov",20092010,FLA,D,68,0,0,0,--,0,0,0,0,0,0,0,0,0,0,0,0,0,0,0,0,0,0
"Dmitry Kulikov",20102011,FLA,D,72,0,0,0,--,0,0,0,0,0,0,0,0,0,0,0,0,0,0,0,0,0,0
"Dmitry Kulikov",20112012,FLA,D,58,0,0,0,--,0,0,0,0,0,0,0,0,0,0,0,0,0,0,0,0,0,0
"Dmitry Kulikov",20122013,FLA,D,34,0,0,0,--,0,0,0,0,0,0,0,0,0,0,0,0,0,0,0,0,0,0
"Dmitry Kulikov",20132014,FLA,D,81,0,0,0,--,0,0,0,0,0,0,0,0,0,0,0,0,0,0,0,0,0,0
"Dmitry Kulikov",20142015,FLA,D,73,0,0,0,--,0,0,0,0,0,0,0,0,0,0,0,0,0,0,0,0,0,0
"Dmitry Kulikov",20152016,FLA,D,74,0,0,0,--,0,0,0,0,0,0,0,0,0,0,0,0,0,0,0,0,0,0
"Dmitry Kulikov",20162017,BUF,D,47,0,0,0,--,0,0,0,0,0,0,0,0,0,0,0,0,0,0,0,0,0,0
"Dmitry Kulikov",20172018,WPG,D,62,0,0,0,--,0,0,0,0,0,0,0,0,0,0,0,0,0,0,0,0,0,0
"Dmitry Kulikov",20182019,WPG,D,57,0,0,0,--,0,0,0,0,0,0,0,0,0,0,0,0,0,0,0,0,0,0
"Tomas Kundratek",20112012,WSH,D,5,0,0,0,--,0,0,0,0,0,0,0,0,0,0,0,0,0,0,0,0,0,0
"Tomas Kundratek",20122013,WSH,D,25,0,0,0,--,0,0,0,0,0,0,0,0,0,0,0,0,0,0,0,0,0,0
"Luke Kunin",20172018,MIN,C,19,54,24,30,44.4,49,21,28,0,0,0,5,3,2,24,12,12,7,3,4,23,9,14
"Luke Kunin",20182019,MIN,C,49,200,88,112,44,166,68,98,18,12,6,16,8,8,72,37,35,67,26,41,61,25,36
"Chris Kunitz",20092010,PIT,L,50,15,6,9,40,12,4,8,3,2,1,0,0,0,7,1,6,1,1,0,7,4,3
"Chris Kunitz",20102011,PIT,L,66,8,4,4,50,5,3,2,2,1,1,1,0,1,4,1,3,3,2,1,1,1,0
"Chris Kunitz",20112012,PIT,L,82,38,20,18,52.6,24,11,13,14,9,5,0,0,0,24,13,11,12,6,6,2,1,1
"Chris Kunitz",20122013,PIT,L,48,9,4,5,44.4,5,1,4,3,3,0,1,0,1,7,2,5,2,2,0,0,0,0
"Chris Kunitz",20132014,PIT,L,78,4,3,1,75,1,1,0,2,1,1,1,1,0,3,2,1,1,1,0,0,0,0
"Chris Kunitz",20142015,PIT,L,74,13,7,6,53.9,6,3,3,7,4,3,0,0,0,9,5,4,2,1,1,2,1,1
"Chris Kunitz",20152016,PIT,L,80,11,5,6,45.5,8,5,3,3,0,3,0,0,0,7,3,4,2,0,2,2,2,0
"Chris Kunitz",20162017,PIT,L,71,13,3,10,23.1,12,2,10,1,1,0,0,0,0,8,3,5,3,0,3,2,0,2
"Chris Kunitz",20172018,TBL,L,82,19,7,12,36.8,17,6,11,1,1,0,1,0,1,7,2,5,7,3,4,5,2,3
"Chris Kunitz",20182019,CHI,L,56,7,2,5,28.6,6,1,5,1,1,0,0,0,0,4,1,3,2,0,2,1,1,0
"Cody Kunyk",20132014,TBL,R,1,5,1,4,20,5,1,4,0,0,0,0,0,0,2,0,2,1,1,0,2,0,2
"Janne Kuokkanen",20172018,CAR,L,4,0,0,0,--,0,0,0,0,0,0,0,0,0,0,0,0,0,0,0,0,0,0
"Janne Kuokkanen",20182019,CAR,L,7,0,0,0,--,0,0,0,0,0,0,0,0,0,0,0,0,0,0,0,0,0,0
"Sean Kuraly",20162017,BOS,C,8,3,1,2,33.3,3,1,2,0,0,0,0,0,0,1,1,0,2,0,2,0,0,0
"Sean Kuraly",20172018,BOS,C,75,721,335,386,46.5,664,305,359,8,6,2,49,24,25,126,53,73,324,153,171,271,129,142
"Sean Kuraly",20182019,BOS,C,71,531,286,245,53.9,465,253,212,1,0,1,65,33,32,89,51,38,208,113,95,234,122,112
"Evgeny Kuznetsov",20132014,WSH,C,17,27,5,22,18.5,15,2,13,12,3,9,0,0,0,17,3,14,6,2,4,4,0,4
"Evgeny Kuznetsov",20142015,WSH,C,80,681,304,377,44.6,617,272,345,64,32,32,0,0,0,262,102,160,276,129,147,143,73,70
"Evgeny Kuznetsov",20152016,WSH,C,82,"1,137",543,594,47.8,"1,042",497,545,90,45,45,5,1,4,423,194,229,398,195,203,316,154,162
"Evgeny Kuznetsov",20162017,WSH,C,82,"1,037",456,581,44,964,413,551,70,41,29,3,2,1,401,172,229,400,182,218,236,102,134
"Evgeny Kuznetsov",20172018,WSH,C,79,"1,018",450,568,44.2,985,437,548,29,12,17,4,1,3,373,160,213,412,184,228,233,106,127
"Evgeny Kuznetsov",20182019,WSH,C,76,"1,023",396,627,38.7,970,375,595,44,17,27,9,4,5,390,152,238,374,132,242,259,112,147
"Oliver Kylington",20152016,CGY,D,1,0,0,0,--,0,0,0,0,0,0,0,0,0,0,0,0,0,0,0,0,0,0
"Oliver Kylington",20182019,CGY,D,38,0,0,0,--,0,0,0,0,0,0,0,0,0,0,0,0,0,0,0,0,0,0
"Jordan Kyrou",20182019,STL,C,16,2,2,0,100,2,2,0,0,0,0,0,0,0,0,0,0,1,1,0,1,1,0
"Milan Kytnar",20112012,EDM,C,1,1,0,1,0,1,0,1,0,0,0,0,0,0,0,0,0,1,0,1,0,0,0
"Joel L'Esperance",20182019,DAL,C,18,56,26,30,46.4,52,24,28,4,2,2,0,0,0,13,5,8,30,16,14,13,5,8
"Teemu Laakso",20092010,NSH,D,7,0,0,0,--,0,0,0,0,0,0,0,0,0,0,0,0,0,0,0,0,0,0
"Teemu Laakso",20102011,NSH,D,1,0,0,0,--,0,0,0,0,0,0,0,0,0,0,0,0,0,0,0,0,0,0
"Teemu Laakso",20112012,NSH,D,9,0,0,0,--,0,0,0,0,0,0,0,0,0,0,0,0,0,0,0,0,0,0
"Kevin Labanc",20162017,SJS,R,55,4,2,2,50,4,2,2,0,0,0,0,0,0,3,1,2,1,1,0,0,0,0
"Kevin Labanc",20172018,SJS,R,77,16,5,11,31.3,16,5,11,0,0,0,0,0,0,7,1,6,8,3,5,1,1,0
"Kevin Labanc",20182019,SJS,R,82,23,9,14,39.1,23,9,14,0,0,0,0,0,0,15,7,8,4,1,3,4,1,3
"Joseph LaBate",20162017,VAN,C,13,1,1,0,100,1,1,0,0,0,0,0,0,0,1,1,0,0,0,0,0,0,0
"Pierre-Cedric Labrie",20112012,TBL,L,14,5,3,2,60,5,3,2,0,0,0,0,0,0,1,0,1,1,1,0,3,2,1
"Pierre-Cedric Labrie",20122013,TBL,L,19,4,2,2,50,4,2,2,0,0,0,0,0,0,2,1,1,0,0,0,2,1,1
"Pierre-Cedric Labrie",20132014,TBL,L,13,2,2,0,100,2,2,0,0,0,0,0,0,0,2,2,0,0,0,0,0,0,0
"Andrew Ladd",20092010,CHI,L,82,12,5,7,41.7,12,5,7,0,0,0,0,0,0,4,1,3,5,2,3,3,2,1
"Andrew Ladd",20102011,ATL,L,81,44,15,29,34.1,27,10,17,4,1,3,13,4,9,17,4,13,13,5,8,14,6,8
"Andrew Ladd",20112012,WPG,L,82,59,32,27,54.2,45,24,21,8,4,4,6,4,2,34,17,17,12,9,3,13,6,7
"Andrew Ladd",20122013,WPG,L,48,54,29,25,53.7,45,22,23,8,6,2,1,1,0,35,19,16,13,9,4,6,1,5
"Andrew Ladd",20132014,WPG,L,78,62,24,38,38.7,45,17,28,11,5,6,6,2,4,46,19,27,5,1,4,11,4,7
"Andrew Ladd",20142015,WPG,L,81,20,7,13,35,15,5,10,1,1,0,4,1,3,10,4,6,6,2,4,4,1,3
"Andrew Ladd",20152016,"WPG,CHI",L,78,13,8,5,61.5,9,7,2,1,0,1,3,1,2,6,3,3,4,3,1,3,2,1
"Andrew Ladd",20162017,NYI,L,78,10,4,6,40,6,3,3,3,1,2,1,0,1,5,2,3,3,0,3,2,2,0
"Andrew Ladd",20172018,NYI,L,73,10,1,9,10,6,1,5,0,0,0,4,0,4,4,0,4,2,1,1,4,0,4
"Andrew Ladd",20182019,NYI,L,26,5,2,3,40,4,1,3,0,0,0,1,1,0,4,1,3,1,1,0,0,0,0
"Paul LaDue",20162017,LAK,D,22,0,0,0,--,0,0,0,0,0,0,0,0,0,0,0,0,0,0,0,0,0,0
"Paul LaDue",20172018,LAK,D,12,0,0,0,--,0,0,0,0,0,0,0,0,0,0,0,0,0,0,0,0,0,0
"Paul LaDue",20182019,LAK,D,33,0,0,0,--,0,0,0,0,0,0,0,0,0,0,0,0,0,0,0,0,0,0
"Brooks Laich",20092010,WSH,C,78,337,152,185,45.1,139,59,80,144,67,77,54,26,28,152,63,89,84,41,43,100,47,53
"Brooks Laich",20102011,WSH,C,82,524,269,255,51.3,344,174,170,94,55,39,86,40,46,214,117,97,134,65,69,176,87,89
"Brooks Laich",20112012,WSH,C,82,"1,394",664,730,47.6,"1,065",509,556,120,55,65,209,100,109,364,165,199,482,237,245,548,262,286
"Brooks Laich",20122013,WSH,C,9,81,41,40,50.6,61,34,27,1,0,1,19,7,12,21,8,13,21,8,13,39,25,14
"Brooks Laich",20132014,WSH,C,51,460,203,257,44.1,283,120,163,34,22,12,143,61,82,105,43,62,133,55,78,222,105,117
"Brooks Laich",20142015,WSH,C,66,198,87,111,43.9,120,60,60,0,0,0,78,27,51,48,23,25,54,26,28,96,38,58
"Brooks Laich",20152016,"WSH,TOR",C,81,243,98,145,40.3,171,73,98,11,7,4,61,18,43,62,26,36,81,33,48,100,39,61
"Brooks Laich",20172018,LAK,C,12,109,53,56,48.6,97,45,52,0,0,0,12,8,4,25,10,15,35,17,18,49,26,23
"Kellan Lain",20132014,VAN,L,9,37,18,19,48.6,36,18,18,0,0,0,1,0,1,10,5,5,17,10,7,10,3,7
"Patrik Laine",20162017,WPG,R,73,3,0,3,0,3,0,3,0,0,0,0,0,0,2,0,2,0,0,0,1,0,1
"Patrik Laine",20172018,WPG,R,82,43,11,32,25.6,40,11,29,2,0,2,1,0,1,24,4,20,13,6,7,6,1,5
"Patrik Laine",20182019,WPG,R,82,30,11,19,36.7,25,9,16,5,2,3,0,0,0,19,7,12,7,2,5,4,2,2
"Quintin Laing",20092010,WSH,L,36,7,4,3,57.1,6,3,3,0,0,0,1,1,0,3,1,2,2,2,0,2,1,1
"Maxime Lajoie",20182019,OTT,D,56,0,0,0,--,0,0,0,0,0,0,0,0,0,0,0,0,0,0,0,0,0,0
"David Laliberte",20092010,PHI,R,11,1,1,0,100,1,1,0,0,0,0,0,0,0,0,0,0,0,0,0,1,1,0
"Shawn Lalonde",20122013,CHI,D,1,0,0,0,--,0,0,0,0,0,0,0,0,0,0,0,0,0,0,0,0,0,0
"Juho Lammikko",20182019,FLA,R,40,332,142,190,42.8,275,119,156,5,3,2,52,20,32,70,32,38,157,67,90,105,43,62
"Anton Lander",20112012,EDM,C,56,344,149,195,43.3,297,136,161,3,1,2,44,12,32,94,39,55,153,69,84,97,41,56
"Anton Lander",20122013,EDM,C,11,55,27,28,49.1,50,26,24,0,0,0,5,1,4,17,7,10,19,11,8,19,9,10
"Anton Lander",20132014,EDM,C,27,160,71,89,44.4,128,60,68,9,4,5,23,7,16,48,21,27,53,25,28,59,25,34
"Anton Lander",20142015,EDM,C,38,451,226,225,50.1,385,200,185,38,17,21,28,9,19,150,77,73,148,71,77,153,78,75
"Anton Lander",20152016,EDM,C,61,693,378,315,54.5,519,285,234,49,30,19,125,63,62,175,110,65,194,105,89,324,163,161
"Anton Lander",20162017,EDM,C,22,141,79,62,56,107,62,45,0,0,0,34,17,17,25,15,10,23,15,8,93,49,44
"Gabriel Landeskog",20112012,COL,L,82,36,8,28,22.2,24,3,21,3,1,2,9,4,5,14,3,11,14,3,11,8,2,6
"Gabriel Landeskog",20122013,COL,L,36,18,6,12,33.3,8,3,5,0,0,0,10,3,7,5,0,5,6,3,3,7,3,4
"Gabriel Landeskog",20132014,COL,L,81,18,13,5,72.2,14,10,4,3,3,0,1,0,1,9,6,3,4,3,1,5,4,1
"Gabriel Landeskog",20142015,COL,L,82,45,16,29,35.5,32,13,19,12,3,9,1,0,1,20,6,14,9,5,4,16,5,11
"Gabriel Landeskog",20152016,COL,L,75,56,31,25,55.4,37,19,18,13,9,4,6,3,3,42,24,18,10,7,3,4,0,4
"Gabriel Landeskog",20162017,COL,L,72,125,62,63,49.6,92,45,47,23,15,8,10,2,8,107,56,51,14,6,8,4,0,4
"Gabriel Landeskog",20172018,COL,L,78,418,215,203,51.4,272,143,129,116,61,55,30,11,19,293,152,141,44,23,21,81,40,41
"Gabriel Landeskog",20182019,COL,L,73,694,361,333,52,500,255,245,166,92,74,28,14,14,416,222,194,120,54,66,158,85,73
"Robert Lang",20092010,PHX,C,64,734,375,359,51.1,594,299,295,134,72,62,6,4,2,337,175,162,232,120,112,164,81,83
"Jamie Langenbrunner",20092010,NJD,R,81,60,29,31,48.3,37,16,21,19,12,7,4,1,3,33,18,15,11,5,6,16,7,9
"Jamie Langenbrunner",20102011,"NJD,DAL",R,70,28,11,17,39.3,20,8,12,1,0,1,7,3,4,15,5,10,9,4,5,4,2,2
"Jamie Langenbrunner",20112012,STL,R,70,27,10,17,37,22,8,14,2,0,2,3,2,1,13,6,7,6,2,4,8,2,6
"Jamie Langenbrunner",20122013,STL,R,4,4,0,4,0,4,0,4,0,0,0,0,0,0,3,0,3,1,0,1,0,0,0
"Daymond Langkow",20092010,CGY,C,72,"1,130",492,638,43.5,818,364,454,117,60,57,195,68,127,347,154,193,386,166,220,396,172,224
"Daymond Langkow",20102011,CGY,C,4,43,23,20,53.5,36,21,15,2,1,1,5,1,4,9,4,5,15,7,8,19,12,7
"Daymond Langkow",20112012,PHX,C,73,991,440,551,44.4,831,362,469,106,56,50,54,22,32,346,159,187,362,156,206,284,126,158
"Ian Laperriere",20092010,PHI,R,82,66,28,38,42.4,45,19,26,4,1,3,17,8,9,24,12,12,14,7,7,26,8,18
"Maxim Lapierre",20092010,MTL,C,76,425,208,217,48.9,399,199,200,4,2,2,22,7,15,134,60,74,143,77,66,147,71,76
"Maxim Lapierre",20102011,"MTL,ANA,VAN",C,78,340,173,167,50.9,287,156,131,10,3,7,43,14,29,73,35,38,138,74,64,129,64,65
"Maxim Lapierre",20112012,VAN,C,82,482,251,231,52.1,425,218,207,5,3,2,52,30,22,65,37,28,173,83,90,244,131,113
"Maxim Lapierre",20122013,VAN,C,48,542,274,268,50.5,421,223,198,10,5,5,111,46,65,74,34,40,153,83,70,315,157,158
"Maxim Lapierre",20132014,STL,C,71,593,301,292,50.8,529,281,248,0,0,0,64,20,44,136,75,61,219,119,100,238,107,131
"Maxim Lapierre",20142015,"STL,PIT",C,80,582,305,277,52.4,445,240,205,5,4,1,132,61,71,125,69,56,169,80,89,288,156,132
"Nick Lappin",20162017,NJD,R,43,7,2,5,28.6,6,2,4,0,0,0,1,0,1,3,0,3,2,1,1,2,1,1
"Nick Lappin",20172018,NJD,R,6,0,0,0,--,0,0,0,0,0,0,0,0,0,0,0,0,0,0,0,0,0,0
"Nick Lappin",20182019,NJD,R,11,6,5,1,83.3,6,5,1,0,0,0,0,0,0,5,4,1,1,1,0,0,0,0
"Georges Laraque",20092010,MTL,R,28,0,0,0,--,0,0,0,0,0,0,0,0,0,0,0,0,0,0,0,0,0,0
"Dylan Larkin",20152016,DET,C,80,100,41,59,41,81,33,48,19,8,11,0,0,0,49,19,30,30,14,16,21,8,13
"Dylan Larkin",20162017,DET,C,80,432,196,236,45.4,393,180,213,27,10,17,12,6,6,145,66,79,166,71,95,121,59,62
"Dylan Larkin",20172018,DET,C,82,"1,314",656,658,49.9,"1,062",514,548,136,86,50,116,56,60,434,235,199,421,202,219,459,219,240
"Dylan Larkin",20182019,DET,C,76,"1,587",865,722,54.5,"1,279",682,597,180,113,67,128,70,58,580,312,268,478,252,226,529,301,228
"Drew Larman",20092010,BOS,C,4,2,1,1,50,2,1,1,0,0,0,0,0,0,2,1,1,0,0,0,0,0,0
"Chad LaRose",20092010,CAR,R,56,12,2,10,16.7,10,2,8,0,0,0,2,0,2,6,1,5,5,1,4,1,0,1
"Chad LaRose",20102011,CAR,R,82,33,11,22,33.3,19,6,13,4,2,2,10,3,7,13,5,8,8,4,4,12,2,10
"Chad LaRose",20112012,CAR,R,67,43,18,25,41.9,30,12,18,11,5,6,2,1,1,21,7,14,8,3,5,14,8,6
"Chad LaRose",20122013,CAR,R,35,22,9,13,40.9,19,7,12,2,1,1,1,1,0,12,5,7,6,2,4,4,2,2
"Philip Larsen",20092010,DAL,D,2,0,0,0,--,0,0,0,0,0,0,0,0,0,0,0,0,0,0,0,0,0,0
"Philip Larsen",20102011,DAL,D,6,0,0,0,--,0,0,0,0,0,0,0,0,0,0,0,0,0,0,0,0,0,0
"Philip Larsen",20112012,DAL,D,55,0,0,0,--,0,0,0,0,0,0,0,0,0,0,0,0,0,0,0,0,0,0
"Philip Larsen",20122013,DAL,D,32,0,0,0,--,0,0,0,0,0,0,0,0,0,0,0,0,0,0,0,0,0,0
"Philip Larsen",20132014,EDM,D,30,0,0,0,--,0,0,0,0,0,0,0,0,0,0,0,0,0,0,0,0,0,0
"Philip Larsen",20162017,VAN,D,26,0,0,0,--,0,0,0,0,0,0,0,0,0,0,0,0,0,0,0,0,0,0
"Adam Larsson",20112012,NJD,D,65,0,0,0,--,0,0,0,0,0,0,0,0,0,0,0,0,0,0,0,0,0,0
"Adam Larsson",20122013,NJD,D,37,0,0,0,--,0,0,0,0,0,0,0,0,0,0,0,0,0,0,0,0,0,0
"Adam Larsson",20132014,NJD,D,26,0,0,0,--,0,0,0,0,0,0,0,0,0,0,0,0,0,0,0,0,0,0
"Adam Larsson",20142015,NJD,D,64,0,0,0,--,0,0,0,0,0,0,0,0,0,0,0,0,0,0,0,0,0,0
"Adam Larsson",20152016,NJD,D,82,0,0,0,--,0,0,0,0,0,0,0,0,0,0,0,0,0,0,0,0,0,0
"Adam Larsson",20162017,EDM,D,79,0,0,0,--,0,0,0,0,0,0,0,0,0,0,0,0,0,0,0,0,0,0
"Adam Larsson",20172018,EDM,D,63,0,0,0,--,0,0,0,0,0,0,0,0,0,0,0,0,0,0,0,0,0,0
"Adam Larsson",20182019,EDM,D,82,0,0,0,--,0,0,0,0,0,0,0,0,0,0,0,0,0,0,0,0,0,0
"Jacob Larsson",20162017,ANA,D,4,0,0,0,--,0,0,0,0,0,0,0,0,0,0,0,0,0,0,0,0,0,0
"Jacob Larsson",20182019,ANA,D,49,1,0,1,0,1,0,1,0,0,0,0,0,0,0,0,0,0,0,0,1,0,1
"Johan Larsson",20122013,MIN,C,1,0,0,0,--,0,0,0,0,0,0,0,0,0,0,0,0,0,0,0,0,0,0
"Johan Larsson",20132014,BUF,C,28,285,135,150,47.4,260,126,134,7,2,5,18,7,11,80,36,44,94,45,49,111,54,57
"Johan Larsson",20142015,BUF,C,39,341,150,191,44,294,130,164,42,17,25,5,3,2,130,55,75,115,58,57,96,37,59
"Johan Larsson",20152016,BUF,C,74,759,388,371,51.1,703,360,343,32,18,14,24,10,14,155,71,84,296,163,133,308,154,154
"Johan Larsson",20162017,BUF,C,36,533,261,272,49,504,247,257,6,3,3,23,11,12,107,64,43,197,86,111,229,111,118
"Johan Larsson",20172018,BUF,C,80,639,348,291,54.5,514,280,234,11,4,7,114,64,50,135,75,60,263,144,119,241,129,112
"Johan Larsson",20182019,BUF,C,73,993,503,490,50.6,782,420,362,2,0,2,209,83,126,70,34,36,319,160,159,604,309,295
"Brian Lashoff",20122013,DET,D,31,0,0,0,--,0,0,0,0,0,0,0,0,0,0,0,0,0,0,0,0,0,0
"Brian Lashoff",20132014,DET,D,75,0,0,0,--,0,0,0,0,0,0,0,0,0,0,0,0,0,0,0,0,0,0
"Brian Lashoff",20142015,DET,D,11,0,0,0,--,0,0,0,0,0,0,0,0,0,0,0,0,0,0,0,0,0,0
"Brian Lashoff",20162017,DET,D,5,0,0,0,--,0,0,0,0,0,0,0,0,0,0,0,0,0,0,0,0,0,0
"Brian Lashoff",20172018,DET,D,1,0,0,0,--,0,0,0,0,0,0,0,0,0,0,0,0,0,0,0,0,0,0
"Brian Lashoff",20182019,DET,D,4,0,0,0,--,0,0,0,0,0,0,0,0,0,0,0,0,0,0,0,0,0,0
"Matt Lashoff",20092010,TBL,D,5,0,0,0,--,0,0,0,0,0,0,0,0,0,0,0,0,0,0,0,0,0,0
"Matt Lashoff",20102011,TOR,D,11,0,0,0,--,0,0,0,0,0,0,0,0,0,0,0,0,0,0,0,0,0,0
"Guillaume Latendresse",20092010,"MTL,MIN",L,78,9,1,8,11.1,9,1,8,0,0,0,0,0,0,3,1,2,2,0,2,4,0,4
"Guillaume Latendresse",20102011,MIN,L,11,6,0,6,0,4,0,4,2,0,2,0,0,0,3,0,3,1,0,1,2,0,2
"Guillaume Latendresse",20112012,MIN,L,16,4,2,2,50,3,1,2,1,1,0,0,0,0,0,0,0,2,1,1,2,1,1
"Guillaume Latendresse",20122013,OTT,L,27,4,0,4,0,4,0,4,0,0,0,0,0,0,1,0,1,3,0,3,0,0,0
"Michael Latta",20132014,WSH,C,17,115,60,55,52.2,101,55,46,6,2,4,8,3,5,36,17,19,45,22,23,34,21,13
"Michael Latta",20142015,WSH,C,53,335,160,175,47.8,330,158,172,4,2,2,1,0,1,102,48,54,123,60,63,110,52,58
"Michael Latta",20152016,WSH,C,43,198,102,96,51.5,196,102,94,1,0,1,1,0,1,57,33,24,76,38,38,65,31,34
"Scott Laughton",20122013,PHI,C,5,43,19,24,44.2,43,19,24,0,0,0,0,0,0,7,4,3,19,8,11,17,7,10
"Scott Laughton",20142015,PHI,C,31,283,134,149,47.4,267,130,137,3,0,3,13,4,9,78,31,47,136,70,66,69,33,36
"Scott Laughton",20152016,PHI,C,71,388,170,218,43.8,381,167,214,1,1,0,6,2,4,130,60,70,133,56,77,125,54,71
"Scott Laughton",20162017,PHI,C,2,20,11,9,55,20,11,9,0,0,0,0,0,0,8,5,3,4,1,3,8,5,3
"Scott Laughton",20172018,PHI,C,81,604,314,290,52,522,272,250,15,7,8,67,35,32,159,90,69,227,122,105,218,102,116
"Scott Laughton",20182019,PHI,C,82,635,344,291,54.2,557,306,251,6,4,2,72,34,38,159,85,74,235,123,112,241,136,105
"Oliver Lauridsen",20122013,PHI,D,15,0,0,0,--,0,0,0,0,0,0,0,0,0,0,0,0,0,0,0,0,0,0
"Oliver Lauridsen",20142015,PHI,D,1,0,0,0,--,0,0,0,0,0,0,0,0,0,0,0,0,0,0,0,0,0,0
"Jeremy Lauzon",20182019,BOS,D,16,0,0,0,--,0,0,0,0,0,0,0,0,0,0,0,0,0,0,0,0,0,0
"Curtis Lazar",20142015,OTT,C,67,273,129,144,47.3,242,118,124,6,5,1,25,6,19,88,39,49,107,58,49,78,32,46
"Curtis Lazar",20152016,OTT,C,76,384,168,216,43.8,342,151,191,26,12,14,16,5,11,105,39,66,167,82,85,112,47,65
"Curtis Lazar",20162017,"OTT,CGY",C,37,99,39,60,39.4,98,39,59,0,0,0,1,0,1,29,12,17,40,15,25,30,12,18
"Curtis Lazar",20172018,CGY,C,65,121,48,73,39.7,109,46,63,2,0,2,10,2,8,58,20,38,47,20,27,16,8,8
"Curtis Lazar",20182019,CGY,C,1,4,3,1,75,4,3,1,0,0,0,0,0,0,2,2,0,1,1,0,1,0,1
"Jay Leach",20092010,"MTL,SJS",D,35,0,0,0,--,0,0,0,0,0,0,0,0,0,0,0,0,0,0,0,0,0,0
"Jay Leach",20102011,NJD,D,7,0,0,0,--,0,0,0,0,0,0,0,0,0,0,0,0,0,0,0,0,0,0
"Brett Lebda",20092010,DET,D,63,0,0,0,--,0,0,0,0,0,0,0,0,0,0,0,0,0,0,0,0,0,0
"Brett Lebda",20102011,TOR,D,41,2,0,2,0,2,0,2,0,0,0,0,0,0,1,0,1,0,0,0,1,0,1
"Brett Lebda",20112012,CBJ,D,30,0,0,0,--,0,0,0,0,0,0,0,0,0,0,0,0,0,0,0,0,0,0
"Drew LeBlanc",20122013,CHI,C,2,18,9,9,50,17,8,9,1,1,0,0,0,0,10,6,4,4,1,3,4,2,2
"Louis Leblanc",20112012,MTL,C,42,64,28,36,43.8,60,26,34,3,1,2,1,1,0,21,7,14,28,14,14,15,7,8
"Louis Leblanc",20132014,MTL,C,8,4,2,2,50,4,2,2,0,0,0,0,0,0,2,0,2,2,2,0,0,0,0
"Peter LeBlanc",20132014,WSH,C,1,0,0,0,--,0,0,0,0,0,0,0,0,0,0,0,0,0,0,0,0,0,0
"Vincent Lecavalier",20092010,TBL,C,82,"1,449",771,678,53.2,"1,086",576,510,279,153,126,84,42,42,586,326,260,493,236,257,346,195,151
"Vincent Lecavalier",20102011,TBL,C,65,"1,161",591,570,50.9,864,433,431,277,146,131,20,12,8,444,227,217,407,198,209,310,166,144
"Vincent Lecavalier",20112012,TBL,C,64,"1,162",556,606,47.9,928,440,488,220,112,108,14,4,10,467,229,238,414,195,219,281,132,149
"Vincent Lecavalier",20122013,TBL,C,39,742,404,338,54.5,607,321,286,127,79,48,8,4,4,293,161,132,244,132,112,205,111,94
"Vincent Lecavalier",20132014,PHI,C,69,448,200,248,44.6,346,152,194,98,46,52,4,2,2,204,88,116,152,65,87,92,47,45
"Vincent Lecavalier",20142015,PHI,C,57,191,95,96,49.7,160,81,79,30,13,17,1,1,0,102,54,48,52,23,29,37,18,19
"Vincent Lecavalier",20152016,"PHI,LAK",C,49,585,297,288,50.8,494,240,254,57,35,22,34,22,12,240,122,118,153,78,75,192,97,95
"Nick Leddy",20102011,CHI,D,46,0,0,0,--,0,0,0,0,0,0,0,0,0,0,0,0,0,0,0,0,0,0
"Nick Leddy",20112012,CHI,D,82,0,0,0,--,0,0,0,0,0,0,0,0,0,0,0,0,0,0,0,0,0,0
"Nick Leddy",20122013,CHI,D,48,0,0,0,--,0,0,0,0,0,0,0,0,0,0,0,0,0,0,0,0,0,0
"Nick Leddy",20132014,CHI,D,82,0,0,0,--,0,0,0,0,0,0,0,0,0,0,0,0,0,0,0,0,0,0
"Nick Leddy",20142015,NYI,D,78,0,0,0,--,0,0,0,0,0,0,0,0,0,0,0,0,0,0,0,0,0,0
"Nick Leddy",20152016,NYI,D,81,0,0,0,--,0,0,0,0,0,0,0,0,0,0,0,0,0,0,0,0,0,0
"Nick Leddy",20162017,NYI,D,81,0,0,0,--,0,0,0,0,0,0,0,0,0,0,0,0,0,0,0,0,0,0
"Nick Leddy",20172018,NYI,D,80,0,0,0,--,0,0,0,0,0,0,0,0,0,0,0,0,0,0,0,0,0,0
"Nick Leddy",20182019,NYI,D,82,0,0,0,--,0,0,0,0,0,0,0,0,0,0,0,0,0,0,0,0,0,0
"Anders Lee",20122013,NYI,L,2,2,0,2,0,2,0,2,0,0,0,0,0,0,0,0,0,2,0,2,0,0,0
"Anders Lee",20132014,NYI,L,22,6,1,5,16.7,4,0,4,0,0,0,2,1,1,3,0,3,2,0,2,1,1,0
"Anders Lee",20142015,NYI,L,76,1,1,0,100,1,1,0,0,0,0,0,0,0,0,0,0,1,1,0,0,0,0
"Anders Lee",20152016,NYI,L,80,6,1,5,16.7,6,1,5,0,0,0,0,0,0,5,1,4,1,0,1,0,0,0
"Anders Lee",20162017,NYI,L,81,18,7,11,38.9,9,2,7,9,5,4,0,0,0,10,5,5,7,2,5,1,0,1
"Anders Lee",20172018,NYI,L,82,16,11,5,68.8,15,10,5,1,1,0,0,0,0,13,8,5,2,2,0,1,1,0
"Anders Lee",20182019,NYI,L,82,155,75,80,48.4,82,42,40,73,33,40,0,0,0,119,56,63,17,9,8,19,10,9
"Brian Lee",20092010,OTT,D,23,0,0,0,--,0,0,0,0,0,0,0,0,0,0,0,0,0,0,0,0,0,0
"Brian Lee",20102011,OTT,D,50,0,0,0,--,0,0,0,0,0,0,0,0,0,0,0,0,0,0,0,0,0,0
"Brian Lee",20112012,"OTT,TBL",D,55,0,0,0,--,0,0,0,0,0,0,0,0,0,0,0,0,0,0,0,0,0,0
"Brian Lee",20122013,TBL,D,22,0,0,0,--,0,0,0,0,0,0,0,0,0,0,0,0,0,0,0,0,0,0
"Guillaume Lefebvre",20092010,BOS,L,1,0,0,0,--,0,0,0,0,0,0,0,0,0,0,0,0,0,0,0,0,0,0
"David Legwand",20092010,NSH,C,82,"1,124",538,586,47.9,886,430,456,99,50,49,139,58,81,295,138,157,473,229,244,356,171,185
"David Legwand",20102011,NSH,C,64,837,395,442,47.2,701,330,371,59,31,28,77,34,43,245,118,127,337,159,178,255,118,137
"David Legwand",20112012,NSH,C,78,"1,109",512,597,46.2,909,405,504,118,73,45,82,34,48,363,175,188,408,197,211,338,140,198
"David Legwand",20122013,NSH,C,48,721,362,359,50.2,603,297,306,71,40,31,47,25,22,228,109,119,242,123,119,251,130,121
"David Legwand",20132014,"NSH,DET",C,83,"1,156",585,571,50.6,993,500,493,151,80,71,12,5,7,459,239,220,393,185,208,304,161,143
"David Legwand",20142015,OTT,C,80,968,451,517,46.6,698,336,362,106,56,50,164,59,105,290,127,163,277,127,150,401,197,204
"David Legwand",20152016,BUF,C,79,427,196,231,45.9,357,167,190,3,2,1,67,27,40,126,65,61,157,80,77,144,51,93
"Artturi Lehkonen",20162017,MTL,L,73,4,2,2,50,3,2,1,0,0,0,1,0,1,2,1,1,1,1,0,1,0,1
"Artturi Lehkonen",20172018,MTL,L,66,30,11,19,36.7,19,8,11,3,2,1,8,1,7,11,5,6,5,3,2,14,3,11
"Artturi Lehkonen",20182019,MTL,L,82,19,5,14,26.3,8,3,5,0,0,0,11,2,9,5,1,4,6,2,4,8,2,6
"Jori Lehtera",20142015,STL,C,75,"1,061",543,518,51.2,891,449,442,152,83,69,18,11,7,482,243,239,324,158,166,255,142,113
"Jori Lehtera",20152016,STL,C,79,969,485,484,50,850,414,436,93,60,33,26,11,15,385,206,179,340,167,173,244,112,132
"Jori Lehtera",20162017,STL,C,64,832,409,423,49.2,734,365,369,80,41,39,18,3,15,379,192,187,266,136,130,187,81,106
"Jori Lehtera",20172018,PHI,C,62,149,85,64,57,142,82,60,4,2,2,3,1,2,58,29,29,43,27,16,48,29,19
"Jori Lehtera",20182019,PHI,C,27,146,79,67,54.1,117,64,53,2,1,1,27,14,13,27,16,11,46,24,22,73,39,34
"Jere Lehtinen",20092010,DAL,R,58,11,2,9,18.2,3,2,1,0,0,0,8,0,8,3,2,1,5,0,5,3,0,3
"Mikko Lehtonen",20092010,BOS,R,1,0,0,0,--,0,0,0,0,0,0,0,0,0,0,0,0,0,0,0,0,0,0
"Taylor Leier",20152016,PHI,L,6,0,0,0,--,0,0,0,0,0,0,0,0,0,0,0,0,0,0,0,0,0,0
"Taylor Leier",20162017,PHI,L,10,1,0,1,0,1,0,1,0,0,0,0,0,0,1,0,1,0,0,0,0,0,0
"Taylor Leier",20172018,PHI,L,39,5,3,2,60,1,0,1,0,0,0,4,3,1,0,0,0,0,0,0,5,3,2
"Ville Leino",20092010,"DET,PHI",L,55,14,6,8,42.9,13,6,7,1,0,1,0,0,0,9,3,6,2,0,2,3,3,0
"Ville Leino",20102011,PHI,L,81,136,78,58,57.4,125,72,53,11,6,5,0,0,0,107,66,41,21,7,14,8,5,3
"Ville Leino",20112012,BUF,L,71,230,95,135,41.3,214,91,123,12,3,9,4,1,3,85,37,48,74,25,49,71,33,38
"Ville Leino",20122013,BUF,L,8,10,4,6,40,8,3,5,2,1,1,0,0,0,8,3,5,0,0,0,2,1,1
"Ville Leino",20132014,BUF,L,58,287,125,162,43.5,258,112,146,29,13,16,0,0,0,87,38,49,112,49,63,88,38,50
"Brendan Leipsic",20152016,TOR,L,6,3,2,1,66.7,2,1,1,1,1,0,0,0,0,1,1,0,2,1,1,0,0,0
"Brendan Leipsic",20172018,"VGK,VAN",L,58,14,8,6,57.1,10,5,5,4,3,1,0,0,0,10,5,5,2,2,0,2,1,1
"Brendan Leipsic",20182019,"VAN,LAK",L,62,13,7,6,53.9,10,5,5,3,2,1,0,0,0,10,5,5,1,1,0,2,1,1
"Josh Leivo",20132014,TOR,L,7,1,0,1,0,1,0,1,0,0,0,0,0,0,1,0,1,0,0,0,0,0,0
"Josh Leivo",20142015,TOR,L,9,2,0,2,0,2,0,2,0,0,0,0,0,0,1,0,1,0,0,0,1,0,1
"Josh Leivo",20152016,TOR,L,12,2,1,1,50,2,1,1,0,0,0,0,0,0,1,0,1,0,0,0,1,1,0
"Josh Leivo",20162017,TOR,L,13,2,1,1,50,2,1,1,0,0,0,0,0,0,1,1,0,1,0,1,0,0,0
"Josh Leivo",20172018,TOR,L,16,9,6,3,66.7,9,6,3,0,0,0,0,0,0,4,2,2,3,3,0,2,1,1
"Josh Leivo",20182019,"TOR,VAN",L,76,41,15,26,36.6,16,7,9,25,8,17,0,0,0,30,8,22,8,5,3,3,2,1
"Brendan Lemieux",20172018,WPG,L,9,0,0,0,--,0,0,0,0,0,0,0,0,0,0,0,0,0,0,0,0,0,0
"Brendan Lemieux",20182019,"WPG,NYR",L,63,20,7,13,35,20,7,13,0,0,0,0,0,0,8,4,4,8,2,6,4,1,3
"Jordan Leopold",20092010,"FLA,PIT",D,81,0,0,0,--,0,0,0,0,0,0,0,0,0,0,0,0,0,0,0,0,0,0
"Jordan Leopold",20102011,BUF,D,71,0,0,0,--,0,0,0,0,0,0,0,0,0,0,0,0,0,0,0,0,0,0
"Jordan Leopold",20112012,BUF,D,79,0,0,0,--,0,0,0,0,0,0,0,0,0,0,0,0,0,0,0,0,0,0
"Jordan Leopold",20122013,"BUF,STL",D,39,0,0,0,--,0,0,0,0,0,0,0,0,0,0,0,0,0,0,0,0,0,0
"Jordan Leopold",20132014,STL,D,27,0,0,0,--,0,0,0,0,0,0,0,0,0,0,0,0,0,0,0,0,0,0
"Jordan Leopold",20142015,"STL,CBJ,MIN",D,43,0,0,0,--,0,0,0,0,0,0,0,0,0,0,0,0,0,0,0,0,0,0
"Sami Lepisto",20092010,PHX,D,66,1,1,0,100,1,1,0,0,0,0,0,0,0,1,1,0,0,0,0,0,0,0
"Sami Lepisto",20102011,"PHX,CBJ",D,70,1,1,0,100,0,0,0,0,0,0,1,1,0,0,0,0,0,0,0,1,1,0
"Sami Lepisto",20112012,CHI,D,26,0,0,0,--,0,0,0,0,0,0,0,0,0,0,0,0,0,0,0,0,0,0
"Bryan Lerg",20142015,SJS,C,2,4,4,0,100,4,4,0,0,0,0,0,0,0,1,1,0,2,2,0,1,1,0
"Bryan Lerg",20152016,SJS,C,6,33,17,16,51.5,30,16,14,0,0,0,3,1,2,3,0,3,15,9,6,15,8,7
"Brett Lernout",20152016,MTL,D,1,0,0,0,--,0,0,0,0,0,0,0,0,0,0,0,0,0,0,0,0,0,0
"Brett Lernout",20162017,MTL,D,2,0,0,0,--,0,0,0,0,0,0,0,0,0,0,0,0,0,0,0,0,0,0
"Brett Lernout",20172018,MTL,D,18,0,0,0,--,0,0,0,0,0,0,0,0,0,0,0,0,0,0,0,0,0,0
"Francis Lessard",20102011,OTT,R,24,1,1,0,100,1,1,0,0,0,0,0,0,0,0,0,0,1,1,0,0,0,0
"Lucas Lessio",20132014,PHX,L,3,0,0,0,--,0,0,0,0,0,0,0,0,0,0,0,0,0,0,0,0,0,0
"Lucas Lessio",20142015,ARI,L,26,2,0,2,0,2,0,2,0,0,0,0,0,0,2,0,2,0,0,0,0,0,0
"Lucas Lessio",20152016,MTL,L,12,2,0,2,0,2,0,2,0,0,0,0,0,0,1,0,1,1,0,1,0,0,0
"Kris Letang",20092010,PIT,D,73,0,0,0,--,0,0,0,0,0,0,0,0,0,0,0,0,0,0,0,0,0,0
"Kris Letang",20102011,PIT,D,82,1,1,0,100,1,1,0,0,0,0,0,0,0,0,0,0,0,0,0,1,1,0
"Kris Letang",20112012,PIT,D,51,0,0,0,--,0,0,0,0,0,0,0,0,0,0,0,0,0,0,0,0,0,0
"Kris Letang",20122013,PIT,D,35,0,0,0,--,0,0,0,0,0,0,0,0,0,0,0,0,0,0,0,0,0,0
"Kris Letang",20132014,PIT,D,37,0,0,0,--,0,0,0,0,0,0,0,0,0,0,0,0,0,0,0,0,0,0
"Kris Letang",20142015,PIT,D,69,1,0,1,0,0,0,0,0,0,0,1,0,1,0,0,0,0,0,0,1,0,1
"Kris Letang",20152016,PIT,D,71,0,0,0,--,0,0,0,0,0,0,0,0,0,0,0,0,0,0,0,0,0,0
"Kris Letang",20162017,PIT,D,41,0,0,0,--,0,0,0,0,0,0,0,0,0,0,0,0,0,0,0,0,0,0
"Kris Letang",20172018,PIT,D,79,1,0,1,0,1,0,1,0,0,0,0,0,0,0,0,0,1,0,1,0,0,0
"Kris Letang",20182019,PIT,D,65,0,0,0,--,0,0,0,0,0,0,0,0,0,0,0,0,0,0,0,0,0,0
"Mark Letestu",20092010,PIT,C,10,74,41,33,55.4,69,36,33,5,5,0,0,0,0,27,16,11,28,18,10,19,7,12
"Mark Letestu",20102011,PIT,C,64,734,407,327,55.5,630,355,275,99,51,48,5,1,4,281,145,136,281,161,120,172,101,71
"Mark Letestu",20112012,"PIT,CBJ",C,62,722,375,347,51.9,564,301,263,105,57,48,53,17,36,257,143,114,239,121,118,226,111,115
"Mark Letestu",20122013,CBJ,C,46,487,244,243,50.1,380,192,188,24,16,8,83,36,47,150,76,74,147,73,74,190,95,95
"Mark Letestu",20132014,CBJ,C,82,730,374,356,51.2,551,295,256,44,26,18,135,53,82,227,117,110,220,120,100,283,137,146
"Mark Letestu",20142015,CBJ,C,54,603,319,284,52.9,496,274,222,14,6,8,93,39,54,157,77,80,188,108,80,258,134,124
"Mark Letestu",20152016,EDM,C,82,"1,162",596,566,51.3,787,414,373,147,76,71,228,106,122,313,165,148,312,171,141,537,260,277
"Mark Letestu",20162017,EDM,C,78,896,452,444,50.5,614,310,304,109,62,47,173,80,93,249,133,116,159,80,79,488,239,249
"Mark Letestu",20172018,"EDM,CBJ",C,80,887,473,414,53.3,636,342,294,81,47,34,170,84,86,242,133,109,217,119,98,428,221,207
"Mark Letestu",20182019,CBJ,C,2,6,5,1,83.3,5,4,1,1,1,0,0,0,0,2,1,1,4,4,0,0,0,0
"Pierre-Luc Letourneau-Leblond",20092010,NJD,R,27,2,1,1,50,2,1,1,0,0,0,0,0,0,2,1,1,0,0,0,0,0,0
"Pierre-Luc Letourneau-Leblond",20102011,NJD,R,2,0,0,0,--,0,0,0,0,0,0,0,0,0,0,0,0,0,0,0,0,0,0
"Pierre-Luc Letourneau-Leblond",20112012,CGY,R,3,0,0,0,--,0,0,0,0,0,0,0,0,0,0,0,0,0,0,0,0,0,0
"Pierre-Luc Letourneau-Leblond",20132014,PIT,R,1,0,0,0,--,0,0,0,0,0,0,0,0,0,0,0,0,0,0,0,0,0,0
"Vinni Lettieri",20172018,NYR,R,19,12,5,7,41.7,12,5,7,0,0,0,0,0,0,2,1,1,4,2,2,6,2,4
"Vinni Lettieri",20182019,NYR,R,27,13,7,6,53.9,12,6,6,1,1,0,0,0,0,8,4,4,1,0,1,4,3,1
"Tyler Lewington",20182019,WSH,D,2,0,0,0,--,0,0,0,0,0,0,0,0,0,0,0,0,0,0,0,0,0,0
"Trevor Lewis",20092010,LAK,C,5,5,0,5,0,5,0,5,0,0,0,0,0,0,3,0,3,2,0,2,0,0,0
"Trevor Lewis",20102011,LAK,C,72,385,151,234,39.2,353,139,214,5,3,2,27,9,18,128,48,80,164,67,97,93,36,57
"Trevor Lewis",20112012,LAK,C,72,199,87,112,43.7,173,78,95,8,3,5,18,6,12,75,29,46,55,22,33,69,36,33
"Trevor Lewis",20122013,LAK,C,48,64,31,33,48.4,47,23,24,10,6,4,7,2,5,32,16,16,12,6,6,20,9,11
"Trevor Lewis",20132014,LAK,C,73,262,127,135,48.5,230,111,119,9,3,6,23,13,10,95,40,55,92,48,44,75,39,36
"Trevor Lewis",20142015,LAK,C,73,177,76,101,42.9,158,68,90,8,3,5,11,5,6,61,22,39,77,31,46,39,23,16
"Trevor Lewis",20152016,LAK,C,75,257,103,154,40.1,199,82,117,16,10,6,42,11,31,94,29,65,92,51,41,71,23,48
"Trevor Lewis",20162017,LAK,C,82,110,44,66,40,92,36,56,10,5,5,8,3,5,48,22,26,42,15,27,20,7,13
"Trevor Lewis",20172018,LAK,C,68,109,47,62,43.1,89,36,53,10,5,5,10,6,4,56,17,39,25,14,11,28,16,12
"Trevor Lewis",20182019,LAK,C,44,124,57,67,46,115,53,62,2,1,1,7,3,4,39,13,26,41,22,19,44,22,22
"Mike Liambas",20162017,NSH,L,1,0,0,0,--,0,0,0,0,0,0,0,0,0,0,0,0,0,0,0,0,0,0
"Mike Liambas",20172018,ANA,L,7,2,0,2,0,2,0,2,0,0,0,0,0,0,2,0,2,0,0,0,0,0,0
"Nicklas Lidstrom",20092010,DET,D,82,0,0,0,--,0,0,0,0,0,0,0,0,0,0,0,0,0,0,0,0,0,0
"Nicklas Lidstrom",20102011,DET,D,82,0,0,0,--,0,0,0,0,0,0,0,0,0,0,0,0,0,0,0,0,0,0
"Nicklas Lidstrom",20112012,DET,D,70,0,0,0,--,0,0,0,0,0,0,0,0,0,0,0,0,0,0,0,0,0,0
"David Liffiton",20102011,COL,D,4,0,0,0,--,0,0,0,0,0,0,0,0,0,0,0,0,0,0,0,0,0,0
"John-Michael Liles",20092010,COL,D,59,0,0,0,--,0,0,0,0,0,0,0,0,0,0,0,0,0,0,0,0,0,0
"John-Michael Liles",20102011,COL,D,76,0,0,0,--,0,0,0,0,0,0,0,0,0,0,0,0,0,0,0,0,0,0
"John-Michael Liles",20112012,TOR,D,66,0,0,0,--,0,0,0,0,0,0,0,0,0,0,0,0,0,0,0,0,0,0
"John-Michael Liles",20122013,TOR,D,32,1,0,1,0,1,0,1,0,0,0,0,0,0,0,0,0,1,0,1,0,0,0
"John-Michael Liles",20132014,"TOR,CAR",D,41,1,1,0,100,1,1,0,0,0,0,0,0,0,1,1,0,0,0,0,0,0,0
"John-Michael Liles",20142015,CAR,D,57,0,0,0,--,0,0,0,0,0,0,0,0,0,0,0,0,0,0,0,0,0,0
"John-Michael Liles",20152016,"CAR,BOS",D,81,0,0,0,--,0,0,0,0,0,0,0,0,0,0,0,0,0,0,0,0,0,0
"John-Michael Liles",20162017,BOS,D,36,2,2,0,100,2,2,0,0,0,0,0,0,0,1,1,0,0,0,0,1,1,0
"Andreas Lilja",20092010,DET,D,20,0,0,0,--,0,0,0,0,0,0,0,0,0,0,0,0,0,0,0,0,0,0
"Andreas Lilja",20102011,ANA,D,52,0,0,0,--,0,0,0,0,0,0,0,0,0,0,0,0,0,0,0,0,0,0
"Andreas Lilja",20112012,PHI,D,46,0,0,0,--,0,0,0,0,0,0,0,0,0,0,0,0,0,0,0,0,0,0
"Andreas Lilja",20122013,PHI,D,4,0,0,0,--,0,0,0,0,0,0,0,0,0,0,0,0,0,0,0,0,0,0
"Oscar Lindberg",20142015,NYR,L,1,5,2,3,40,5,2,3,0,0,0,0,0,0,1,0,1,4,2,2,0,0,0
"Oscar Lindberg",20152016,NYR,L,68,277,134,143,48.4,251,120,131,25,14,11,1,0,1,131,65,66,96,38,58,50,31,19
"Oscar Lindberg",20162017,NYR,L,65,575,299,276,52,546,284,262,15,9,6,14,6,8,149,83,66,219,108,111,207,108,99
"Oscar Lindberg",20172018,VGK,L,63,187,99,88,52.9,171,90,81,3,2,1,13,7,6,67,35,32,67,35,32,53,29,24
"Oscar Lindberg",20182019,"VGK,OTT",L,55,223,101,122,45.3,217,98,119,2,1,1,4,2,2,49,17,32,80,39,41,94,45,49
"Tobias Lindberg",20152016,TOR,R,6,3,0,3,0,2,0,2,0,0,0,1,0,1,1,0,1,2,0,2,0,0,0
"Matt Lindblad",20132014,BOS,C,2,2,2,0,100,2,2,0,0,0,0,0,0,0,0,0,0,2,2,0,0,0,0
"Matt Lindblad",20142015,BOS,C,2,5,0,5,0,5,0,5,0,0,0,0,0,0,4,0,4,1,0,1,0,0,0
"Oskar Lindblom",20172018,PHI,L,23,0,0,0,--,0,0,0,0,0,0,0,0,0,0,0,0,0,0,0,0,0,0
"Oskar Lindblom",20182019,PHI,L,81,10,3,7,30,8,3,5,1,0,1,1,0,1,2,0,2,7,2,5,1,1,0
"Petteri Lindbohm",20142015,STL,D,23,0,0,0,--,0,0,0,0,0,0,0,0,0,0,0,0,0,0,0,0,0,0
"Petteri Lindbohm",20152016,STL,D,10,0,0,0,--,0,0,0,0,0,0,0,0,0,0,0,0,0,0,0,0,0,0
"Petteri Lindbohm",20162017,STL,D,7,0,0,0,--,0,0,0,0,0,0,0,0,0,0,0,0,0,0,0,0,0,0
"Esa Lindell",20152016,DAL,D,4,0,0,0,--,0,0,0,0,0,0,0,0,0,0,0,0,0,0,0,0,0,0
"Esa Lindell",20162017,DAL,D,73,1,0,1,0,1,0,1,0,0,0,0,0,0,0,0,0,0,0,0,1,0,1
"Esa Lindell",20172018,DAL,D,80,0,0,0,--,0,0,0,0,0,0,0,0,0,0,0,0,0,0,0,0,0,0
"Esa Lindell",20182019,DAL,D,82,0,0,0,--,0,0,0,0,0,0,0,0,0,0,0,0,0,0,0,0,0,0
"Perttu Lindgren",20092010,DAL,C,1,5,2,3,40,3,1,2,2,1,1,0,0,0,0,0,0,2,2,0,3,0,3
"Ryan Lindgren",20182019,NYR,D,5,0,0,0,--,0,0,0,0,0,0,0,0,0,0,0,0,0,0,0,0,0,0
"Anton Lindholm",20162017,COL,D,12,0,0,0,--,0,0,0,0,0,0,0,0,0,0,0,0,0,0,0,0,0,0
"Anton Lindholm",20172018,COL,D,48,0,0,0,--,0,0,0,0,0,0,0,0,0,0,0,0,0,0,0,0,0,0
"Anton Lindholm",20182019,COL,D,2,0,0,0,--,0,0,0,0,0,0,0,0,0,0,0,0,0,0,0,0,0,0
"Elias Lindholm",20132014,CAR,C,58,229,106,123,46.3,174,74,100,51,32,19,4,0,4,122,65,57,70,29,41,37,12,25
"Elias Lindholm",20142015,CAR,C,81,220,115,105,52.3,153,75,78,67,40,27,0,0,0,133,70,63,43,25,18,44,20,24
"Elias Lindholm",20152016,CAR,C,82,434,213,221,49.1,309,143,166,100,61,39,25,9,16,236,126,110,77,35,42,121,52,69
"Elias Lindholm",20162017,CAR,C,72,635,353,282,55.6,505,274,231,76,49,27,54,30,24,270,145,125,137,86,51,228,122,106
"Elias Lindholm",20172018,CAR,C,81,793,432,361,54.5,623,331,292,98,61,37,72,40,32,304,165,139,243,130,113,246,137,109
"Elias Lindholm",20182019,CGY,C,81,937,509,428,54.3,658,372,286,145,80,65,134,57,77,357,194,163,259,141,118,321,174,147
"Hampus Lindholm",20132014,ANA,D,78,1,0,1,0,1,0,1,0,0,0,0,0,0,1,0,1,0,0,0,0,0,0
"Hampus Lindholm",20142015,ANA,D,78,5,0,5,0,3,0,3,0,0,0,2,0,2,1,0,1,2,0,2,2,0,2
"Hampus Lindholm",20152016,ANA,D,80,0,0,0,--,0,0,0,0,0,0,0,0,0,0,0,0,0,0,0,0,0,0
"Hampus Lindholm",20162017,ANA,D,66,2,2,0,100,1,1,0,1,1,0,0,0,0,1,1,0,1,1,0,0,0,0
"Hampus Lindholm",20172018,ANA,D,69,0,0,0,--,0,0,0,0,0,0,0,0,0,0,0,0,0,0,0,0,0,0
"Hampus Lindholm",20182019,ANA,D,76,0,0,0,--,0,0,0,0,0,0,0,0,0,0,0,0,0,0,0,0,0,0
"Par Lindholm",20182019,"TOR,WPG",C,65,407,204,203,50.1,275,141,134,6,2,4,126,61,65,60,36,24,119,64,55,228,104,124
"Joakim Lindstrom",20112012,COL,C,16,5,2,3,40,4,1,3,1,1,0,0,0,0,1,0,1,3,1,2,1,1,0
"Joakim Lindstrom",20142015,"STL,TOR",C,53,23,7,16,30.4,23,7,16,0,0,0,0,0,0,12,2,10,6,2,4,5,3,2
"Charles Linglet",20092010,EDM,L,5,1,0,1,0,1,0,1,0,0,0,0,0,0,0,0,0,0,0,0,1,0,1
"JC Lipon",20152016,WPG,R,9,0,0,0,--,0,0,0,0,0,0,0,0,0,0,0,0,0,0,0,0,0,0
"Enver Lisin",20092010,NYR,R,57,3,2,1,66.7,3,2,1,0,0,0,0,0,0,2,2,0,2,1,1,0,0,0
"Bryan Little",20092010,ATL,C,79,154,68,86,44.2,103,48,55,48,20,28,3,0,3,88,37,51,24,14,10,42,17,25
"Bryan Little",20102011,ATL,C,76,"1,331",616,715,46.3,"1,008",471,537,158,84,74,165,61,104,448,218,230,453,201,252,430,197,233
"Bryan Little",20112012,WPG,C,74,"1,479",733,746,49.6,"1,133",558,575,209,108,101,137,67,70,564,265,299,474,245,229,441,223,218
"Bryan Little",20122013,WPG,C,48,842,431,411,51.2,642,330,312,113,57,56,87,44,43,262,127,135,282,151,131,298,153,145
"Bryan Little",20132014,WPG,C,82,"1,653",785,868,47.5,"1,190",560,630,199,105,94,264,120,144,487,230,257,590,281,309,576,274,302
"Bryan Little",20142015,WPG,C,70,"1,551",762,789,49.1,"1,169",576,593,194,108,86,188,78,110,545,265,280,516,273,243,490,224,266
"Bryan Little",20152016,WPG,C,57,"1,314",674,640,51.3,937,473,464,190,117,73,187,84,103,479,258,221,393,200,193,442,216,226
"Bryan Little",20162017,WPG,C,59,"1,097",610,487,55.6,868,496,372,147,85,62,82,29,53,400,229,171,349,203,146,348,178,170
"Bryan Little",20172018,WPG,C,82,"1,306",732,574,56,"1,050",584,466,153,94,59,103,54,49,472,261,211,386,211,175,448,260,188
"Bryan Little",20182019,WPG,C,82,"1,002",526,476,52.5,824,438,386,91,49,42,87,39,48,370,186,184,311,169,142,321,171,150
"Blake Lizotte",20182019,LAK,C,1,8,4,4,50,8,4,4,0,0,0,0,0,0,4,3,1,2,1,1,2,0,2
"Corey Locke",20092010,NYR,C,3,7,1,6,14.3,7,1,6,0,0,0,0,0,0,4,0,4,3,1,2,0,0,0
"Corey Locke",20102011,OTT,C,5,32,7,25,21.9,29,6,23,3,1,2,0,0,0,13,1,12,16,5,11,3,1,2
"Andrei Loktionov",20092010,LAK,C,1,8,1,7,12.5,8,1,7,0,0,0,0,0,0,6,1,5,1,0,1,1,0,1
"Andrei Loktionov",20102011,LAK,C,19,55,23,32,41.8,46,19,27,9,4,5,0,0,0,24,9,15,18,8,10,13,6,7
"Andrei Loktionov",20112012,LAK,C,39,149,64,85,43,140,60,80,8,3,5,1,1,0,50,20,30,76,35,41,23,9,14
"Andrei Loktionov",20122013,NJD,C,28,206,80,126,38.8,194,74,120,10,6,4,2,0,2,73,27,46,87,39,48,46,14,32
"Andrei Loktionov",20132014,"NJD,CAR",C,68,369,154,215,41.7,335,140,195,30,14,16,4,0,4,144,59,85,163,71,92,62,24,38
"Matthew Lombardi",20092010,PHX,C,78,910,452,458,49.7,689,331,358,177,97,80,44,24,20,357,181,176,329,146,183,222,124,98
"Matthew Lombardi",20102011,NSH,C,2,29,16,13,55.2,26,14,12,2,1,1,1,1,0,7,3,4,11,5,6,11,8,3
"Matthew Lombardi",20112012,TOR,C,62,306,151,155,49.4,264,132,132,19,9,10,23,10,13,100,49,51,119,58,61,87,44,43
"Matthew Lombardi",20122013,"PHX,ANA",C,28,236,105,131,44.5,204,95,109,26,9,17,6,1,5,98,41,57,90,40,50,48,24,24
"Ryan Lomberg",20172018,CGY,L,7,2,0,2,0,2,0,2,0,0,0,0,0,0,2,0,2,0,0,0,0,0,0
"Ryan Lomberg",20182019,CGY,L,4,0,0,0,--,0,0,0,0,0,0,0,0,0,0,0,0,0,0,0,0,0,0
"Viktor Loov",20152016,TOR,D,4,0,0,0,--,0,0,0,0,0,0,0,0,0,0,0,0,0,0,0,0,0,0
"Matt Lorito",20162017,DET,R,2,0,0,0,--,0,0,0,0,0,0,0,0,0,0,0,0,0,0,0,0,0,0
"Ben Lovejoy",20092010,PIT,D,12,0,0,0,--,0,0,0,0,0,0,0,0,0,0,0,0,0,0,0,0,0,0
"Ben Lovejoy",20102011,PIT,D,47,0,0,0,--,0,0,0,0,0,0,0,0,0,0,0,0,0,0,0,0,0,0
"Ben Lovejoy",20112012,PIT,D,34,0,0,0,--,0,0,0,0,0,0,0,0,0,0,0,0,0,0,0,0,0,0
"Ben Lovejoy",20122013,"PIT,ANA",D,35,0,0,0,--,0,0,0,0,0,0,0,0,0,0,0,0,0,0,0,0,0,0
"Ben Lovejoy",20132014,ANA,D,78,0,0,0,--,0,0,0,0,0,0,0,0,0,0,0,0,0,0,0,0,0,0
"Ben Lovejoy",20142015,"ANA,PIT",D,60,0,0,0,--,0,0,0,0,0,0,0,0,0,0,0,0,0,0,0,0,0,0
"Ben Lovejoy",20152016,PIT,D,66,0,0,0,--,0,0,0,0,0,0,0,0,0,0,0,0,0,0,0,0,0,0
"Ben Lovejoy",20162017,NJD,D,82,0,0,0,--,0,0,0,0,0,0,0,0,0,0,0,0,0,0,0,0,0,0
"Ben Lovejoy",20172018,NJD,D,57,0,0,0,--,0,0,0,0,0,0,0,0,0,0,0,0,0,0,0,0,0,0
"Ben Lovejoy",20182019,"NJD,DAL",D,71,0,0,0,--,0,0,0,0,0,0,0,0,0,0,0,0,0,0,0,0,0,0
"Keegan Lowe",20142015,CAR,D,2,0,0,0,--,0,0,0,0,0,0,0,0,0,0,0,0,0,0,0,0,0,0
"Keegan Lowe",20172018,EDM,D,2,0,0,0,--,0,0,0,0,0,0,0,0,0,0,0,0,0,0,0,0,0,0
"Adam Lowry",20142015,WPG,C,80,851,402,449,47.2,786,369,417,25,15,10,40,18,22,258,125,133,352,171,181,241,106,135
"Adam Lowry",20152016,WPG,C,74,845,391,454,46.3,673,314,359,7,4,3,165,73,92,156,81,75,297,135,162,392,175,217
"Adam Lowry",20162017,WPG,C,82,"1,295",658,637,50.8,950,487,463,79,43,36,266,128,138,293,150,143,410,215,195,592,293,299
"Adam Lowry",20172018,WPG,C,45,671,375,296,55.9,533,314,219,43,19,24,95,42,53,161,84,77,241,150,91,269,141,128
"Adam Lowry",20182019,WPG,C,78,"1,116",643,473,57.6,856,505,351,16,11,5,244,127,117,220,126,94,398,232,166,498,285,213
"Milan Lucic",20092010,BOS,L,50,14,3,11,21.4,14,3,11,0,0,0,0,0,0,5,1,4,6,2,4,3,0,3
"Milan Lucic",20102011,BOS,L,79,54,21,33,38.9,44,16,28,10,5,5,0,0,0,24,11,13,14,4,10,16,6,10
"Milan Lucic",20112012,BOS,L,81,30,14,16,46.7,23,13,10,7,1,6,0,0,0,17,7,10,10,6,4,3,1,2
"Milan Lucic",20122013,BOS,L,46,35,17,18,48.6,24,8,16,11,9,2,0,0,0,14,7,7,12,6,6,9,4,5
"Milan Lucic",20132014,BOS,L,80,131,61,70,46.6,53,19,34,77,41,36,1,1,0,97,50,47,17,4,13,17,7,10
"Milan Lucic",20142015,BOS,L,81,76,34,42,44.7,29,14,15,47,20,27,0,0,0,46,19,27,21,10,11,9,5,4
"Milan Lucic",20152016,LAK,L,81,20,7,13,35,10,2,8,10,5,5,0,0,0,17,6,11,1,0,1,2,1,1
"Milan Lucic",20162017,EDM,L,82,7,4,3,57.1,6,4,2,0,0,0,1,0,1,5,4,1,1,0,1,1,0,1
"Milan Lucic",20172018,EDM,L,82,52,29,23,55.8,46,25,21,6,4,2,0,0,0,31,17,14,9,6,3,12,6,6
"Milan Lucic",20182019,EDM,L,79,45,25,20,55.5,35,19,16,10,6,4,0,0,0,25,18,7,9,4,5,11,3,8
"Matt Luff",20182019,LAK,R,33,4,1,3,25,4,1,3,0,0,0,0,0,0,3,1,2,0,0,0,1,0,1
"Brad Lukowich",20092010,VAN,D,13,0,0,0,--,0,0,0,0,0,0,0,0,0,0,0,0,0,0,0,0,0,0
"Brad Lukowich",20102011,DAL,D,5,0,0,0,--,0,0,0,0,0,0,0,0,0,0,0,0,0,0,0,0,0,0
"Isac Lundestrom",20182019,ANA,C,15,64,21,43,32.8,61,21,40,2,0,2,1,0,1,20,5,15,20,9,11,24,7,17
"Mike Lundin",20092010,TBL,D,49,0,0,0,--,0,0,0,0,0,0,0,0,0,0,0,0,0,0,0,0,0,0
"Mike Lundin",20102011,TBL,D,69,0,0,0,--,0,0,0,0,0,0,0,0,0,0,0,0,0,0,0,0,0,0
"Mike Lundin",20112012,MIN,D,17,0,0,0,--,0,0,0,0,0,0,0,0,0,0,0,0,0,0,0,0,0,0
"Mike Lundin",20122013,OTT,D,11,0,0,0,--,0,0,0,0,0,0,0,0,0,0,0,0,0,0,0,0,0,0
"Jamie Lundmark",20092010,"CGY,TOR",C,36,92,45,47,48.9,74,35,39,18,10,8,0,0,0,52,25,27,15,8,7,25,12,13
"Joffrey Lupul",20092010,ANA,L,23,5,1,4,20,4,1,3,1,0,1,0,0,0,3,0,3,0,0,0,2,1,1
"Joffrey Lupul",20102011,"ANA,TOR",L,54,32,12,20,37.5,18,8,10,14,4,10,0,0,0,22,9,13,3,2,1,7,1,6
"Joffrey Lupul",20112012,TOR,L,66,58,21,37,36.2,39,9,30,19,12,7,0,0,0,37,16,21,14,5,9,7,0,7
"Joffrey Lupul",20122013,TOR,L,16,8,3,5,37.5,5,2,3,3,1,2,0,0,0,4,1,3,3,2,1,1,0,1
"Joffrey Lupul",20132014,TOR,L,69,55,24,31,43.6,27,11,16,28,13,15,0,0,0,37,17,20,10,3,7,8,4,4
"Joffrey Lupul",20142015,TOR,L,55,6,4,2,66.7,4,2,2,2,2,0,0,0,0,4,2,2,2,2,0,0,0,0
"Joffrey Lupul",20152016,TOR,L,46,4,0,4,0,3,0,3,0,0,0,1,0,1,3,0,3,0,0,0,1,0,1
"Toni Lydman",20092010,BUF,D,67,0,0,0,--,0,0,0,0,0,0,0,0,0,0,0,0,0,0,0,0,0,0
"Toni Lydman",20102011,ANA,D,78,0,0,0,--,0,0,0,0,0,0,0,0,0,0,0,0,0,0,0,0,0,0
"Toni Lydman",20112012,ANA,D,74,0,0,0,--,0,0,0,0,0,0,0,0,0,0,0,0,0,0,0,0,0,0
"Toni Lydman",20122013,ANA,D,35,0,0,0,--,0,0,0,0,0,0,0,0,0,0,0,0,0,0,0,0,0,0
"Roman Lyubimov",20162017,PHI,L,47,7,1,6,14.3,4,1,3,1,0,1,2,0,2,4,0,4,3,1,2,0,0,0
"Ilya Lyubushkin",20182019,ARI,D,41,0,0,0,--,0,0,0,0,0,0,0,0,0,0,0,0,0,0,0,0,0,0
"Olli Maatta",20132014,PIT,D,78,0,0,0,--,0,0,0,0,0,0,0,0,0,0,0,0,0,0,0,0,0,0
"Olli Maatta",20142015,PIT,D,20,0,0,0,--,0,0,0,0,0,0,0,0,0,0,0,0,0,0,0,0,0,0
"Olli Maatta",20152016,PIT,D,67,0,0,0,--,0,0,0,0,0,0,0,0,0,0,0,0,0,0,0,0,0,0
"Olli Maatta",20162017,PIT,D,55,0,0,0,--,0,0,0,0,0,0,0,0,0,0,0,0,0,0,0,0,0,0
"Olli Maatta",20172018,PIT,D,82,0,0,0,--,0,0,0,0,0,0,0,0,0,0,0,0,0,0,0,0,0,0
"Olli Maatta",20182019,PIT,D,60,0,0,0,--,0,0,0,0,0,0,0,0,0,0,0,0,0,0,0,0,0,0
"Clarke MacArthur",20092010,"BUF,ATL",L,81,153,67,86,43.8,138,59,79,11,5,6,4,3,1,55,26,29,59,25,34,39,16,23
"Clarke MacArthur",20102011,TOR,L,82,16,9,7,56.3,11,6,5,5,3,2,0,0,0,8,4,4,3,2,1,5,3,2
"Clarke MacArthur",20112012,TOR,L,73,11,5,6,45.5,7,3,4,4,2,2,0,0,0,5,3,2,3,0,3,3,2,1
"Clarke MacArthur",20122013,TOR,L,40,6,5,1,83.3,6,5,1,0,0,0,0,0,0,1,1,0,1,1,0,4,3,1
"Clarke MacArthur",20132014,OTT,L,79,32,15,17,46.9,21,9,12,6,3,3,5,3,2,16,9,7,5,1,4,11,5,6
"Clarke MacArthur",20142015,OTT,L,62,22,8,14,36.4,20,8,12,2,0,2,0,0,0,19,6,13,1,1,0,2,1,1
"Clarke MacArthur",20152016,OTT,L,4,1,0,1,0,0,0,0,1,0,1,0,0,0,1,0,1,0,0,0,0,0,0
"Clarke MacArthur",20162017,OTT,L,4,1,0,1,0,1,0,1,0,0,0,0,0,0,1,0,1,0,0,0,0,0,0
"Kurtis MacDermid",20172018,LAK,D,34,0,0,0,--,0,0,0,0,0,0,0,0,0,0,0,0,0,0,0,0,0,0
"Kurtis MacDermid",20182019,LAK,D,11,0,0,0,--,0,0,0,0,0,0,0,0,0,0,0,0,0,0,0,0,0,0
"Lane MacDermid",20112012,BOS,L,5,0,0,0,--,0,0,0,0,0,0,0,0,0,0,0,0,0,0,0,0,0,0
"Lane MacDermid",20122013,"BOS,DAL",L,9,0,0,0,--,0,0,0,0,0,0,0,0,0,0,0,0,0,0,0,0,0,0
"Lane MacDermid",20132014,"DAL,CGY",L,7,2,1,1,50,2,1,1,0,0,0,0,0,0,1,1,0,1,0,1,0,0,0
"Andrew MacDonald",20092010,NYI,D,46,1,0,1,0,0,0,0,0,0,0,1,0,1,0,0,0,0,0,0,1,0,1
"Andrew MacDonald",20102011,NYI,D,60,0,0,0,--,0,0,0,0,0,0,0,0,0,0,0,0,0,0,0,0,0,0
"Andrew MacDonald",20112012,NYI,D,75,0,0,0,--,0,0,0,0,0,0,0,0,0,0,0,0,0,0,0,0,0,0
"Andrew MacDonald",20122013,NYI,D,48,0,0,0,--,0,0,0,0,0,0,0,0,0,0,0,0,0,0,0,0,0,0
"Andrew MacDonald",20132014,"NYI,PHI",D,82,0,0,0,--,0,0,0,0,0,0,0,0,0,0,0,0,0,0,0,0,0,0
"Andrew MacDonald",20142015,PHI,D,58,0,0,0,--,0,0,0,0,0,0,0,0,0,0,0,0,0,0,0,0,0,0
"Andrew MacDonald",20152016,PHI,D,28,0,0,0,--,0,0,0,0,0,0,0,0,0,0,0,0,0,0,0,0,0,0
"Andrew MacDonald",20162017,PHI,D,73,0,0,0,--,0,0,0,0,0,0,0,0,0,0,0,0,0,0,0,0,0,0
"Andrew MacDonald",20172018,PHI,D,66,0,0,0,--,0,0,0,0,0,0,0,0,0,0,0,0,0,0,0,0,0,0
"Andrew MacDonald",20182019,PHI,D,47,0,0,0,--,0,0,0,0,0,0,0,0,0,0,0,0,0,0,0,0,0,0
"Jacob MacDonald",20182019,FLA,D,2,0,0,0,--,0,0,0,0,0,0,0,0,0,0,0,0,0,0,0,0,0,0
"Mackenzie MacEachern",20182019,STL,L,29,0,0,0,--,0,0,0,0,0,0,0,0,0,0,0,0,0,0,0,0,0,0
"Maxime Macenauer",20112012,ANA,C,29,227,113,114,49.8,179,92,87,1,1,0,47,20,27,63,33,30,77,36,41,87,44,43
"Zack MacEwen",20182019,VAN,C,4,1,0,1,0,1,0,1,0,0,0,0,0,0,1,0,1,0,0,0,0,0,0
"Spencer Machacek",20102011,ATL,R,10,0,0,0,--,0,0,0,0,0,0,0,0,0,0,0,0,0,0,0,0,0,0
"Spencer Machacek",20112012,WPG,R,13,1,1,0,100,1,1,0,0,0,0,0,0,0,1,1,0,0,0,0,0,0,0
"Ray Macias",20102011,COL,D,2,0,0,0,--,0,0,0,0,0,0,0,0,0,0,0,0,0,0,0,0,0,0
"Steve MacIntyre",20092010,"EDM,FLA",L,22,0,0,0,--,0,0,0,0,0,0,0,0,0,0,0,0,0,0,0,0,0,0
"Steve MacIntyre",20102011,EDM,L,34,0,0,0,--,0,0,0,0,0,0,0,0,0,0,0,0,0,0,0,0,0,0
"Steve MacIntyre",20112012,PIT,L,12,0,0,0,--,0,0,0,0,0,0,0,0,0,0,0,0,0,0,0,0,0,0
"Steve MacIntyre",20122013,PIT,L,1,0,0,0,--,0,0,0,0,0,0,0,0,0,0,0,0,0,0,0,0,0,0
"Derek MacKenzie",20092010,CBJ,C,18,104,57,47,54.8,93,48,45,1,1,0,10,8,2,31,15,16,35,21,14,35,20,15
"Derek MacKenzie",20102011,CBJ,C,63,473,246,227,52,390,203,187,23,11,12,60,32,28,180,91,89,159,88,71,134,67,67
"Derek MacKenzie",20112012,CBJ,C,66,429,234,195,54.5,376,207,169,6,4,2,47,23,24,110,54,56,167,96,71,152,84,68
"Derek MacKenzie",20122013,CBJ,C,43,323,192,131,59.4,264,161,103,4,4,0,55,27,28,72,39,33,99,66,33,152,87,65
"Derek MacKenzie",20132014,CBJ,C,71,497,256,241,51.5,382,210,172,9,5,4,106,41,65,123,75,48,155,77,78,219,104,115
"Derek MacKenzie",20142015,FLA,C,82,"1,022",543,479,53.1,754,416,338,19,7,12,249,120,129,260,129,131,286,153,133,476,261,215
"Derek MacKenzie",20152016,FLA,C,64,801,439,362,54.8,546,306,240,18,8,10,237,125,112,207,120,87,197,105,92,397,214,183
"Derek MacKenzie",20162017,FLA,C,82,772,386,386,50,569,298,271,9,7,2,194,81,113,135,74,61,235,120,115,402,192,210
"Derek MacKenzie",20172018,FLA,C,75,605,315,290,52.1,444,247,197,5,4,1,156,64,92,144,66,78,187,102,85,274,147,127
"Derek MacKenzie",20182019,FLA,C,1,3,2,1,66.7,3,2,1,0,0,0,0,0,0,1,1,0,2,1,1,0,0,0
"Nathan MacKinnon",20132014,COL,C,82,452,194,258,42.9,410,171,239,40,22,18,2,1,1,179,75,104,165,71,94,108,48,60
"Nathan MacKinnon",20142015,COL,C,64,428,201,227,47,369,168,201,59,33,26,0,0,0,167,78,89,140,64,76,121,59,62
"Nathan MacKinnon",20152016,COL,C,72,"1,047",507,540,48.4,868,420,448,136,68,68,43,19,24,386,183,203,384,183,201,277,141,136
"Nathan MacKinnon",20162017,COL,C,82,"1,521",769,752,50.6,"1,194",589,605,166,102,64,161,78,83,444,254,190,561,268,293,516,247,269
"Nathan MacKinnon",20172018,COL,C,74,"1,157",485,672,41.9,985,401,584,143,73,70,29,11,18,333,155,178,481,184,297,343,146,197
"Nathan MacKinnon",20182019,COL,C,82,"1,183",517,666,43.7,"1,057",455,602,112,56,56,14,6,8,404,193,211,502,202,300,277,122,155
"Brett MacLean",20102011,PHX,L,13,2,1,1,50,2,1,1,0,0,0,0,0,0,1,0,1,0,0,0,1,1,0
"Brett MacLean",20112012,WPG,L,5,0,0,0,--,0,0,0,0,0,0,0,0,0,0,0,0,0,0,0,0,0,0
"Andrew MacWilliam",20142015,TOR,D,12,1,0,1,0,1,0,1,0,0,0,0,0,0,0,0,0,0,0,0,1,0,1
"John Madden",20092010,CHI,C,79,"1,156",613,543,53,875,476,399,42,26,16,239,111,128,267,140,127,353,202,151,532,268,264
"John Madden",20102011,MIN,C,76,988,504,484,51,840,435,405,28,17,11,120,52,68,204,112,92,371,187,184,413,205,208
"John Madden",20112012,FLA,C,31,313,155,158,49.5,275,134,141,3,0,3,35,21,14,72,34,38,115,62,53,126,59,67
"Saku Maenalanen",20182019,CAR,R,34,21,6,15,28.6,17,5,12,1,0,1,3,1,2,5,1,4,14,4,10,2,1,1
"Olivier Magnan",20102011,NJD,D,18,1,0,1,0,1,0,1,0,0,0,0,0,0,1,0,1,0,0,0,0,0,0
"Josh Mahura",20182019,ANA,D,17,0,0,0,--,0,0,0,0,0,0,0,0,0,0,0,0,0,0,0,0,0,0
"Adam Mair",20092010,BUF,C,69,178,93,85,52.3,173,90,83,2,1,1,3,2,1,56,27,29,75,46,29,47,20,27
"Adam Mair",20102011,NJD,C,65,112,57,55,50.9,104,53,51,0,0,0,8,4,4,37,18,19,43,22,21,32,17,15
"Denis Malgin",20162017,FLA,C,47,184,67,117,36.4,179,66,113,5,1,4,0,0,0,54,14,40,91,37,54,39,16,23
"Denis Malgin",20172018,FLA,C,51,122,52,70,42.6,108,47,61,14,5,9,0,0,0,50,21,29,44,21,23,28,10,18
"Denis Malgin",20182019,FLA,C,50,92,36,56,39.1,87,32,55,2,2,0,3,2,1,38,17,21,36,16,20,18,3,15
"Manny Malhotra",20092010,SJS,C,71,664,415,249,62.5,469,289,180,71,45,26,124,81,43,189,116,73,207,125,82,266,171,95
"Manny Malhotra",20102011,VAN,C,72,"1,261",778,483,61.7,950,588,362,66,45,21,245,145,100,202,123,79,411,237,174,648,418,230
"Manny Malhotra",20112012,VAN,C,78,916,536,380,58.5,653,396,257,13,8,5,250,132,118,80,39,41,223,126,97,613,371,242
"Manny Malhotra",20122013,VAN,C,9,98,64,34,65.3,62,44,18,1,0,1,35,20,15,15,8,7,20,14,6,63,42,21
"Manny Malhotra",20132014,CAR,C,69,952,566,386,59.5,733,440,293,8,5,3,211,121,90,125,83,42,197,112,85,630,371,259
"Manny Malhotra",20142015,MTL,C,58,906,537,369,59.3,690,411,279,5,2,3,211,124,87,109,66,43,150,91,59,647,380,267
"Evgeni Malkin",20092010,PIT,C,67,498,199,299,40,470,186,284,19,11,8,9,2,7,182,72,110,215,89,126,95,37,58
"Evgeni Malkin",20102011,PIT,C,43,200,77,123,38.5,181,68,113,17,8,9,2,1,1,71,22,49,99,44,55,30,11,19
"Evgeni Malkin",20112012,PIT,C,75,"1,210",575,635,47.5,950,437,513,255,136,119,5,2,3,587,278,309,416,196,220,207,101,106
"Evgeni Malkin",20122013,PIT,C,31,413,195,218,47.2,367,174,193,43,18,25,3,3,0,170,73,97,157,77,80,86,45,41
"Evgeni Malkin",20132014,PIT,C,60,621,303,318,48.8,614,297,317,5,4,1,2,2,0,242,106,136,239,127,112,140,70,70
"Evgeni Malkin",20142015,PIT,C,69,755,322,433,42.6,738,318,420,14,3,11,3,1,2,274,118,156,287,122,165,194,82,112
"Evgeni Malkin",20152016,PIT,C,57,755,317,438,42,734,310,424,15,6,9,6,1,5,335,160,175,272,106,166,148,51,97
"Evgeni Malkin",20162017,PIT,C,62,846,365,481,43.1,827,353,474,19,12,7,0,0,0,375,176,199,317,132,185,154,57,97
"Evgeni Malkin",20172018,PIT,C,78,"1,052",460,592,43.7,"1,030",450,580,21,10,11,1,0,1,446,212,234,376,151,225,230,97,133
"Evgeni Malkin",20182019,PIT,C,68,834,381,453,45.7,811,374,437,22,7,15,1,0,1,326,160,166,323,141,182,185,80,105
"Brad Malone",20112012,COL,C,9,8,1,7,12.5,8,1,7,0,0,0,0,0,0,1,0,1,5,0,5,2,1,1
"Brad Malone",20122013,COL,C,13,46,22,24,47.8,43,20,23,0,0,0,3,2,1,19,9,10,17,7,10,10,6,4
"Brad Malone",20132014,COL,C,32,96,45,51,46.9,95,45,50,1,0,1,0,0,0,52,23,29,27,11,16,17,11,6
"Brad Malone",20142015,CAR,C,65,49,30,19,61.2,46,28,18,1,0,1,2,2,0,23,14,9,14,8,6,12,8,4
"Brad Malone",20152016,CAR,C,57,62,40,22,64.5,43,32,11,3,0,3,16,8,8,20,13,7,18,11,7,24,16,8
"Brad Malone",20172018,EDM,C,7,31,21,10,67.7,28,19,9,2,1,1,1,1,0,10,7,3,10,8,2,11,6,5
"Brad Malone",20182019,EDM,C,16,72,32,40,44.4,65,29,36,1,1,0,6,2,4,12,5,7,21,9,12,39,18,21
"Ryan Malone",20092010,TBL,L,69,97,38,59,39.2,35,14,21,28,12,16,34,12,22,41,12,29,24,11,13,31,14,17
"Ryan Malone",20102011,TBL,L,54,143,56,87,39.2,86,31,55,47,22,25,10,3,7,78,29,49,42,19,23,23,8,15
"Ryan Malone",20112012,TBL,L,68,79,29,50,36.7,63,21,42,12,6,6,4,2,2,29,7,22,31,14,17,19,8,11
"Ryan Malone",20122013,TBL,L,24,23,9,14,39.1,12,4,8,9,5,4,2,0,2,9,3,6,7,3,4,7,3,4
"Ryan Malone",20132014,TBL,L,57,7,2,5,28.6,6,2,4,1,0,1,0,0,0,4,2,2,3,0,3,0,0,0
"Ryan Malone",20142015,NYR,L,6,1,1,0,100,0,0,0,1,1,0,0,0,0,0,0,0,1,1,0,0,0,0
"Sean Malone",20162017,BUF,C,1,8,5,3,62.5,8,5,3,0,0,0,0,0,0,3,2,1,3,2,1,2,1,1
"Kirk Maltby",20092010,DET,L,52,13,7,6,53.9,12,6,6,0,0,0,1,1,0,6,2,4,4,3,1,3,2,1
"Maxim Mamin",20172018,FLA,C,26,1,0,1,0,1,0,1,0,0,0,0,0,0,0,0,0,1,0,1,0,0,0
"Maxim Mamin",20182019,FLA,C,7,1,0,1,0,0,0,0,1,0,1,0,0,0,0,0,0,1,0,1,0,0,0
"Mark Mancari",20092010,BUF,R,6,3,0,3,0,0,0,0,3,0,3,0,0,0,3,0,3,0,0,0,0,0,0
"Mark Mancari",20102011,BUF,R,20,6,3,3,50,6,3,3,0,0,0,0,0,0,1,0,1,2,1,1,3,2,1
"Mark Mancari",20112012,VAN,R,6,2,0,2,0,2,0,2,0,0,0,0,0,0,0,0,0,2,0,2,0,0,0
"Andrew Mangiapane",20172018,CGY,L,10,1,1,0,100,1,1,0,0,0,0,0,0,0,0,0,0,1,1,0,0,0,0
"Andrew Mangiapane",20182019,CGY,L,44,9,6,3,66.7,9,6,3,0,0,0,0,0,0,2,1,1,6,4,2,1,1,0
"Brandon Manning",20112012,PHI,D,4,0,0,0,--,0,0,0,0,0,0,0,0,0,0,0,0,0,0,0,0,0,0
"Brandon Manning",20122013,PHI,D,6,0,0,0,--,0,0,0,0,0,0,0,0,0,0,0,0,0,0,0,0,0,0
"Brandon Manning",20142015,PHI,D,11,0,0,0,--,0,0,0,0,0,0,0,0,0,0,0,0,0,0,0,0,0,0
"Brandon Manning",20152016,PHI,D,56,1,0,1,0,1,0,1,0,0,0,0,0,0,0,0,0,1,0,1,0,0,0
"Brandon Manning",20162017,PHI,D,65,1,0,1,0,0,0,0,0,0,0,1,0,1,0,0,0,0,0,0,1,0,1
"Brandon Manning",20172018,PHI,D,65,0,0,0,--,0,0,0,0,0,0,0,0,0,0,0,0,0,0,0,0,0,0
"Brandon Manning",20182019,"CHI,EDM",D,39,0,0,0,--,0,0,0,0,0,0,0,0,0,0,0,0,0,0,0,0,0,0
"Josh Manson",20142015,ANA,D,28,0,0,0,--,0,0,0,0,0,0,0,0,0,0,0,0,0,0,0,0,0,0
"Josh Manson",20152016,ANA,D,71,0,0,0,--,0,0,0,0,0,0,0,0,0,0,0,0,0,0,0,0,0,0
"Josh Manson",20162017,ANA,D,82,0,0,0,--,0,0,0,0,0,0,0,0,0,0,0,0,0,0,0,0,0,0
"Josh Manson",20172018,ANA,D,80,1,0,1,0,0,0,0,0,0,0,1,0,1,0,0,0,0,0,0,1,0,1
"Josh Manson",20182019,ANA,D,74,0,0,0,--,0,0,0,0,0,0,0,0,0,0,0,0,0,0,0,0,0,0
"Anthony Mantha",20152016,DET,R,10,0,0,0,--,0,0,0,0,0,0,0,0,0,0,0,0,0,0,0,0,0,0
"Anthony Mantha",20162017,DET,R,60,11,5,6,45.5,10,5,5,1,0,1,0,0,0,6,2,4,3,2,1,2,1,1
"Anthony Mantha",20172018,DET,R,80,52,17,35,32.7,47,14,33,5,3,2,0,0,0,31,12,19,11,2,9,10,3,7
"Anthony Mantha",20182019,DET,R,67,50,22,28,44,43,19,24,7,3,4,0,0,0,39,17,22,5,2,3,6,3,3
"Paul Mara",20092010,MTL,D,42,0,0,0,--,0,0,0,0,0,0,0,0,0,0,0,0,0,0,0,0,0,0
"Paul Mara",20102011,"ANA,MTL",D,53,0,0,0,--,0,0,0,0,0,0,0,0,0,0,0,0,0,0,0,0,0,0
"Brad Marchand",20092010,BOS,L,20,11,3,8,27.3,10,2,8,0,0,0,1,1,0,3,1,2,3,0,3,5,2,3
"Brad Marchand",20102011,BOS,L,77,25,8,17,32,12,6,6,0,0,0,13,2,11,5,2,3,5,0,5,15,6,9
"Brad Marchand",20112012,BOS,L,76,9,5,4,55.5,7,4,3,0,0,0,2,1,1,1,0,1,5,3,2,3,2,1
"Brad Marchand",20122013,BOS,L,45,12,6,6,50,9,5,4,1,0,1,2,1,1,5,3,2,3,1,2,4,2,2
"Brad Marchand",20132014,BOS,L,82,23,6,17,26.1,21,5,16,1,1,0,1,0,1,10,3,7,6,2,4,7,1,6
"Brad Marchand",20142015,BOS,L,77,33,13,20,39.4,20,7,13,11,5,6,2,1,1,25,8,17,2,2,0,6,3,3
"Brad Marchand",20152016,BOS,L,77,56,21,35,37.5,20,6,14,32,13,19,4,2,2,37,16,21,8,3,5,11,2,9
"Brad Marchand",20162017,BOS,L,80,36,13,23,36.1,31,10,21,4,3,1,1,0,1,26,9,17,4,3,1,6,1,5
"Brad Marchand",20172018,BOS,L,68,126,50,76,39.7,89,36,53,28,13,15,9,1,8,88,35,53,13,6,7,25,9,16
"Brad Marchand",20182019,BOS,L,79,105,45,60,42.9,79,32,47,19,12,7,7,1,6,59,28,31,15,5,10,31,12,19
"Todd Marchant",20092010,ANA,C,78,569,284,285,49.9,440,228,212,9,2,7,120,54,66,114,57,57,201,109,92,252,116,136
"Todd Marchant",20102011,ANA,C,79,548,263,285,48,376,189,187,4,2,2,168,72,96,101,44,57,193,93,100,254,126,128
"Alexey Marchenko",20132014,DET,D,1,0,0,0,--,0,0,0,0,0,0,0,0,0,0,0,0,0,0,0,0,0,0
"Alexey Marchenko",20142015,DET,D,13,0,0,0,--,0,0,0,0,0,0,0,0,0,0,0,0,0,0,0,0,0,0
"Alexey Marchenko",20152016,DET,D,66,0,0,0,--,0,0,0,0,0,0,0,0,0,0,0,0,0,0,0,0,0,0
"Alexey Marchenko",20162017,"DET,TOR",D,41,0,0,0,--,0,0,0,0,0,0,0,0,0,0,0,0,0,0,0,0,0,0
"Jonathan Marchessault",20122013,CBJ,C,2,0,0,0,--,0,0,0,0,0,0,0,0,0,0,0,0,0,0,0,0,0,0
"Jonathan Marchessault",20142015,TBL,C,2,3,1,2,33.3,2,1,1,1,0,1,0,0,0,1,0,1,0,0,0,2,1,1
"Jonathan Marchessault",20152016,TBL,C,45,79,38,41,48.1,35,22,13,44,16,28,0,0,0,49,25,24,16,5,11,14,8,6
"Jonathan Marchessault",20162017,FLA,C,75,270,122,148,45.2,183,86,97,82,32,50,5,4,1,165,76,89,52,24,28,53,22,31
"Jonathan Marchessault",20172018,VGK,C,77,607,264,343,43.5,553,230,323,52,33,19,2,1,1,266,112,154,220,97,123,121,55,66
"Jonathan Marchessault",20182019,VGK,C,82,247,92,155,37.3,215,79,136,31,12,19,1,1,0,131,52,79,80,25,55,36,15,21
"Martin Marincin",20132014,EDM,D,44,0,0,0,--,0,0,0,0,0,0,0,0,0,0,0,0,0,0,0,0,0,0
"Martin Marincin",20142015,EDM,D,41,1,1,0,100,1,1,0,0,0,0,0,0,0,1,1,0,0,0,0,0,0,0
"Martin Marincin",20152016,TOR,D,65,0,0,0,--,0,0,0,0,0,0,0,0,0,0,0,0,0,0,0,0,0,0
"Martin Marincin",20162017,TOR,D,25,0,0,0,--,0,0,0,0,0,0,0,0,0,0,0,0,0,0,0,0,0,0
"Martin Marincin",20172018,TOR,D,2,0,0,0,--,0,0,0,0,0,0,0,0,0,0,0,0,0,0,0,0,0,0
"Martin Marincin",20182019,TOR,D,24,1,0,1,0,0,0,0,0,0,0,1,0,1,0,0,0,0,0,0,1,0,1
"Andrei Markov",20092010,MTL,D,45,0,0,0,--,0,0,0,0,0,0,0,0,0,0,0,0,0,0,0,0,0,0
"Andrei Markov",20102011,MTL,D,7,0,0,0,--,0,0,0,0,0,0,0,0,0,0,0,0,0,0,0,0,0,0
"Andrei Markov",20112012,MTL,D,13,0,0,0,--,0,0,0,0,0,0,0,0,0,0,0,0,0,0,0,0,0,0
"Andrei Markov",20122013,MTL,D,48,0,0,0,--,0,0,0,0,0,0,0,0,0,0,0,0,0,0,0,0,0,0
"Andrei Markov",20132014,MTL,D,81,0,0,0,--,0,0,0,0,0,0,0,0,0,0,0,0,0,0,0,0,0,0
"Andrei Markov",20142015,MTL,D,81,0,0,0,--,0,0,0,0,0,0,0,0,0,0,0,0,0,0,0,0,0,0
"Andrei Markov",20152016,MTL,D,82,0,0,0,--,0,0,0,0,0,0,0,0,0,0,0,0,0,0,0,0,0,0
"Andrei Markov",20162017,MTL,D,62,0,0,0,--,0,0,0,0,0,0,0,0,0,0,0,0,0,0,0,0,0,0
"Patrick Marleau",20092010,SJS,C,82,615,316,299,51.4,428,232,196,50,25,25,137,59,78,173,90,83,194,97,97,248,129,119
"Patrick Marleau",20102011,SJS,C,82,549,288,261,52.5,356,181,175,53,35,18,140,72,68,149,74,75,146,88,58,254,126,128
"Patrick Marleau",20112012,SJS,C,82,467,243,224,52,358,184,174,38,18,20,71,41,30,158,82,76,145,74,71,164,87,77
"Patrick Marleau",20122013,SJS,C,48,150,71,79,47.3,91,43,48,14,7,7,45,21,24,44,20,24,45,23,22,61,28,33
"Patrick Marleau",20132014,SJS,C,82,308,163,145,52.9,235,132,103,10,6,4,63,25,38,72,41,31,108,60,48,128,62,66
"Patrick Marleau",20142015,SJS,C,82,356,171,185,48,291,139,152,31,16,15,34,16,18,144,66,78,99,54,45,113,51,62
"Patrick Marleau",20152016,SJS,C,82,525,267,258,50.9,443,218,225,31,22,9,51,27,24,166,97,69,177,79,98,182,91,91
"Patrick Marleau",20162017,SJS,C,82,215,115,100,53.5,186,96,90,26,17,9,3,2,1,105,58,47,67,36,31,43,21,22
"Patrick Marleau",20172018,TOR,C,82,301,157,144,52.2,262,140,122,26,13,13,13,4,9,118,56,62,85,38,47,98,63,35
"Patrick Marleau",20182019,TOR,C,82,203,104,99,51.2,155,81,74,46,21,25,2,2,0,97,43,54,47,25,22,59,36,23
"Mitchell Marner",20162017,TOR,R,77,37,14,23,37.8,28,10,18,8,4,4,1,0,1,23,8,15,8,3,5,6,3,3
"Mitchell Marner",20172018,TOR,R,82,95,50,45,52.6,90,46,44,5,4,1,0,0,0,53,26,27,18,9,9,24,15,9
"Mitchell Marner",20182019,TOR,R,82,11,7,4,63.6,5,2,3,0,0,0,6,5,1,6,2,4,2,2,0,3,3,0
"Cooper Marody",20182019,EDM,C,6,26,9,17,34.6,25,9,16,1,0,1,0,0,0,12,5,7,9,3,6,5,1,4
"Pat Maroon",20112012,ANA,L,2,0,0,0,--,0,0,0,0,0,0,0,0,0,0,0,0,0,0,0,0,0,0
"Pat Maroon",20122013,ANA,L,13,14,4,10,28.6,14,4,10,0,0,0,0,0,0,7,1,6,4,2,2,3,1,2
"Pat Maroon",20132014,ANA,L,62,15,7,8,46.7,14,7,7,0,0,0,1,0,1,11,5,6,1,1,0,3,1,2
"Pat Maroon",20142015,ANA,L,71,21,7,14,33.3,15,4,11,6,3,3,0,0,0,13,5,8,6,1,5,2,1,1
"Pat Maroon",20152016,"ANA,EDM",L,72,53,17,36,32.1,50,15,35,3,2,1,0,0,0,49,15,34,4,2,2,0,0,0
"Pat Maroon",20162017,EDM,L,81,15,6,9,40,15,6,9,0,0,0,0,0,0,14,6,8,1,0,1,0,0,0
"Pat Maroon",20172018,"EDM,NJD",L,74,24,11,13,45.8,23,11,12,0,0,0,1,0,1,13,6,7,7,2,5,4,3,1
"Pat Maroon",20182019,STL,L,74,5,2,3,40,5,2,3,0,0,0,0,0,0,4,1,3,1,1,0,0,0,0
"Kevin Marshall",20112012,"PHI,WSH",D,10,0,0,0,--,0,0,0,0,0,0,0,0,0,0,0,0,0,0,0,0,0,0
"Danick Martel",20172018,PHI,L,4,0,0,0,--,0,0,0,0,0,0,0,0,0,0,0,0,0,0,0,0,0,0
"Danick Martel",20182019,TBL,L,9,2,1,1,50,2,1,1,0,0,0,0,0,0,0,0,0,2,1,1,0,0,0
"Matt Martin",20092010,NYI,L,5,0,0,0,--,0,0,0,0,0,0,0,0,0,0,0,0,0,0,0,0,0,0
"Matt Martin",20102011,NYI,L,68,27,10,17,37,22,9,13,1,0,1,4,1,3,13,7,6,5,0,5,9,3,6
"Matt Martin",20112012,NYI,L,80,23,10,13,43.5,19,9,10,1,0,1,3,1,2,8,5,3,7,3,4,8,2,6
"Matt Martin",20122013,NYI,L,48,18,6,12,33.3,15,6,9,0,0,0,3,0,3,9,4,5,0,0,0,9,2,7
"Matt Martin",20132014,NYI,L,79,9,3,6,33.3,7,2,5,0,0,0,2,1,1,3,1,2,2,1,1,4,1,3
"Matt Martin",20142015,NYI,L,78,10,5,5,50,10,5,5,0,0,0,0,0,0,2,1,1,4,1,3,4,3,1
"Matt Martin",20152016,NYI,L,80,4,1,3,25,4,1,3,0,0,0,0,0,0,3,1,2,0,0,0,1,0,1
"Matt Martin",20162017,TOR,L,82,11,0,11,0,8,0,8,0,0,0,3,0,3,4,0,4,6,0,6,1,0,1
"Matt Martin",20172018,TOR,L,50,16,12,4,75,14,10,4,2,2,0,0,0,0,3,2,1,8,7,1,5,3,2
"Matt Martin",20182019,NYI,L,67,15,6,9,40,15,6,9,0,0,0,0,0,0,5,2,3,8,2,6,2,2,0
"Paul Martin",20092010,NJD,D,22,0,0,0,--,0,0,0,0,0,0,0,0,0,0,0,0,0,0,0,0,0,0
"Paul Martin",20102011,PIT,D,77,0,0,0,--,0,0,0,0,0,0,0,0,0,0,0,0,0,0,0,0,0,0
"Todd Bertuzzi",20122013,DET,R,7,0,0,0,--,0,0,0,0,0,0,0,0,0,0,0,0,0,0,0,0,0,0
"Todd Bertuzzi",20132014,DET,R,59,18,9,9,50,17,9,8,1,0,1,0,0,0,10,5,5,7,4,3,1,0,1
"Tyler Bertuzzi",20162017,DET,L,7,2,1,1,50,2,1,1,0,0,0,0,0,0,1,0,1,1,1,0,0,0,0
"Tyler Bertuzzi",20172018,DET,L,48,8,1,7,12.5,7,1,6,0,0,0,1,0,1,2,1,1,2,0,2,4,0,4
"Tyler Bertuzzi",20182019,DET,L,73,30,10,20,33.3,25,9,16,5,1,4,0,0,0,17,6,11,6,1,5,7,3,4
"Blair Betts",20092010,PHI,C,63,855,435,420,50.9,570,307,263,12,7,5,273,121,152,137,70,67,301,163,138,411,196,215
"Blair Betts",20102011,PHI,C,75,817,411,406,50.3,483,256,227,5,3,2,329,152,177,88,46,42,278,134,144,451,231,220
"Stu Bickel",20112012,NYR,D,51,1,1,0,100,1,1,0,0,0,0,0,0,0,0,0,0,1,1,0,0,0,0
"Stu Bickel",20122013,NYR,D,16,0,0,0,--,0,0,0,0,0,0,0,0,0,0,0,0,0,0,0,0,0,0
"Stu Bickel",20142015,MIN,D,9,0,0,0,--,0,0,0,0,0,0,0,0,0,0,0,0,0,0,0,0,0,0
"Bryan Bickell",20092010,CHI,L,16,2,0,2,0,2,0,2,0,0,0,0,0,0,0,0,0,0,0,0,2,1,1
"Bryan Bickell",20102011,CHI,L,78,12,3,9,25,11,3,8,1,0,1,0,0,0,5,0,5,4,2,2,3,1,2
"Bryan Bickell",20112012,CHI,L,71,1,0,1,0,1,0,1,0,0,0,0,0,0,0,0,0,0,0,0,1,0,1
"Bryan Bickell",20122013,CHI,L,48,6,2,4,33.3,6,2,4,0,0,0,0,0,0,1,0,1,4,2,2,1,0,1
"Bryan Bickell",20132014,CHI,L,59,2,1,1,50,2,1,1,0,0,0,0,0,0,1,0,1,1,1,0,0,0,0
"Bryan Bickell",20142015,CHI,L,80,2,0,2,0,2,0,2,0,0,0,0,0,0,1,0,1,1,0,1,0,0,0
"Bryan Bickell",20152016,CHI,L,25,2,2,0,100,2,2,0,0,0,0,0,0,0,2,2,0,0,0,0,0,0,0
"Bryan Bickell",20162017,CAR,L,11,2,0,2,0,2,0,2,0,0,0,0,0,0,1,0,1,0,0,0,1,0,1
"Alex Biega",20142015,VAN,D,7,0,0,0,--,0,0,0,0,0,0,0,0,0,0,0,0,0,0,0,0,0,0
"Alex Biega",20152016,VAN,D,51,0,0,0,--,0,0,0,0,0,0,0,0,0,0,0,0,0,0,0,0,0,0
"Alex Biega",20162017,VAN,D,36,0,0,0,--,0,0,0,0,0,0,0,0,0,0,0,0,0,0,0,0,0,0
"Alex Biega",20172018,VAN,D,44,0,0,0,--,0,0,0,0,0,0,0,0,0,0,0,0,0,0,0,0,0,0
"Alex Biega",20182019,VAN,D,41,0,0,0,--,0,0,0,0,0,0,0,0,0,0,0,0,0,0,0,0,0,0
"Danny Biega",20142015,CAR,D,10,0,0,0,--,0,0,0,0,0,0,0,0,0,0,0,0,0,0,0,0,0,0
"Kevin Bieksa",20092010,VAN,D,55,0,0,0,--,0,0,0,0,0,0,0,0,0,0,0,0,0,0,0,0,0,0
"Kevin Bieksa",20102011,VAN,D,66,0,0,0,--,0,0,0,0,0,0,0,0,0,0,0,0,0,0,0,0,0,0
"Kevin Bieksa",20112012,VAN,D,78,1,0,1,0,0,0,0,1,0,1,0,0,0,0,0,0,1,0,1,0,0,0
"Kevin Bieksa",20122013,VAN,D,36,0,0,0,--,0,0,0,0,0,0,0,0,0,0,0,0,0,0,0,0,0,0
"Kevin Bieksa",20132014,VAN,D,76,1,1,0,100,1,1,0,0,0,0,0,0,0,0,0,0,1,1,0,0,0,0
"Kevin Bieksa",20142015,VAN,D,60,0,0,0,--,0,0,0,0,0,0,0,0,0,0,0,0,0,0,0,0,0,0
"Kevin Bieksa",20152016,ANA,D,71,0,0,0,--,0,0,0,0,0,0,0,0,0,0,0,0,0,0,0,0,0,0
"Kevin Bieksa",20162017,ANA,D,81,0,0,0,--,0,0,0,0,0,0,0,0,0,0,0,0,0,0,0,0,0,0
"Kevin Bieksa",20172018,ANA,D,59,0,0,0,--,0,0,0,0,0,0,0,0,0,0,0,0,0,0,0,0,0,0
"Chris Bigras",20152016,COL,D,31,0,0,0,--,0,0,0,0,0,0,0,0,0,0,0,0,0,0,0,0,0,0
"Chris Bigras",20172018,COL,D,15,0,0,0,--,0,0,0,0,0,0,0,0,0,0,0,0,0,0,0,0,0,0
"Chad Billins",20132014,CGY,D,10,0,0,0,--,0,0,0,0,0,0,0,0,0,0,0,0,0,0,0,0,0,0
"Clark Bishop",20182019,CAR,C,20,147,69,78,46.9,137,65,72,6,2,4,4,2,2,55,26,29,58,24,34,34,19,15
"Paul Bissonnette",20092010,PHX,L,41,0,0,0,--,0,0,0,0,0,0,0,0,0,0,0,0,0,0,0,0,0,0
"Paul Bissonnette",20102011,PHX,L,48,3,2,1,66.7,3,2,1,0,0,0,0,0,0,1,0,1,2,2,0,0,0,0
"Paul Bissonnette",20112012,PHX,L,31,1,0,1,0,1,0,1,0,0,0,0,0,0,1,0,1,0,0,0,0,0,0
"Paul Bissonnette",20122013,PHX,L,28,0,0,0,--,0,0,0,0,0,0,0,0,0,0,0,0,0,0,0,0,0,0
"Paul Bissonnette",20132014,PHX,L,39,3,1,2,33.3,3,1,2,0,0,0,0,0,0,0,0,0,2,1,1,1,0,1
"Anthony Bitetto",20142015,NSH,D,7,1,1,0,100,1,1,0,0,0,0,0,0,0,1,1,0,0,0,0,0,0,0
"Anthony Bitetto",20152016,NSH,D,28,0,0,0,--,0,0,0,0,0,0,0,0,0,0,0,0,0,0,0,0,0,0
"Anthony Bitetto",20162017,NSH,D,29,0,0,0,--,0,0,0,0,0,0,0,0,0,0,0,0,0,0,0,0,0,0
"Anthony Bitetto",20172018,NSH,D,32,0,0,0,--,0,0,0,0,0,0,0,0,0,0,0,0,0,0,0,0,0,0
"Anthony Bitetto",20182019,"NSH,MIN",D,36,0,0,0,--,0,0,0,0,0,0,0,0,0,0,0,0,0,0,0,0,0,0
"Byron Bitz",20092010,"BOS,FLA",R,52,18,7,11,38.9,17,7,10,0,0,0,1,0,1,5,3,2,6,2,4,7,2,5
"Byron Bitz",20112012,VAN,R,10,3,0,3,0,3,0,3,0,0,0,0,0,0,2,0,2,1,0,1,0,0,0
"Anders Bjork",20172018,BOS,L,30,2,1,1,50,2,1,1,0,0,0,0,0,0,2,1,1,0,0,0,0,0,0
"Anders Bjork",20182019,BOS,L,20,1,1,0,100,1,1,0,0,0,0,0,0,0,1,1,0,0,0,0,0,0,0
"Oliver Bjorkstrand",20152016,CBJ,R,12,0,0,0,--,0,0,0,0,0,0,0,0,0,0,0,0,0,0,0,0,0,0
"Oliver Bjorkstrand",20162017,CBJ,R,26,1,1,0,100,1,1,0,0,0,0,0,0,0,0,0,0,1,1,0,0,0,0
"Oliver Bjorkstrand",20172018,CBJ,R,82,8,1,7,12.5,7,1,6,1,0,1,0,0,0,5,1,4,2,0,2,1,0,1
"Oliver Bjorkstrand",20182019,CBJ,R,77,13,5,8,38.5,13,5,8,0,0,0,0,0,0,7,3,4,3,2,1,3,0,3
"Nick Bjugstad",20122013,FLA,C,11,132,53,79,40.1,120,46,74,10,6,4,2,1,1,46,19,27,55,21,34,31,13,18
"Nick Bjugstad",20132014,FLA,C,76,"1,123",549,574,48.9,946,459,487,144,79,65,33,11,22,390,186,204,414,195,219,319,168,151
"Nick Bjugstad",20142015,FLA,C,72,994,486,508,48.9,824,391,433,140,77,63,30,18,12,347,163,184,363,186,177,284,137,147
"Nick Bjugstad",20152016,FLA,C,67,868,449,419,51.7,758,380,378,99,62,37,11,7,4,258,146,112,327,153,174,283,150,133
"Nick Bjugstad",20162017,FLA,C,54,391,186,205,47.6,341,158,183,49,28,21,1,0,1,185,91,94,114,53,61,92,42,50
"Nick Bjugstad",20172018,FLA,C,82,298,152,146,51,200,96,104,97,56,41,1,0,1,147,77,70,74,36,38,77,39,38
"Nick Bjugstad",20182019,"FLA,PIT",C,64,530,262,268,49.4,470,229,241,57,31,26,3,2,1,192,101,91,185,89,96,153,72,81
"Jesse Blacker",20142015,ANA,D,1,0,0,0,--,0,0,0,0,0,0,0,0,0,0,0,0,0,0,0,0,0,0
"Colin Blackwell",20182019,NSH,C,6,29,13,16,44.8,28,13,15,1,0,1,0,0,0,19,6,13,2,1,1,8,6,2
"Sammy Blais",20172018,STL,L,11,0,0,0,--,0,0,0,0,0,0,0,0,0,0,0,0,0,0,0,0,0,0
"Sammy Blais",20182019,STL,L,32,2,1,1,50,2,1,1,0,0,0,0,0,0,0,0,0,0,0,0,2,1,1
"Jason Blake",20092010,"TOR,ANA",L,82,81,31,50,38.3,60,24,36,13,5,8,8,2,6,38,17,21,21,6,15,22,8,14
"Jason Blake",20102011,ANA,L,76,5,1,4,20,2,0,2,3,1,2,0,0,0,5,1,4,0,0,0,0,0,0
"Jason Blake",20112012,ANA,L,45,1,0,1,0,1,0,1,0,0,0,0,0,0,1,0,1,0,0,0,0,0,0
"Rob Blake",20092010,SJS,D,70,0,0,0,--,0,0,0,0,0,0,0,0,0,0,0,0,0,0,0,0,0,0
"Nicolas Blanchard",20122013,CAR,L,9,1,1,0,100,0,0,0,0,0,0,1,1,0,0,0,0,0,0,0,1,1,0
"Joseph Blandisi",20152016,NJD,C,41,33,11,22,33.3,31,10,21,2,1,1,0,0,0,13,6,7,16,4,12,4,1,3
"Joseph Blandisi",20162017,NJD,C,27,169,76,93,45,161,72,89,7,4,3,1,0,1,49,21,28,63,28,35,57,27,30
"Joseph Blandisi",20172018,ANA,C,3,0,0,0,--,0,0,0,0,0,0,0,0,0,0,0,0,0,0,0,0,0,0
"Joseph Blandisi",20182019,"ANA,PIT",C,9,0,0,0,--,0,0,0,0,0,0,0,0,0,0,0,0,0,0,0,0,0,0
"Anton Blidh",20162017,BOS,L,19,0,0,0,--,0,0,0,0,0,0,0,0,0,0,0,0,0,0,0,0,0,0
"Anton Blidh",20172018,BOS,L,1,0,0,0,--,0,0,0,0,0,0,0,0,0,0,0,0,0,0,0,0,0,0
"Anton Blidh",20182019,BOS,L,1,0,0,0,--,0,0,0,0,0,0,0,0,0,0,0,0,0,0,0,0,0,0
"Mario Bliznak",20092010,VAN,C,2,14,9,5,64.3,14,9,5,0,0,0,0,0,0,2,0,2,7,5,2,5,4,1
"Mario Bliznak",20102011,VAN,C,4,21,7,14,33.3,20,7,13,0,0,0,1,0,1,4,1,3,11,4,7,6,2,4
"Teddy Blueger",20182019,PIT,C,28,92,41,51,44.6,78,35,43,1,0,1,13,6,7,25,10,15,42,19,23,25,12,13
"Jonathon Blum",20102011,NSH,D,23,0,0,0,--,0,0,0,0,0,0,0,0,0,0,0,0,0,0,0,0,0,0
"Jonathon Blum",20112012,NSH,D,33,0,0,0,--,0,0,0,0,0,0,0,0,0,0,0,0,0,0,0,0,0,0
"Jonathon Blum",20122013,NSH,D,35,0,0,0,--,0,0,0,0,0,0,0,0,0,0,0,0,0,0,0,0,0,0
"Jonathon Blum",20132014,MIN,D,15,0,0,0,--,0,0,0,0,0,0,0,0,0,0,0,0,0,0,0,0,0,0
"Jonathon Blum",20142015,MIN,D,4,0,0,0,--,0,0,0,0,0,0,0,0,0,0,0,0,0,0,0,0,0,0
"Mike Blunden",20092010,CBJ,R,40,90,29,61,32.2,90,29,61,0,0,0,0,0,0,30,11,19,42,13,29,18,5,13
"Mike Blunden",20102011,CBJ,R,1,10,5,5,50,10,5,5,0,0,0,0,0,0,4,2,2,3,1,2,3,2,1
"Mike Blunden",20112012,MTL,R,39,5,2,3,40,5,2,3,0,0,0,0,0,0,1,0,1,2,2,0,2,0,2
"Mike Blunden",20122013,MTL,R,5,0,0,0,--,0,0,0,0,0,0,0,0,0,0,0,0,0,0,0,0,0,0
"Mike Blunden",20132014,MTL,R,7,0,0,0,--,0,0,0,0,0,0,0,0,0,0,0,0,0,0,0,0,0,0
"Mike Blunden",20142015,TBL,R,2,0,0,0,--,0,0,0,0,0,0,0,0,0,0,0,0,0,0,0,0,0,0
"Mike Blunden",20152016,TBL,R,20,0,0,0,--,0,0,0,0,0,0,0,0,0,0,0,0,0,0,0,0,0,0
"Mike Blunden",20162017,OTT,R,2,0,0,0,--,0,0,0,0,0,0,0,0,0,0,0,0,0,0,0,0,0,0
"Mike Blunden",20172018,OTT,R,1,0,0,0,--,0,0,0,0,0,0,0,0,0,0,0,0,0,0,0,0,0,0
"Brandon Bochenski",20092010,TBL,R,28,5,2,3,40,4,2,2,1,0,1,0,0,0,1,0,1,1,0,1,2,2,0
"Troy Bodie",20092010,ANA,R,44,1,0,1,0,1,0,1,0,0,0,0,0,0,0,0,0,1,0,1,0,0,0
"Troy Bodie",20102011,"ANA,CAR",R,59,1,0,1,0,1,0,1,0,0,0,0,0,0,0,0,0,0,0,0,1,0,1
"Troy Bodie",20132014,TOR,R,47,7,2,5,28.6,7,2,5,0,0,0,0,0,0,2,0,2,3,2,1,2,0,2
"Troy Bodie",20142015,TOR,R,5,0,0,0,--,0,0,0,0,0,0,0,0,0,0,0,0,0,0,0,0,0,0
"Paul Martin",20112012,PIT,D,73,0,0,0,--,0,0,0,0,0,0,0,0,0,0,0,0,0,0,0,0,0,0
"Paul Martin",20122013,PIT,D,34,0,0,0,--,0,0,0,0,0,0,0,0,0,0,0,0,0,0,0,0,0,0
"Paul Martin",20132014,PIT,D,39,0,0,0,--,0,0,0,0,0,0,0,0,0,0,0,0,0,0,0,0,0,0
"Paul Martin",20142015,PIT,D,74,0,0,0,--,0,0,0,0,0,0,0,0,0,0,0,0,0,0,0,0,0,0
"Paul Martin",20152016,SJS,D,78,0,0,0,--,0,0,0,0,0,0,0,0,0,0,0,0,0,0,0,0,0,0
"Paul Martin",20162017,SJS,D,81,0,0,0,--,0,0,0,0,0,0,0,0,0,0,0,0,0,0,0,0,0,0
"Paul Martin",20172018,SJS,D,14,0,0,0,--,0,0,0,0,0,0,0,0,0,0,0,0,0,0,0,0,0,0
"Radek Martinek",20092010,NYI,D,16,0,0,0,--,0,0,0,0,0,0,0,0,0,0,0,0,0,0,0,0,0,0
"Radek Martinek",20102011,NYI,D,64,0,0,0,--,0,0,0,0,0,0,0,0,0,0,0,0,0,0,0,0,0,0
"Radek Martinek",20112012,CBJ,D,7,0,0,0,--,0,0,0,0,0,0,0,0,0,0,0,0,0,0,0,0,0,0
"Radek Martinek",20122013,NYI,D,13,0,0,0,--,0,0,0,0,0,0,0,0,0,0,0,0,0,0,0,0,0,0
"Radek Martinek",20132014,NYI,D,13,0,0,0,--,0,0,0,0,0,0,0,0,0,0,0,0,0,0,0,0,0,0
"Alec Martinez",20092010,LAK,D,4,0,0,0,--,0,0,0,0,0,0,0,0,0,0,0,0,0,0,0,0,0,0
"Alec Martinez",20102011,LAK,D,60,0,0,0,--,0,0,0,0,0,0,0,0,0,0,0,0,0,0,0,0,0,0
"Alec Martinez",20112012,LAK,D,51,1,0,1,0,1,0,1,0,0,0,0,0,0,1,0,1,0,0,0,0,0,0
"Alec Martinez",20122013,LAK,D,27,0,0,0,--,0,0,0,0,0,0,0,0,0,0,0,0,0,0,0,0,0,0
"Alec Martinez",20132014,LAK,D,61,0,0,0,--,0,0,0,0,0,0,0,0,0,0,0,0,0,0,0,0,0,0
"Alec Martinez",20142015,LAK,D,56,0,0,0,--,0,0,0,0,0,0,0,0,0,0,0,0,0,0,0,0,0,0
"Alec Martinez",20152016,LAK,D,78,0,0,0,--,0,0,0,0,0,0,0,0,0,0,0,0,0,0,0,0,0,0
"Alec Martinez",20162017,LAK,D,82,1,0,1,0,0,0,0,0,0,0,1,0,1,0,0,0,0,0,0,1,0,1
"Alec Martinez",20172018,LAK,D,77,1,0,1,0,1,0,1,0,0,0,0,0,0,0,0,0,0,0,0,1,0,1
"Alec Martinez",20182019,LAK,D,60,0,0,0,--,0,0,0,0,0,0,0,0,0,0,0,0,0,0,0,0,0,0
"Jordan Martinook",20142015,ARI,L,8,1,1,0,100,1,1,0,0,0,0,0,0,0,0,0,0,1,1,0,0,0,0
"Jordan Martinook",20152016,ARI,L,81,33,18,15,54.5,18,13,5,8,3,5,7,2,5,12,4,8,12,10,2,9,4,5
"Jordan Martinook",20162017,ARI,L,77,"1,037",460,577,44.4,824,368,456,31,15,16,182,77,105,231,98,133,337,135,202,469,227,242
"Jordan Martinook",20172018,ARI,L,81,107,39,68,36.5,76,29,47,2,0,2,29,10,19,26,12,14,27,9,18,54,18,36
"Jordan Martinook",20182019,CAR,L,82,341,150,191,44,252,119,133,8,3,5,81,28,53,118,51,67,101,56,45,122,43,79
"Andreas Martinsen",20152016,COL,L,55,4,1,3,25,4,1,3,0,0,0,0,0,0,3,1,2,0,0,0,1,0,1
"Andreas Martinsen",20162017,"COL,MTL",L,64,4,3,1,75,4,3,1,0,0,0,0,0,0,1,1,0,2,1,1,1,1,0
"Andreas Martinsen",20172018,CHI,L,9,0,0,0,--,0,0,0,0,0,0,0,0,0,0,0,0,0,0,0,0,0,0
"Andreas Martinsen",20182019,CHI,L,24,7,3,4,42.9,7,3,4,0,0,0,0,0,0,1,1,0,1,0,1,5,2,3
"Brandon Mashinter",20102011,SJS,L,13,0,0,0,--,0,0,0,0,0,0,0,0,0,0,0,0,0,0,0,0,0,0
"Brandon Mashinter",20122013,NYR,L,4,1,1,0,100,1,1,0,0,0,0,0,0,0,0,0,0,0,0,0,1,1,0
"Brandon Mashinter",20132014,NYR,L,6,0,0,0,--,0,0,0,0,0,0,0,0,0,0,0,0,0,0,0,0,0,0
"Brandon Mashinter",20152016,CHI,L,41,0,0,0,--,0,0,0,0,0,0,0,0,0,0,0,0,0,0,0,0,0,0
"Mike Matheson",20152016,FLA,D,3,0,0,0,--,0,0,0,0,0,0,0,0,0,0,0,0,0,0,0,0,0,0
"Mike Matheson",20162017,FLA,D,81,1,1,0,100,0,0,0,0,0,0,1,1,0,0,0,0,0,0,0,1,1,0
"Mike Matheson",20172018,FLA,D,81,0,0,0,--,0,0,0,0,0,0,0,0,0,0,0,0,0,0,0,0,0,0
"Mike Matheson",20182019,FLA,D,75,1,0,1,0,0,0,0,1,0,1,0,0,0,1,0,1,0,0,0,0,0,0
"Jon Matsumoto",20102011,CAR,C,13,83,30,53,36.1,80,28,52,1,1,0,2,1,1,19,8,11,36,15,21,28,7,21
"Jon Matsumoto",20112012,FLA,C,1,1,1,0,100,1,1,0,0,0,0,0,0,0,1,1,0,0,0,0,0,0,0
"Stefan Matteau",20122013,NJD,C,17,4,0,4,0,4,0,4,0,0,0,0,0,0,2,0,2,0,0,0,2,0,2
"Stefan Matteau",20142015,NJD,C,7,0,0,0,--,0,0,0,0,0,0,0,0,0,0,0,0,0,0,0,0,0,0
"Stefan Matteau",20152016,"NJD,MTL",C,32,0,0,0,--,0,0,0,0,0,0,0,0,0,0,0,0,0,0,0,0,0,0
"Stefan Matteau",20172018,VGK,C,8,2,1,1,50,2,1,1,0,0,0,0,0,0,1,0,1,0,0,0,1,1,0
"Auston Matthews",20162017,TOR,C,82,"1,132",530,602,46.8,"1,013",468,545,117,62,55,2,0,2,510,244,266,401,191,210,221,95,126
"Auston Matthews",20172018,TOR,C,62,688,375,313,54.5,626,344,282,59,29,30,3,2,1,249,124,125,226,122,104,213,129,84
"Auston Matthews",20182019,TOR,C,68,911,475,436,52.1,904,472,432,5,2,3,2,1,1,362,192,170,297,153,144,252,130,122
"Shawn Matthias",20092010,FLA,L,55,313,119,194,38,294,109,185,9,7,2,10,3,7,85,33,52,142,51,91,85,34,51
"Shawn Matthias",20102011,FLA,L,51,370,188,182,50.8,345,175,170,21,11,10,4,2,2,132,60,72,134,63,71,104,65,39
"Shawn Matthias",20112012,FLA,L,79,597,295,302,49.4,520,255,265,36,20,16,41,20,21,164,80,84,248,130,118,185,85,100
"Shawn Matthias",20122013,FLA,L,48,347,153,194,44.1,311,134,177,20,12,8,16,7,9,105,48,57,150,61,89,92,44,48
"Shawn Matthias",20132014,"FLA,VAN",L,77,433,183,250,42.3,360,149,211,14,9,5,59,25,34,121,43,78,144,66,78,168,74,94
"Shawn Matthias",20142015,VAN,L,78,187,84,103,44.9,142,68,74,2,2,0,43,14,29,48,27,21,67,27,40,72,30,42
"Shawn Matthias",20152016,"TOR,COL",L,71,24,9,15,37.5,18,7,11,3,1,2,3,1,2,14,6,8,7,2,5,3,1,2
"Shawn Matthias",20162017,WPG,L,45,16,5,11,31.3,11,3,8,0,0,0,5,2,3,5,0,5,3,3,0,8,2,6
"Shawn Matthias",20172018,WPG,L,27,28,12,16,42.9,26,11,15,0,0,0,2,1,1,10,4,6,6,2,4,12,6,6
"Greg Mauldin",20092010,NYI,L,1,11,8,3,72.7,10,8,2,1,0,1,0,0,0,4,1,3,4,4,0,3,3,0
"Greg Mauldin",20102011,COL,L,29,7,2,5,28.6,3,0,3,0,0,0,4,2,2,3,1,2,2,1,1,2,0,2
"Ben Maxwell",20092010,MTL,C,13,16,8,8,50,16,8,8,0,0,0,0,0,0,6,3,3,8,4,4,2,1,1
"Ben Maxwell",20102011,ATL,C,12,36,16,20,44.4,35,16,19,1,0,1,0,0,0,15,7,8,7,4,3,14,5,9
"Ben Maxwell",20112012,"WPG,ANA,WPG",C,15,59,26,33,44.1,57,26,31,1,0,1,1,0,1,14,4,10,33,16,17,12,6,6
"Brad May",20092010,DET,L,40,1,0,1,0,1,0,1,0,0,0,0,0,0,0,0,0,0,0,0,0,0,0
"Jamal Mayers",20092010,"TOR,CGY",R,71,379,214,165,56.5,322,181,141,10,7,3,47,26,21,115,67,48,118,64,54,144,83,61
"Jamal Mayers",20102011,SJS,R,78,98,53,45,54.1,78,42,36,2,1,1,18,10,8,42,20,22,24,14,10,32,19,13
"Jamal Mayers",20112012,CHI,R,81,558,313,245,56.1,468,266,202,24,12,12,66,35,31,182,104,78,171,99,72,205,110,95
"Jamal Mayers",20122013,CHI,R,19,78,42,36,53.9,74,41,33,2,1,1,2,0,2,32,20,12,19,11,8,27,11,16
"Scott Mayfield",20132014,NYI,D,5,0,0,0,--,0,0,0,0,0,0,0,0,0,0,0,0,0,0,0,0,0,0
"Scott Mayfield",20152016,NYI,D,6,0,0,0,--,0,0,0,0,0,0,0,0,0,0,0,0,0,0,0,0,0,0
"Scott Mayfield",20162017,NYI,D,25,0,0,0,--,0,0,0,0,0,0,0,0,0,0,0,0,0,0,0,0,0,0
"Scott Mayfield",20172018,NYI,D,47,0,0,0,--,0,0,0,0,0,0,0,0,0,0,0,0,0,0,0,0,0,0
"Scott Mayfield",20182019,NYI,D,79,1,0,1,0,1,0,1,0,0,0,0,0,0,0,0,0,1,0,1,0,0,0
"Maksim Mayorov",20092010,CBJ,L,4,0,0,0,--,0,0,0,0,0,0,0,0,0,0,0,0,0,0,0,0,0,0
"Maksim Mayorov",20102011,CBJ,L,5,0,0,0,--,0,0,0,0,0,0,0,0,0,0,0,0,0,0,0,0,0,0
"Maksim Mayorov",20112012,CBJ,L,10,0,0,0,--,0,0,0,0,0,0,0,0,0,0,0,0,0,0,0,0,0,0
"Dean McAmmond",20092010,NJD,C,62,556,253,303,45.5,490,222,268,29,14,15,37,17,20,167,73,94,229,110,119,158,68,90
"Kenndal McArdle",20092010,FLA,L,19,0,0,0,--,0,0,0,0,0,0,0,0,0,0,0,0,0,0,0,0,0,0
"Kenndal McArdle",20102011,FLA,L,11,3,1,2,33.3,3,1,2,0,0,0,0,0,0,1,0,1,0,0,0,2,1,1
"Kenndal McArdle",20112012,WPG,L,9,0,0,0,--,0,0,0,0,0,0,0,0,0,0,0,0,0,0,0,0,0,0
"Charlie McAvoy",20172018,BOS,D,63,0,0,0,--,0,0,0,0,0,0,0,0,0,0,0,0,0,0,0,0,0,0
"Charlie McAvoy",20182019,BOS,D,54,0,0,0,--,0,0,0,0,0,0,0,0,0,0,0,0,0,0,0,0,0,0
"Jamie McBain",20092010,CAR,D,14,0,0,0,--,0,0,0,0,0,0,0,0,0,0,0,0,0,0,0,0,0,0
"Jamie McBain",20102011,CAR,D,76,0,0,0,--,0,0,0,0,0,0,0,0,0,0,0,0,0,0,0,0,0,0
"Jamie McBain",20112012,CAR,D,76,0,0,0,--,0,0,0,0,0,0,0,0,0,0,0,0,0,0,0,0,0,0
"Jamie McBain",20122013,CAR,D,40,0,0,0,--,0,0,0,0,0,0,0,0,0,0,0,0,0,0,0,0,0,0
"Jamie McBain",20132014,BUF,D,69,0,0,0,--,0,0,0,0,0,0,0,0,0,0,0,0,0,0,0,0,0,0
"Jamie McBain",20142015,LAK,D,26,0,0,0,--,0,0,0,0,0,0,0,0,0,0,0,0,0,0,0,0,0,0
"Jamie McBain",20152016,LAK,D,44,0,0,0,--,0,0,0,0,0,0,0,0,0,0,0,0,0,0,0,0,0,0
"Jamie McBain",20162017,ARI,D,3,0,0,0,--,0,0,0,0,0,0,0,0,0,0,0,0,0,0,0,0,0,0
"Bryan McCabe",20092010,FLA,D,82,0,0,0,--,0,0,0,0,0,0,0,0,0,0,0,0,0,0,0,0,0,0
"Bryan McCabe",20102011,"FLA,NYR",D,67,0,0,0,--,0,0,0,0,0,0,0,0,0,0,0,0,0,0,0,0,0,0
"Jake McCabe",20132014,BUF,D,7,0,0,0,--,0,0,0,0,0,0,0,0,0,0,0,0,0,0,0,0,0,0
"Jake McCabe",20142015,BUF,D,2,0,0,0,--,0,0,0,0,0,0,0,0,0,0,0,0,0,0,0,0,0,0
"Jake McCabe",20152016,BUF,D,77,2,0,2,0,2,0,2,0,0,0,0,0,0,0,0,0,2,0,2,0,0,0
"Jake McCabe",20162017,BUF,D,76,0,0,0,--,0,0,0,0,0,0,0,0,0,0,0,0,0,0,0,0,0,0
"Jake McCabe",20172018,BUF,D,53,1,0,1,0,0,0,0,0,0,0,1,0,1,0,0,0,0,0,0,1,0,1
"Jake McCabe",20182019,BUF,D,59,1,0,1,0,1,0,1,0,0,0,0,0,0,0,0,0,0,0,0,1,0,1
"Jared McCann",20152016,VAN,C,69,522,181,341,34.7,506,179,327,13,2,11,3,0,3,170,59,111,211,79,132,141,43,98
"Jared McCann",20162017,FLA,C,29,105,41,64,39,102,39,63,3,2,1,0,0,0,50,25,25,27,9,18,28,7,21
"Jared McCann",20172018,FLA,C,68,550,212,338,38.5,530,204,326,15,7,8,5,1,4,152,56,96,268,104,164,130,52,78
"Jared McCann",20182019,"FLA,PIT",C,78,595,275,320,46.2,531,244,287,28,13,15,36,18,18,161,72,89,225,105,120,209,98,111
"Michael McCarron",20152016,MTL,R,20,169,85,84,50.3,145,72,73,24,13,11,0,0,0,56,25,31,59,27,32,54,33,21
"Michael McCarron",20162017,MTL,R,31,175,76,99,43.4,164,71,93,11,5,6,0,0,0,53,26,27,77,34,43,45,16,29
"Michael McCarron",20172018,MTL,R,18,123,60,63,48.8,122,59,63,1,1,0,0,0,0,32,16,16,43,26,17,48,18,30
"John McCarthy",20092010,SJS,C,4,0,0,0,--,0,0,0,0,0,0,0,0,0,0,0,0,0,0,0,0,0,0
"John McCarthy",20102011,SJS,C,37,36,13,23,36.1,34,12,22,0,0,0,2,1,1,19,9,10,12,3,9,5,1,4
"John McCarthy",20112012,SJS,C,10,43,18,25,41.9,42,18,24,1,0,1,0,0,0,15,5,10,20,7,13,8,6,2
"John McCarthy",20132014,SJS,C,36,133,71,62,53.4,123,67,56,4,2,2,6,2,4,49,28,21,54,29,25,30,14,16
"John McCarthy",20152016,SJS,C,1,1,0,1,0,1,0,1,0,0,0,0,0,0,1,0,1,0,0,0,0,0,0
"Jay McClement",20092010,STL,C,82,"1,412",701,711,49.6,973,503,470,19,9,10,420,189,231,281,145,136,396,210,186,733,348,385
"Jay McClement",20102011,"STL,COL",C,80,"1,152",595,557,51.6,825,436,389,20,15,5,307,144,163,223,121,102,350,179,171,579,295,284
"Jay McClement",20112012,COL,C,80,873,448,425,51.3,600,326,274,8,4,4,265,118,147,151,85,66,253,145,108,469,218,251
"Jay McClement",20122013,TOR,C,48,393,203,190,51.6,316,163,153,3,3,0,74,37,37,81,33,48,127,70,57,185,100,85
"Jay McClement",20132014,TOR,C,81,"1,260",676,584,53.6,939,523,416,9,7,2,312,146,166,210,114,96,336,190,146,714,372,342
"Jay McClement",20142015,CAR,C,82,990,549,441,55.5,729,413,316,34,18,16,227,118,109,212,124,88,304,172,132,474,253,221
"Jay McClement",20152016,CAR,C,77,678,375,303,55.3,541,312,229,7,4,3,130,59,71,146,84,62,239,146,93,293,145,148
"Jay McClement",20162017,CAR,C,65,525,253,272,48.2,423,204,219,14,9,5,88,40,48,120,61,59,180,87,93,225,105,120
"Cody McCormick",20102011,BUF,C,81,316,132,184,41.8,307,129,178,8,3,5,1,0,1,83,31,52,126,58,68,107,43,64
"Cody McCormick",20112012,BUF,C,50,17,8,9,47.1,17,8,9,0,0,0,0,0,0,5,3,2,5,2,3,7,3,4
"Cody McCormick",20122013,BUF,C,8,25,12,13,48,24,12,12,0,0,0,1,0,1,7,3,4,13,7,6,5,2,3
"Cody McCormick",20132014,"BUF,MIN",C,43,198,89,109,45,168,77,91,1,0,1,29,12,17,50,24,26,63,26,37,85,39,46
"Cody McCormick",20142015,BUF,C,33,294,147,147,50,199,106,93,6,4,2,89,37,52,47,18,29,80,40,40,167,89,78
"Max McCormick",20152016,OTT,L,20,76,39,37,51.3,75,39,36,0,0,0,1,0,1,20,15,5,37,14,23,19,10,9
"Max McCormick",20162017,OTT,L,7,24,15,9,62.5,24,15,9,0,0,0,0,0,0,10,5,5,8,6,2,6,4,2
"Max McCormick",20172018,OTT,L,30,21,9,12,42.9,17,7,10,0,0,0,4,2,2,14,5,9,5,3,2,2,1,1
"Max McCormick",20182019,OTT,L,14,1,0,1,0,1,0,1,0,0,0,0,0,0,1,0,1,0,0,0,0,0,0
"Ian McCoshen",20162017,FLA,D,3,0,0,0,--,0,0,0,0,0,0,0,0,0,0,0,0,0,0,0,0,0,0
"Ian McCoshen",20172018,FLA,D,38,0,0,0,--,0,0,0,0,0,0,0,0,0,0,0,0,0,0,0,0,0,0
"Ian McCoshen",20182019,FLA,D,19,0,0,0,--,0,0,0,0,0,0,0,0,0,0,0,0,0,0,0,0,0,0
"Connor McDavid",20152016,EDM,C,45,604,249,355,41.2,580,236,344,14,8,6,10,5,5,213,82,131,219,91,128,172,76,96
"Connor McDavid",20162017,EDM,C,82,806,348,458,43.2,753,325,428,26,11,15,27,12,15,260,113,147,360,157,203,186,78,108
"Connor McDavid",20172018,EDM,C,82,909,376,533,41.4,857,355,502,22,11,11,30,10,20,273,123,150,392,161,231,244,92,152
"Connor McDavid",20182019,EDM,C,78,918,428,490,46.6,866,406,460,36,15,21,16,7,9,281,131,150,408,172,236,229,125,104
"Ryan McDonagh",20102011,NYR,D,40,0,0,0,--,0,0,0,0,0,0,0,0,0,0,0,0,0,0,0,0,0,0
"Ryan McDonagh",20112012,NYR,D,82,2,1,1,50,0,0,0,0,0,0,2,1,1,0,0,0,0,0,0,2,1,1
"Ryan McDonagh",20122013,NYR,D,47,1,0,1,0,1,0,1,0,0,0,0,0,0,0,0,0,0,0,0,1,0,1
"Ryan McDonagh",20132014,NYR,D,77,0,0,0,--,0,0,0,0,0,0,0,0,0,0,0,0,0,0,0,0,0,0
"Ryan McDonagh",20142015,NYR,D,71,0,0,0,--,0,0,0,0,0,0,0,0,0,0,0,0,0,0,0,0,0,0
"Ryan McDonagh",20152016,NYR,D,73,1,1,0,100,1,1,0,0,0,0,0,0,0,0,0,0,1,1,0,0,0,0
"Ryan McDonagh",20162017,NYR,D,77,0,0,0,--,0,0,0,0,0,0,0,0,0,0,0,0,0,0,0,0,0,0
"Ryan McDonagh",20172018,"NYR,TBL",D,63,0,0,0,--,0,0,0,0,0,0,0,0,0,0,0,0,0,0,0,0,0,0
"Ryan McDonagh",20182019,TBL,D,82,0,0,0,--,0,0,0,0,0,0,0,0,0,0,0,0,0,0,0,0,0,0
"Andy McDonald",20092010,STL,L,79,447,241,206,53.9,309,172,137,94,49,45,44,20,24,213,111,102,133,75,58,101,55,46
"Andy McDonald",20102011,STL,L,58,349,207,142,59.3,256,153,103,73,44,29,20,10,10,156,98,58,113,66,47,80,43,37
"Andy McDonald",20112012,STL,L,25,116,66,50,56.9,91,54,37,17,8,9,8,4,4,52,27,25,28,21,7,36,18,18
"Andy McDonald",20122013,STL,L,37,198,95,103,48,103,46,57,85,44,41,10,5,5,130,64,66,50,24,26,18,7,11
"Colin McDonald",20092010,EDM,R,2,0,0,0,--,0,0,0,0,0,0,0,0,0,0,0,0,0,0,0,0,0,0
"Colin McDonald",20112012,PIT,R,5,0,0,0,--,0,0,0,0,0,0,0,0,0,0,0,0,0,0,0,0,0,0
"Colin McDonald",20122013,NYI,R,45,8,4,4,50,7,3,4,0,0,0,1,1,0,2,1,1,1,0,1,5,3,2
"Colin McDonald",20132014,NYI,R,70,15,7,8,46.7,13,6,7,2,1,1,0,0,0,3,1,2,5,2,3,7,4,3
"Colin McDonald",20142015,NYI,R,18,4,2,2,50,4,2,2,0,0,0,0,0,0,4,2,2,0,0,0,0,0,0
"Colin McDonald",20152016,PHI,R,5,0,0,0,--,0,0,0,0,0,0,0,0,0,0,0,0,0,0,0,0,0,0
"Colin McDonald",20162017,PHI,R,3,1,0,1,0,1,0,1,0,0,0,0,0,0,1,0,1,0,0,0,0,0,0
"Evan McEneny",20162017,VAN,D,1,0,0,0,--,0,0,0,0,0,0,0,0,0,0,0,0,0,0,0,0,0,0
"John McFarland",20152016,FLA,L,3,0,0,0,--,0,0,0,0,0,0,0,0,0,0,0,0,0,0,0,0,0,0
"Brock McGinn",20152016,CAR,L,21,1,0,1,0,1,0,1,0,0,0,0,0,0,1,0,1,0,0,0,0,0,0
"Brock McGinn",20162017,CAR,L,57,4,1,3,25,3,1,2,0,0,0,1,0,1,2,1,1,2,0,2,0,0,0
"Brock McGinn",20172018,CAR,L,80,37,17,20,46,29,12,17,2,1,1,6,4,2,15,5,10,13,7,6,9,5,4
"Brock McGinn",20182019,CAR,L,82,61,26,35,42.6,52,21,31,2,2,0,7,3,4,27,11,16,16,7,9,18,8,10
"Jamie McGinn",20092010,SJS,L,59,16,7,9,43.8,15,7,8,0,0,0,1,0,1,4,2,2,9,5,4,3,0,3
"Jamie McGinn",20102011,SJS,L,49,11,8,3,72.7,11,8,3,0,0,0,0,0,0,4,1,3,3,3,0,4,4,0
"Jamie McGinn",20112012,"SJS,COL",L,78,7,6,1,85.7,5,4,1,2,2,0,0,0,0,4,4,0,0,0,0,3,2,1
"Jamie McGinn",20122013,COL,L,47,6,3,3,50,3,2,1,1,1,0,2,0,2,2,1,1,3,1,2,1,1,0
"Jamie McGinn",20132014,COL,L,79,2,1,1,50,1,0,1,1,1,0,0,0,0,2,1,1,0,0,0,0,0,0
"Jamie McGinn",20142015,COL,L,19,1,1,0,100,0,0,0,0,0,0,1,1,0,0,0,0,1,1,0,0,0,0
"Jamie McGinn",20152016,"BUF,ANA",L,84,7,4,3,57.1,7,4,3,0,0,0,0,0,0,3,2,1,1,1,0,3,1,2
"Jamie McGinn",20162017,ARI,L,72,3,1,2,33.3,3,1,2,0,0,0,0,0,0,1,0,1,1,0,1,1,1,0
"Jamie McGinn",20172018,FLA,L,76,26,7,19,26.9,20,7,13,6,0,6,0,0,0,13,1,12,8,4,4,5,2,3
"Jamie McGinn",20182019,FLA,L,19,1,1,0,100,1,1,0,0,0,0,0,0,0,0,0,0,1,1,0,0,0,0
"Tye McGinn",20122013,PHI,L,18,0,0,0,--,0,0,0,0,0,0,0,0,0,0,0,0,0,0,0,0,0,0
"Tye McGinn",20132014,PHI,L,18,0,0,0,--,0,0,0,0,0,0,0,0,0,0,0,0,0,0,0,0,0,0
"Tye McGinn",20142015,"SJS,ARI",L,51,2,1,1,50,2,1,1,0,0,0,0,0,0,2,1,1,0,0,0,0,0,0
"Tye McGinn",20152016,TBL,L,2,0,0,0,--,0,0,0,0,0,0,0,0,0,0,0,0,0,0,0,0,0,0
"Brian McGrattan",20092010,CGY,R,34,0,0,0,--,0,0,0,0,0,0,0,0,0,0,0,0,0,0,0,0,0,0
"Brian McGrattan",20112012,NSH,R,30,0,0,0,--,0,0,0,0,0,0,0,0,0,0,0,0,0,0,0,0,0,0
"Brian McGrattan",20122013,"NSH,CGY",R,21,1,0,1,0,1,0,1,0,0,0,0,0,0,0,0,0,1,0,1,0,0,0
"Brian McGrattan",20132014,CGY,R,76,3,2,1,66.7,3,2,1,0,0,0,0,0,0,0,0,0,2,2,0,1,0,1
"Brian McGrattan",20142015,CGY,R,8,0,0,0,--,0,0,0,0,0,0,0,0,0,0,0,0,0,0,0,0,0,0
"Dylan McIlrath",20132014,NYR,D,2,0,0,0,--,0,0,0,0,0,0,0,0,0,0,0,0,0,0,0,0,0,0
"Dylan McIlrath",20142015,NYR,D,1,0,0,0,--,0,0,0,0,0,0,0,0,0,0,0,0,0,0,0,0,0,0
"Dylan McIlrath",20152016,NYR,D,34,0,0,0,--,0,0,0,0,0,0,0,0,0,0,0,0,0,0,0,0,0,0
"Dylan McIlrath",20162017,"NYR,FLA",D,6,0,0,0,--,0,0,0,0,0,0,0,0,0,0,0,0,0,0,0,0,0,0
"Dylan McIlrath",20182019,DET,D,7,0,0,0,--,0,0,0,0,0,0,0,0,0,0,0,0,0,0,0,0,0,0
"David McIntyre",20112012,MIN,C,7,7,2,5,28.6,7,2,5,0,0,0,0,0,0,3,0,3,0,0,0,4,2,2
"Jay McKee",20092010,PIT,D,62,1,0,1,0,1,0,1,0,0,0,0,0,0,0,0,0,0,0,0,1,0,1
"Greg McKegg",20132014,TOR,C,1,6,1,5,16.7,6,1,5,0,0,0,0,0,0,0,0,0,3,0,3,3,1,2
"Greg McKegg",20142015,TOR,C,3,33,17,16,51.5,32,17,15,1,0,1,0,0,0,7,3,4,14,11,3,12,3,9
"Greg McKegg",20152016,FLA,C,15,111,50,61,45,101,46,55,4,2,2,6,2,4,33,18,15,44,22,22,34,10,24
"Greg McKegg",20162017,"FLA,TBL",C,46,180,90,90,50,171,84,87,3,3,0,6,3,3,39,17,22,71,36,35,70,37,33
"Greg McKegg",20172018,PIT,C,26,233,115,118,49.4,189,91,98,4,1,3,40,23,17,49,22,27,81,35,46,103,58,45
"Greg McKegg",20182019,CAR,C,41,286,146,140,51,281,145,136,4,1,3,1,0,1,86,44,42,122,66,56,78,36,42
"Curtis McKenzie",20142015,DAL,L,36,8,3,5,37.5,8,3,5,0,0,0,0,0,0,4,2,2,2,1,1,2,0,2
"Curtis McKenzie",20152016,DAL,L,3,0,0,0,--,0,0,0,0,0,0,0,0,0,0,0,0,0,0,0,0,0,0
"Curtis McKenzie",20162017,DAL,L,53,6,3,3,50,6,3,3,0,0,0,0,0,0,2,1,1,1,1,0,3,1,2
"Curtis McKenzie",20172018,DAL,L,7,1,0,1,0,1,0,1,0,0,0,0,0,0,0,0,0,1,0,1,0,0,0
"Roland McKeown",20172018,CAR,D,10,0,0,0,--,0,0,0,0,0,0,0,0,0,0,0,0,0,0,0,0,0,0
"Frazer McLaren",20092010,SJS,L,23,0,0,0,--,0,0,0,0,0,0,0,0,0,0,0,0,0,0,0,0,0,0
"Frazer McLaren",20102011,SJS,L,9,0,0,0,--,0,0,0,0,0,0,0,0,0,0,0,0,0,0,0,0,0,0
"Frazer McLaren",20112012,SJS,L,7,0,0,0,--,0,0,0,0,0,0,0,0,0,0,0,0,0,0,0,0,0,0
"Frazer McLaren",20122013,"SJS,TOR",L,36,11,4,7,36.4,11,4,7,0,0,0,0,0,0,3,0,3,2,1,1,6,3,3
"Frazer McLaren",20132014,TOR,L,27,1,1,0,100,1,1,0,0,0,0,0,0,0,1,1,0,0,0,0,0,0,0
"Cody McLeod",20092010,COL,L,74,13,4,9,30.8,8,2,6,0,0,0,5,2,3,5,0,5,4,2,2,4,2,2
"Cody McLeod",20102011,COL,L,71,8,3,5,37.5,5,2,3,0,0,0,3,1,2,4,1,3,2,1,1,2,1,1
"Cody McLeod",20112012,COL,L,75,3,2,1,66.7,3,2,1,0,0,0,0,0,0,1,1,0,2,1,1,0,0,0
"Cody McLeod",20122013,COL,L,48,17,7,10,41.2,11,6,5,2,0,2,4,1,3,10,3,7,4,3,1,3,1,2
"Cody McLeod",20132014,COL,L,71,10,2,8,20,8,2,6,0,0,0,2,0,2,3,0,3,3,2,1,4,0,4
"Cody McLeod",20142015,COL,L,82,9,1,8,11.1,1,0,1,0,0,0,8,1,7,1,0,1,7,1,6,1,0,1
"Cody McLeod",20152016,COL,L,82,1,1,0,100,1,1,0,0,0,0,0,0,0,0,0,0,0,0,0,1,1,0
"Cody McLeod",20162017,"COL,NSH",L,59,1,0,1,0,0,0,0,0,0,0,1,0,1,0,0,0,1,0,1,0,0,0
"Cody McLeod",20172018,"NSH,NYR",L,48,0,0,0,--,0,0,0,0,0,0,0,0,0,0,0,0,0,0,0,0,0,0
"Cody McLeod",20182019,"NYR,NSH",L,38,1,0,1,0,1,0,1,0,0,0,0,0,0,1,0,1,0,0,0,0,0,0
"Michael McLeod",20182019,NJD,C,21,132,70,62,53,125,67,58,7,3,4,0,0,0,44,21,23,48,28,20,40,21,19
"Brandon McMillan",20102011,ANA,L,60,293,114,179,38.9,255,101,154,19,8,11,19,5,14,91,33,58,137,57,80,65,24,41
"Brandon McMillan",20112012,ANA,L,25,67,23,44,34.3,54,18,36,0,0,0,13,5,8,12,3,9,37,14,23,18,6,12
"Brandon McMillan",20122013,ANA,L,6,26,12,14,46.1,25,12,13,0,0,0,1,0,1,10,6,4,12,6,6,4,0,4
"Brandon McMillan",20132014,PHX,L,22,14,7,7,50,14,7,7,0,0,0,0,0,0,5,2,3,7,3,4,2,2,0
"Brandon McMillan",20142015,"ARI,VAN",L,58,23,10,13,43.5,20,10,10,0,0,0,3,0,3,10,4,6,6,3,3,7,3,4
"Carson McMillan",20102011,MIN,R,4,23,9,14,39.1,23,9,14,0,0,0,0,0,0,4,1,3,10,3,7,9,5,4
"Carson McMillan",20112012,MIN,R,11,14,5,9,35.7,14,5,9,0,0,0,0,0,0,3,1,2,8,3,5,3,1,2
"Carson McMillan",20132014,MIN,R,1,0,0,0,--,0,0,0,0,0,0,0,0,0,0,0,0,0,0,0,0,0,0
"Brayden McNabb",20112012,BUF,D,25,0,0,0,--,0,0,0,0,0,0,0,0,0,0,0,0,0,0,0,0,0,0
"Brayden McNabb",20132014,BUF,D,12,0,0,0,--,0,0,0,0,0,0,0,0,0,0,0,0,0,0,0,0,0,0
"Brayden McNabb",20142015,LAK,D,71,1,1,0,100,1,1,0,0,0,0,0,0,0,0,0,0,0,0,0,1,1,0
"Brayden McNabb",20152016,LAK,D,81,0,0,0,--,0,0,0,0,0,0,0,0,0,0,0,0,0,0,0,0,0,0
"Brayden McNabb",20162017,LAK,D,49,0,0,0,--,0,0,0,0,0,0,0,0,0,0,0,0,0,0,0,0,0,0
"Brayden McNabb",20172018,VGK,D,76,0,0,0,--,0,0,0,0,0,0,0,0,0,0,0,0,0,0,0,0,0,0
"Brayden McNabb",20182019,VGK,D,81,0,0,0,--,0,0,0,0,0,0,0,0,0,0,0,0,0,0,0,0,0,0
"Mark McNeill",20152016,CHI,C,1,1,0,1,0,0,0,0,0,0,0,1,0,1,1,0,1,0,0,0,0,0,0
"Mark McNeill",20162017,DAL,C,1,2,0,2,0,2,0,2,0,0,0,0,0,0,0,0,0,0,0,0,2,0,2
"Adam McQuaid",20092010,BOS,D,19,0,0,0,--,0,0,0,0,0,0,0,0,0,0,0,0,0,0,0,0,0,0
"Adam McQuaid",20102011,BOS,D,67,0,0,0,--,0,0,0,0,0,0,0,0,0,0,0,0,0,0,0,0,0,0
"Adam McQuaid",20112012,BOS,D,72,0,0,0,--,0,0,0,0,0,0,0,0,0,0,0,0,0,0,0,0,0,0
"Adam McQuaid",20122013,BOS,D,32,0,0,0,--,0,0,0,0,0,0,0,0,0,0,0,0,0,0,0,0,0,0
"Adam McQuaid",20132014,BOS,D,30,0,0,0,--,0,0,0,0,0,0,0,0,0,0,0,0,0,0,0,0,0,0
"Adam McQuaid",20142015,BOS,D,63,1,0,1,0,1,0,1,0,0,0,0,0,0,0,0,0,0,0,0,1,0,1
"Adam McQuaid",20152016,BOS,D,64,0,0,0,--,0,0,0,0,0,0,0,0,0,0,0,0,0,0,0,0,0,0
"Adam McQuaid",20162017,BOS,D,77,0,0,0,--,0,0,0,0,0,0,0,0,0,0,0,0,0,0,0,0,0,0
"Adam McQuaid",20172018,BOS,D,38,0,0,0,--,0,0,0,0,0,0,0,0,0,0,0,0,0,0,0,0,0,0
"Adam McQuaid",20182019,"NYR,CBJ",D,50,0,0,0,--,0,0,0,0,0,0,0,0,0,0,0,0,0,0,0,0,0,0
"Philip McRae",20102011,STL,C,15,64,34,30,53.1,64,34,30,0,0,0,0,0,0,22,11,11,32,20,12,10,3,7
"Evgeny Medvedev",20152016,PHI,D,45,0,0,0,--,0,0,0,0,0,0,0,0,0,0,0,0,0,0,0,0,0,0
"Derek Meech",20092010,DET,D,49,0,0,0,--,0,0,0,0,0,0,0,0,0,0,0,0,0,0,0,0,0,0
"Derek Meech",20112012,WPG,D,2,0,0,0,--,0,0,0,0,0,0,0,0,0,0,0,0,0,0,0,0,0,0
"Derek Meech",20122013,WPG,D,16,0,0,0,--,0,0,0,0,0,0,0,0,0,0,0,0,0,0,0,0,0,0
"Wade Megan",20162017,STL,C,3,27,13,14,48.1,25,12,13,0,0,0,2,1,1,4,3,1,12,4,8,11,6,5
"Wade Megan",20172018,STL,C,1,2,1,1,50,2,1,1,0,0,0,0,0,0,0,0,0,1,0,1,1,1,0
"Wade Megan",20182019,DET,C,11,51,28,23,54.9,51,28,23,0,0,0,0,0,0,21,15,6,16,7,9,14,6,8
"Jaycob Megna",20162017,ANA,D,1,0,0,0,--,0,0,0,0,0,0,0,0,0,0,0,0,0,0,0,0,0,0
"Jaycob Megna",20172018,ANA,D,14,0,0,0,--,0,0,0,0,0,0,0,0,0,0,0,0,0,0,0,0,0,0
"Jaycob Megna",20182019,ANA,D,28,0,0,0,--,0,0,0,0,0,0,0,0,0,0,0,0,0,0,0,0,0,0
"Jayson Megna",20132014,PIT,C,36,10,2,8,20,9,1,8,1,1,0,0,0,0,7,2,5,2,0,2,1,0,1
"Jayson Megna",20142015,PIT,C,12,0,0,0,--,0,0,0,0,0,0,0,0,0,0,0,0,0,0,0,0,0,0
"Jayson Megna",20152016,NYR,C,6,1,1,0,100,1,1,0,0,0,0,0,0,0,1,1,0,0,0,0,0,0,0
"Jayson Megna",20162017,VAN,C,58,16,2,14,12.5,15,2,13,0,0,0,1,0,1,5,1,4,5,1,4,6,0,6
"Jayson Megna",20172018,VAN,C,1,2,0,2,0,2,0,2,0,0,0,0,0,0,0,0,0,2,0,2,0,0,0
"Timo Meier",20162017,SJS,R,34,5,1,4,20,4,1,3,0,0,0,1,0,1,4,1,3,1,0,1,0,0,0
"Timo Meier",20172018,SJS,R,81,146,71,75,48.6,129,64,65,16,7,9,1,0,1,64,29,35,38,18,20,44,24,20
"Timo Meier",20182019,SJS,R,78,38,12,26,31.6,19,4,15,12,5,7,7,3,4,19,7,12,15,5,10,4,0,4
"Julian Melchiori",20132014,WPG,D,1,0,0,0,--,0,0,0,0,0,0,0,0,0,0,0,0,0,0,0,0,0,0
"Julian Melchiori",20152016,WPG,D,11,0,0,0,--,0,0,0,0,0,0,0,0,0,0,0,0,0,0,0,0,0,0
"Julian Melchiori",20162017,WPG,D,18,0,0,0,--,0,0,0,0,0,0,0,0,0,0,0,0,0,0,0,0,0,0
"Justin Mercier",20092010,COL,C,9,1,1,0,100,0,0,0,0,0,0,1,1,0,0,0,0,1,1,0,0,0,0
"Nicholas Merkley",20172018,ARI,R,1,0,0,0,--,0,0,0,0,0,0,0,0,0,0,0,0,0,0,0,0,0,0
"Dakota Mermis",20172018,ARI,D,9,0,0,0,--,0,0,0,0,0,0,0,0,0,0,0,0,0,0,0,0,0,0
"Dakota Mermis",20182019,ARI,D,1,0,0,0,--,0,0,0,0,0,0,0,0,0,0,0,0,0,0,0,0,0,0
"Jon Merrill",20132014,NJD,D,52,0,0,0,--,0,0,0,0,0,0,0,0,0,0,0,0,0,0,0,0,0,0
"Jon Merrill",20142015,NJD,D,66,0,0,0,--,0,0,0,0,0,0,0,0,0,0,0,0,0,0,0,0,0,0
"Jon Merrill",20152016,NJD,D,47,0,0,0,--,0,0,0,0,0,0,0,0,0,0,0,0,0,0,0,0,0,0
"Jon Merrill",20162017,NJD,D,51,0,0,0,--,0,0,0,0,0,0,0,0,0,0,0,0,0,0,0,0,0,0
"Jon Merrill",20172018,VGK,D,34,0,0,0,--,0,0,0,0,0,0,0,0,0,0,0,0,0,0,0,0,0,0
"Jon Merrill",20182019,VGK,D,57,0,0,0,--,0,0,0,0,0,0,0,0,0,0,0,0,0,0,0,0,0,0
"Michael Mersch",20152016,LAK,L,17,4,1,3,25,4,1,3,0,0,0,0,0,0,2,0,2,1,1,0,1,0,1
"Andrej Meszaros",20092010,TBL,D,81,0,0,0,--,0,0,0,0,0,0,0,0,0,0,0,0,0,0,0,0,0,0
"Andrej Meszaros",20102011,PHI,D,81,0,0,0,--,0,0,0,0,0,0,0,0,0,0,0,0,0,0,0,0,0,0
"Andrej Meszaros",20112012,PHI,D,62,0,0,0,--,0,0,0,0,0,0,0,0,0,0,0,0,0,0,0,0,0,0
"Andrej Meszaros",20122013,PHI,D,11,0,0,0,--,0,0,0,0,0,0,0,0,0,0,0,0,0,0,0,0,0,0
"Andrej Meszaros",20132014,"PHI,BOS",D,52,0,0,0,--,0,0,0,0,0,0,0,0,0,0,0,0,0,0,0,0,0,0
"Andrej Meszaros",20142015,BUF,D,60,0,0,0,--,0,0,0,0,0,0,0,0,0,0,0,0,0,0,0,0,0,0
"Victor Mete",20172018,MTL,D,49,0,0,0,--,0,0,0,0,0,0,0,0,0,0,0,0,0,0,0,0,0,0
"Victor Mete",20182019,MTL,D,71,0,0,0,--,0,0,0,0,0,0,0,0,0,0,0,0,0,0,0,0,0,0
"Marc Methot",20092010,CBJ,D,60,0,0,0,--,0,0,0,0,0,0,0,0,0,0,0,0,0,0,0,0,0,0
"Marc Methot",20102011,CBJ,D,74,0,0,0,--,0,0,0,0,0,0,0,0,0,0,0,0,0,0,0,0,0,0
"Marc Methot",20112012,CBJ,D,46,0,0,0,--,0,0,0,0,0,0,0,0,0,0,0,0,0,0,0,0,0,0
"Marc Methot",20122013,OTT,D,47,0,0,0,--,0,0,0,0,0,0,0,0,0,0,0,0,0,0,0,0,0,0
"Marc Methot",20132014,OTT,D,75,0,0,0,--,0,0,0,0,0,0,0,0,0,0,0,0,0,0,0,0,0,0
"Marc Methot",20142015,OTT,D,45,1,0,1,0,1,0,1,0,0,0,0,0,0,0,0,0,1,0,1,0,0,0
"Marc Methot",20152016,OTT,D,69,0,0,0,--,0,0,0,0,0,0,0,0,0,0,0,0,0,0,0,0,0,0
"Marc Methot",20162017,OTT,D,68,0,0,0,--,0,0,0,0,0,0,0,0,0,0,0,0,0,0,0,0,0,0
"Marc Methot",20172018,DAL,D,36,0,0,0,--,0,0,0,0,0,0,0,0,0,0,0,0,0,0,0,0,0,0
"Marc Methot",20182019,DAL,D,9,0,0,0,--,0,0,0,0,0,0,0,0,0,0,0,0,0,0,0,0,0,0
"Glen Metropolit",20092010,MTL,C,69,661,327,334,49.5,599,293,306,30,14,16,32,20,12,201,97,104,225,110,115,235,120,115
"Freddy Meyer",20092010,NYI,D,64,0,0,0,--,0,0,0,0,0,0,0,0,0,0,0,0,0,0,0,0,0,0
"Freddy Meyer",20102011,ATL,D,15,0,0,0,--,0,0,0,0,0,0,0,0,0,0,0,0,0,0,0,0,0,0
"Stefan Meyer",20102011,CGY,L,16,17,7,10,41.2,15,6,9,0,0,0,2,1,1,9,4,5,4,3,1,4,0,4
"Milan Michalek",20092010,OTT,L,66,8,4,4,50,4,2,2,2,1,1,2,1,1,3,1,2,2,2,0,3,1,2
"Milan Michalek",20102011,OTT,L,66,13,4,9,30.8,7,2,5,4,2,2,2,0,2,11,4,7,1,0,1,1,0,1
"Milan Michalek",20112012,OTT,L,77,6,1,5,16.7,2,0,2,2,0,2,2,1,1,4,0,4,1,1,0,1,0,1
"Milan Michalek",20122013,OTT,L,23,4,2,2,50,2,0,2,0,0,0,2,2,0,1,0,1,2,1,1,1,1,0
"Milan Michalek",20132014,OTT,L,82,14,6,8,42.9,13,6,7,1,0,1,0,0,0,6,3,3,5,2,3,3,1,2
"Milan Michalek",20142015,OTT,L,66,23,11,12,47.8,7,3,4,4,3,1,12,5,7,13,6,7,7,4,3,3,1,2
"Milan Michalek",20152016,"OTT,TOR",L,45,8,3,5,37.5,7,3,4,1,0,1,0,0,0,4,1,3,0,0,0,4,2,2
"Milan Michalek",20162017,TOR,L,5,1,0,1,0,0,0,0,0,0,0,1,0,1,0,0,0,1,0,1,0,0,0
"Zbynek Michalek",20092010,PHX,D,72,0,0,0,--,0,0,0,0,0,0,0,0,0,0,0,0,0,0,0,0,0,0
"Zbynek Michalek",20102011,PIT,D,73,0,0,0,--,0,0,0,0,0,0,0,0,0,0,0,0,0,0,0,0,0,0
"Zbynek Michalek",20112012,PIT,D,62,0,0,0,--,0,0,0,0,0,0,0,0,0,0,0,0,0,0,0,0,0,0
"Zbynek Michalek",20122013,PHX,D,34,0,0,0,--,0,0,0,0,0,0,0,0,0,0,0,0,0,0,0,0,0,0
"Zbynek Michalek",20132014,PHX,D,59,0,0,0,--,0,0,0,0,0,0,0,0,0,0,0,0,0,0,0,0,0,0
"Zbynek Michalek",20142015,"ARI,STL",D,68,0,0,0,--,0,0,0,0,0,0,0,0,0,0,0,0,0,0,0,0,0,0
"Zbynek Michalek",20152016,ARI,D,70,0,0,0,--,0,0,0,0,0,0,0,0,0,0,0,0,0,0,0,0,0,0
"Zbynek Michalek",20162017,ARI,D,3,0,0,0,--,0,0,0,0,0,0,0,0,0,0,0,0,0,0,0,0,0,0
"Jacob Middleton",20182019,SJS,D,3,0,0,0,--,0,0,0,0,0,0,0,0,0,0,0,0,0,0,0,0,0,0
"Andy Miele",20112012,PHX,C,7,28,7,21,25,27,7,20,1,0,1,0,0,0,13,2,11,10,4,6,5,1,4
"Andy Miele",20122013,PHX,C,1,3,2,1,66.7,3,2,1,0,0,0,0,0,0,1,1,0,2,1,1,0,0,0
"Andy Miele",20132014,PHX,C,7,42,15,27,35.7,42,15,27,0,0,0,0,0,0,18,5,13,16,6,10,8,4,4
"Antti Miettinen",20092010,MIN,R,79,83,35,48,42.2,52,23,29,23,10,13,8,2,6,46,18,28,19,9,10,17,8,9
"Antti Miettinen",20102011,MIN,R,73,100,36,64,36,81,29,52,11,5,6,8,2,6,58,22,36,19,7,12,23,7,16
"Antti Miettinen",20112012,WPG,R,45,21,9,12,42.9,9,3,6,9,4,5,3,2,1,9,4,5,9,3,6,3,2,1
"Antti Miettinen",20122013,WPG,R,22,4,0,4,0,2,0,2,0,0,0,2,0,2,2,0,2,1,0,1,1,0,1
"Vladimir Mihalik",20092010,TBL,D,4,0,0,0,--,0,0,0,0,0,0,0,0,0,0,0,0,0,0,0,0,0,0
"Brendan Mikkelson",20092010,ANA,D,28,0,0,0,--,0,0,0,0,0,0,0,0,0,0,0,0,0,0,0,0,0,0
"Brendan Mikkelson",20102011,"ANA,CGY",D,24,0,0,0,--,0,0,0,0,0,0,0,0,0,0,0,0,0,0,0,0,0,0
"Brendan Mikkelson",20112012,TBL,D,41,0,0,0,--,0,0,0,0,0,0,0,0,0,0,0,0,0,0,0,0,0,0
"Brendan Mikkelson",20122013,TBL,D,4,0,0,0,--,0,0,0,0,0,0,0,0,0,0,0,0,0,0,0,0,0,0
"Sonny Milano",20152016,CBJ,L,3,0,0,0,--,0,0,0,0,0,0,0,0,0,0,0,0,0,0,0,0,0,0
"Sonny Milano",20162017,CBJ,L,4,0,0,0,--,0,0,0,0,0,0,0,0,0,0,0,0,0,0,0,0,0,0
"Sonny Milano",20172018,CBJ,L,55,0,0,0,--,0,0,0,0,0,0,0,0,0,0,0,0,0,0,0,0,0,0
"Sonny Milano",20182019,CBJ,L,8,0,0,0,--,0,0,0,0,0,0,0,0,0,0,0,0,0,0,0,0,0,0
"Andrew Miller",20142015,EDM,C,9,2,1,1,50,1,0,1,0,0,0,1,1,0,1,0,1,1,1,0,0,0,0
"Andrew Miller",20152016,EDM,C,6,29,13,16,44.8,29,13,16,0,0,0,0,0,0,9,3,6,13,7,6,7,3,4
"Colin Miller",20152016,BOS,D,42,0,0,0,--,0,0,0,0,0,0,0,0,0,0,0,0,0,0,0,0,0,0
"Colin Miller",20162017,BOS,D,61,0,0,0,--,0,0,0,0,0,0,0,0,0,0,0,0,0,0,0,0,0,0
"Colin Miller",20172018,VGK,D,82,1,1,0,100,1,1,0,0,0,0,0,0,0,0,0,0,1,1,0,0,0,0
"Colin Miller",20182019,VGK,D,65,0,0,0,--,0,0,0,0,0,0,0,0,0,0,0,0,0,0,0,0,0,0
"Drew Miller",20092010,"TBL,DET",L,80,43,14,29,32.6,33,12,21,0,0,0,10,2,8,21,6,15,18,6,12,4,2,2
"Drew Miller",20102011,DET,L,67,17,4,13,23.5,12,4,8,1,0,1,4,0,4,7,2,5,5,1,4,5,1,4
"Drew Miller",20112012,DET,L,80,25,5,20,20,19,4,15,0,0,0,6,1,5,15,3,12,5,1,4,5,1,4
"Drew Miller",20122013,DET,L,44,4,1,3,25,2,1,1,0,0,0,2,0,2,1,1,0,0,0,0,3,0,3
"Drew Miller",20132014,DET,L,82,23,9,14,39.1,10,5,5,0,0,0,13,4,9,8,3,5,5,3,2,10,3,7
"Drew Miller",20142015,DET,L,82,19,6,13,31.6,8,3,5,0,0,0,11,3,8,7,4,3,2,0,2,10,2,8
"Drew Miller",20152016,DET,L,28,2,1,1,50,1,0,1,0,0,0,1,1,0,1,0,1,0,0,0,1,1,0
"Drew Miller",20162017,DET,L,55,3,2,1,66.7,2,1,1,0,0,0,1,1,0,2,1,1,0,0,0,1,1,0
"J.T. Miller",20122013,NYR,C,26,118,63,55,53.4,99,49,50,18,13,5,1,1,0,57,30,27,40,19,21,21,14,7
"J.T. Miller",20132014,NYR,C,30,51,26,25,51,47,25,22,4,1,3,0,0,0,26,10,16,19,11,8,6,5,1
"J.T. Miller",20142015,NYR,C,58,205,93,112,45.4,154,69,85,51,24,27,0,0,0,116,49,67,37,17,20,52,27,25
"J.T. Miller",20152016,NYR,C,82,157,68,89,43.3,116,49,67,41,19,22,0,0,0,96,38,58,38,17,21,23,13,10
"J.T. Miller",20162017,NYR,C,82,357,157,200,44,287,128,159,47,22,25,23,7,16,168,78,90,95,36,59,94,43,51
"J.T. Miller",20172018,"NYR,TBL",C,82,805,437,368,54.3,637,349,288,128,67,61,40,21,19,362,197,165,204,105,99,239,135,104
"J.T. Miller",20182019,TBL,C,75,524,259,265,49.4,363,171,192,159,87,72,2,1,1,263,139,124,115,49,66,146,71,75
"Kevan Miller",20132014,BOS,D,47,0,0,0,--,0,0,0,0,0,0,0,0,0,0,0,0,0,0,0,0,0,0
"Kevan Miller",20142015,BOS,D,41,0,0,0,--,0,0,0,0,0,0,0,0,0,0,0,0,0,0,0,0,0,0
"Kevan Miller",20152016,BOS,D,71,0,0,0,--,0,0,0,0,0,0,0,0,0,0,0,0,0,0,0,0,0,0
"Kevan Miller",20162017,BOS,D,58,0,0,0,--,0,0,0,0,0,0,0,0,0,0,0,0,0,0,0,0,0,0
"Kevan Miller",20172018,BOS,D,68,0,0,0,--,0,0,0,0,0,0,0,0,0,0,0,0,0,0,0,0,0,0
"Kevan Miller",20182019,BOS,D,39,0,0,0,--,0,0,0,0,0,0,0,0,0,0,0,0,0,0,0,0,0,0
"Brad Mills",20102011,NJD,C,4,17,7,10,41.2,17,7,10,0,0,0,0,0,0,2,1,1,5,2,3,10,4,6
"Brad Mills",20112012,NJD,C,27,126,77,49,61.1,102,62,40,2,2,0,22,13,9,40,29,11,35,20,15,51,28,23
"Brad Mills",20132014,CHI,C,3,14,8,6,57.1,11,6,5,0,0,0,3,2,1,4,3,1,5,3,2,5,2,3
"Chris Minard",20092010,EDM,L,5,0,0,0,--,0,0,0,0,0,0,0,0,0,0,0,0,0,0,0,0,0,0
"Andrei Mironov",20172018,COL,D,10,0,0,0,--,0,0,0,0,0,0,0,0,0,0,0,0,0,0,0,0,0,0
"Garrett Mitchell",20162017,WSH,R,1,1,0,1,0,1,0,1,0,0,0,0,0,0,0,0,0,1,0,1,0,0,0
"John Mitchell",20092010,TOR,C,60,477,244,233,51.1,386,192,194,41,26,15,50,26,24,145,77,68,179,91,88,151,75,76
"John Mitchell",20102011,TOR,C,23,149,83,66,55.7,127,67,60,4,1,3,18,15,3,47,24,23,47,27,20,55,32,23
"John Mitchell",20112012,NYR,C,63,199,103,96,51.8,176,90,86,23,13,10,0,0,0,70,38,32,79,43,36,50,22,28
"John Mitchell",20122013,COL,C,47,344,171,173,49.7,233,107,126,66,34,32,45,30,15,123,64,59,98,44,54,123,63,60
"John Mitchell",20132014,COL,C,75,748,374,374,50,614,311,303,48,29,19,86,34,52,207,99,108,241,114,127,300,161,139
"John Mitchell",20142015,COL,C,68,735,374,361,50.9,676,344,332,17,8,9,42,22,20,231,122,109,215,109,106,289,143,146
"John Mitchell",20152016,COL,C,71,849,415,434,48.9,688,358,330,14,8,6,147,49,98,178,95,83,269,132,137,402,188,214
"John Mitchell",20162017,COL,C,65,538,298,240,55.4,489,273,216,11,7,4,38,18,20,181,105,76,164,95,69,193,98,95
"Torrey Mitchell",20092010,SJS,C,56,205,89,116,43.4,191,84,107,9,3,6,5,2,3,61,22,39,89,46,43,54,21,33
"Torrey Mitchell",20102011,SJS,C,66,203,99,104,48.8,184,89,95,8,5,3,11,5,6,62,29,33,76,42,34,65,28,37
"Torrey Mitchell",20112012,SJS,C,76,83,36,47,43.4,73,33,40,5,1,4,5,2,3,30,13,17,28,11,17,25,12,13
"Torrey Mitchell",20122013,MIN,C,45,42,21,21,50,33,17,16,0,0,0,9,4,5,17,6,11,21,11,10,4,4,0
"Torrey Mitchell",20132014,"MIN,BUF",C,67,31,12,19,38.7,17,6,11,0,0,0,14,6,8,7,2,5,12,5,7,12,5,7
"Torrey Mitchell",20142015,"BUF,MTL",C,65,814,399,415,49,706,344,362,6,2,4,102,53,49,192,84,108,234,124,110,388,191,197
"Torrey Mitchell",20152016,MTL,C,71,717,370,347,51.6,600,312,288,8,6,2,109,52,57,140,75,65,206,102,104,371,193,178
"Torrey Mitchell",20162017,MTL,C,78,752,410,342,54.5,612,333,279,5,3,2,135,74,61,138,81,57,206,119,87,408,210,198
"Torrey Mitchell",20172018,"MTL,LAK",C,60,391,194,197,49.6,337,170,167,0,0,0,54,24,30,79,31,48,123,66,57,189,97,92
"Willie Mitchell",20092010,VAN,D,48,0,0,0,--,0,0,0,0,0,0,0,0,0,0,0,0,0,0,0,0,0,0
"Willie Mitchell",20102011,LAK,D,57,0,0,0,--,0,0,0,0,0,0,0,0,0,0,0,0,0,0,0,0,0,0
"Willie Mitchell",20112012,LAK,D,76,1,0,1,0,1,0,1,0,0,0,0,0,0,0,0,0,1,0,1,0,0,0
"Willie Mitchell",20132014,LAK,D,76,0,0,0,--,0,0,0,0,0,0,0,0,0,0,0,0,0,0,0,0,0,0
"Willie Mitchell",20142015,FLA,D,66,0,0,0,--,0,0,0,0,0,0,0,0,0,0,0,0,0,0,0,0,0,0
"Willie Mitchell",20152016,FLA,D,46,0,0,0,--,0,0,0,0,0,0,0,0,0,0,0,0,0,0,0,0,0,0
"Zack Mitchell",20162017,MIN,R,11,19,11,8,57.9,19,11,8,0,0,0,0,0,0,8,4,4,5,4,1,6,3,3
"Zack Mitchell",20172018,MIN,R,23,31,15,16,48.4,28,14,14,1,0,1,2,1,1,17,7,10,8,3,5,6,5,1
"Casey Mittelstadt",20172018,BUF,C,6,36,17,19,47.2,30,14,16,6,3,3,0,0,0,14,7,7,18,8,10,4,2,2
"Casey Mittelstadt",20182019,BUF,C,77,536,213,323,39.7,505,198,307,30,15,15,1,0,1,233,97,136,226,95,131,77,21,56
"Mike Modano",20092010,DAL,C,59,847,427,420,50.4,599,300,299,210,110,100,38,17,21,396,206,190,226,110,116,225,112,113
"Mike Modano",20102011,DET,C,40,274,133,141,48.5,268,128,140,5,5,0,1,0,1,104,50,54,98,50,48,72,33,39
"Freddy Modin",20092010,"CBJ,LAK",L,44,28,18,10,64.3,12,7,5,13,10,3,3,1,2,14,11,3,13,6,7,1,1,0
"Freddy Modin",20102011,"ATL,CGY",L,40,20,8,12,40,11,4,7,3,1,2,6,3,3,6,2,4,3,2,1,11,4,7
"Travis Moen",20092010,MTL,L,81,12,3,9,25,8,1,7,0,0,0,4,2,2,4,0,4,4,1,3,4,2,2
"Travis Moen",20102011,MTL,L,79,22,8,14,36.4,18,4,14,0,0,0,4,4,0,5,1,4,6,4,2,11,3,8
"Travis Moen",20112012,MTL,L,48,12,5,7,41.7,1,0,1,0,0,0,11,5,6,3,1,2,2,1,1,7,3,4
"Travis Moen",20122013,MTL,L,45,10,4,6,40,6,2,4,0,0,0,4,2,2,1,1,0,3,2,1,6,1,5
"Travis Moen",20132014,MTL,L,65,8,7,1,87.5,6,5,1,0,0,0,2,2,0,3,3,0,3,2,1,2,2,0
"Travis Moen",20142015,"MTL,DAL",L,44,4,0,4,0,3,0,3,0,0,0,1,0,1,0,0,0,3,0,3,1,0,1
"Travis Moen",20152016,DAL,L,23,5,4,1,80,5,4,1,0,0,0,0,0,0,5,4,1,0,0,0,0,0,0
"Griffen Molino",20162017,VAN,C,5,0,0,0,--,0,0,0,0,0,0,0,0,0,0,0,0,0,0,0,0,0,0
"Oscar Moller",20092010,LAK,R,34,104,32,72,30.8,100,30,70,2,1,1,2,1,1,34,16,18,44,12,32,25,4,21
"Oscar Moller",20102011,LAK,R,13,5,4,1,80,2,1,1,3,3,0,0,0,0,3,3,0,1,1,0,1,0,1
"Sean Monahan",20132014,CGY,C,75,"1,036",476,560,46,915,422,493,103,49,54,18,5,13,390,164,226,371,170,201,275,142,133
"Sean Monahan",20142015,CGY,C,81,"1,830",902,928,49.3,"1,469",720,749,259,131,128,102,51,51,693,339,354,529,260,269,608,303,305
"Sean Monahan",20152016,CGY,C,81,"1,739",887,852,51,"1,329",688,641,317,162,155,93,37,56,754,371,383,506,271,235,479,245,234
"Sean Monahan",20162017,CGY,C,82,"1,444",743,701,51.5,"1,133",573,560,272,149,123,39,21,18,700,366,334,417,221,196,327,156,171
"Sean Monahan",20172018,CGY,C,74,"1,407",709,698,50.4,"1,094",554,540,286,145,141,27,10,17,672,330,342,394,191,203,341,188,153
"Sean Monahan",20182019,CGY,C,78,888,454,434,51.1,741,375,366,139,74,65,8,5,3,403,203,200,303,155,148,182,96,86
"Steve Montador",20092010,BUF,D,78,1,0,1,0,1,0,1,0,0,0,0,0,0,0,0,0,1,0,1,0,0,0
"Steve Montador",20102011,BUF,D,73,1,0,1,0,0,0,0,0,0,0,1,0,1,0,0,0,0,0,0,1,0,1
"Steve Montador",20112012,CHI,D,52,0,0,0,--,0,0,0,0,0,0,0,0,0,0,0,0,0,0,0,0,0,0
"Brandon Montour",20162017,ANA,D,27,0,0,0,--,0,0,0,0,0,0,0,0,0,0,0,0,0,0,0,0,0,0
"Brandon Montour",20172018,ANA,D,80,0,0,0,--,0,0,0,0,0,0,0,0,0,0,0,0,0,0,0,0,0,0
"Brandon Montour",20182019,"ANA,BUF",D,82,0,0,0,--,0,0,0,0,0,0,0,0,0,0,0,0,0,0,0,0,0,0
"Dominic Moore",20092010,"FLA,MTL",C,69,663,365,298,55,546,302,244,33,23,10,84,40,44,158,84,74,207,116,91,278,153,125
"Dominic Moore",20102011,TBL,C,77,892,475,417,53.3,700,381,319,45,23,22,147,71,76,214,105,109,353,207,146,325,163,162
"Dominic Moore",20112012,"TBL,SJS",C,79,762,419,343,55,631,342,289,35,22,13,96,55,41,171,85,86,290,169,121,301,165,136
"Dominic Moore",20132014,NYR,C,73,648,354,294,54.6,568,321,247,9,3,6,71,30,41,105,54,51,216,118,98,327,182,145
"Dominic Moore",20142015,NYR,C,82,"1,074",585,489,54.5,822,454,368,6,5,1,246,126,120,150,70,80,324,187,137,600,328,272
"Dominic Moore",20152016,NYR,C,80,861,476,385,55.3,634,370,264,7,3,4,220,103,117,100,56,44,256,154,102,505,266,239
"Dominic Moore",20162017,BOS,C,82,654,357,297,54.6,526,296,230,19,11,8,109,50,59,161,94,67,185,110,75,308,153,155
"Dominic Moore",20172018,TOR,C,50,361,196,165,54.3,307,168,139,4,3,1,50,25,25,58,28,30,170,107,63,133,61,72
"Greg Moore",20092010,CBJ,R,4,8,4,4,50,7,4,3,0,0,0,1,0,1,2,1,1,3,2,1,3,1,2
"John Moore",20102011,CBJ,D,2,0,0,0,--,0,0,0,0,0,0,0,0,0,0,0,0,0,0,0,0,0,0
"John Moore",20112012,CBJ,D,67,0,0,0,--,0,0,0,0,0,0,0,0,0,0,0,0,0,0,0,0,0,0
"John Moore",20122013,"CBJ,NYR",D,30,0,0,0,--,0,0,0,0,0,0,0,0,0,0,0,0,0,0,0,0,0,0
"John Moore",20132014,NYR,D,74,0,0,0,--,0,0,0,0,0,0,0,0,0,0,0,0,0,0,0,0,0,0
"John Moore",20142015,"NYR,ARI",D,57,0,0,0,--,0,0,0,0,0,0,0,0,0,0,0,0,0,0,0,0,0,0
"John Moore",20152016,NJD,D,73,0,0,0,--,0,0,0,0,0,0,0,0,0,0,0,0,0,0,0,0,0,0
"John Moore",20162017,NJD,D,63,0,0,0,--,0,0,0,0,0,0,0,0,0,0,0,0,0,0,0,0,0,0
"John Moore",20172018,NJD,D,81,0,0,0,--,0,0,0,0,0,0,0,0,0,0,0,0,0,0,0,0,0,0
"John Moore",20182019,BOS,D,61,0,0,0,--,0,0,0,0,0,0,0,0,0,0,0,0,0,0,0,0,0,0
"Mike Moore",20102011,SJS,D,6,0,0,0,--,0,0,0,0,0,0,0,0,0,0,0,0,0,0,0,0,0,0
"Trevor Moore",20182019,TOR,C,25,0,0,0,--,0,0,0,0,0,0,0,0,0,0,0,0,0,0,0,0,0,0
"Ethan Moreau",20092010,EDM,L,76,17,7,10,41.2,8,4,4,0,0,0,9,3,6,4,2,2,3,1,2,10,4,6
"Ethan Moreau",20102011,CBJ,L,37,17,5,12,29.4,11,3,8,1,1,0,5,1,4,4,1,3,6,2,4,7,2,5
"Ethan Moreau",20112012,LAK,L,28,5,2,3,40,3,2,1,1,0,1,1,0,1,2,1,1,1,0,1,2,1,1
"Jeremy Morin",20102011,CHI,L,9,0,0,0,--,0,0,0,0,0,0,0,0,0,0,0,0,0,0,0,0,0,0
"Jeremy Morin",20112012,CHI,L,3,0,0,0,--,0,0,0,0,0,0,0,0,0,0,0,0,0,0,0,0,0,0
"Jeremy Morin",20122013,CHI,L,3,4,0,4,0,4,0,4,0,0,0,0,0,0,1,0,1,1,0,1,2,0,2
"Jeremy Morin",20132014,CHI,L,24,6,4,2,66.7,5,3,2,1,1,0,0,0,0,6,4,2,0,0,0,0,0,0
"Jeremy Morin",20142015,"CHI,CBJ",L,43,5,2,3,40,4,1,3,1,1,0,0,0,0,3,1,2,2,1,1,0,0,0
"Samuel Morin",20162017,PHI,D,1,0,0,0,--,0,0,0,0,0,0,0,0,0,0,0,0,0,0,0,0,0,0
"Samuel Morin",20172018,PHI,D,2,0,0,0,--,0,0,0,0,0,0,0,0,0,0,0,0,0,0,0,0,0,0
"Samuel Morin",20182019,PHI,D,5,0,0,0,--,0,0,0,0,0,0,0,0,0,0,0,0,0,0,0,0,0,0
"Travis Morin",20102011,DAL,C,3,14,8,6,57.1,14,8,6,0,0,0,0,0,0,3,3,0,11,5,6,0,0,0
"Travis Morin",20132014,DAL,C,4,38,19,19,50,38,19,19,0,0,0,0,0,0,12,7,5,14,5,9,12,7,5
"Travis Morin",20142015,DAL,C,6,60,28,32,46.7,57,26,31,3,2,1,0,0,0,24,11,13,20,9,11,16,8,8
"Derek Morris",20092010,"BOS,PHX",D,76,1,0,1,0,1,0,1,0,0,0,0,0,0,0,0,0,1,0,1,0,0,0
"Derek Morris",20102011,PHX,D,77,3,2,1,66.7,0,0,0,0,0,0,3,2,1,0,0,0,0,0,0,3,2,1
"Derek Morris",20112012,PHX,D,59,0,0,0,--,0,0,0,0,0,0,0,0,0,0,0,0,0,0,0,0,0,0
"Derek Morris",20122013,PHX,D,39,0,0,0,--,0,0,0,0,0,0,0,0,0,0,0,0,0,0,0,0,0,0
"Derek Morris",20132014,PHX,D,63,0,0,0,--,0,0,0,0,0,0,0,0,0,0,0,0,0,0,0,0,0,0
"Brendan Morrison",20092010,WSH,C,74,978,501,477,51.2,860,448,412,104,48,56,14,5,9,343,179,164,398,221,177,238,101,137
"Brendan Morrison",20102011,CGY,C,66,762,378,384,49.6,519,259,260,78,39,39,165,80,85,194,98,96,257,126,131,311,154,157
"Brendan Morrison",20112012,"CGY,CHI",C,39,394,195,199,49.5,338,161,177,37,26,11,19,8,11,125,65,60,143,76,67,126,54,72
"Shaone Morrisonn",20092010,WSH,D,68,0,0,0,--,0,0,0,0,0,0,0,0,0,0,0,0,0,0,0,0,0,0
"Shaone Morrisonn",20102011,BUF,D,62,0,0,0,--,0,0,0,0,0,0,0,0,0,0,0,0,0,0,0,0,0,0
"Josh Morrissey",20152016,WPG,D,1,0,0,0,--,0,0,0,0,0,0,0,0,0,0,0,0,0,0,0,0,0,0
"Josh Morrissey",20162017,WPG,D,82,0,0,0,--,0,0,0,0,0,0,0,0,0,0,0,0,0,0,0,0,0,0
"Josh Morrissey",20172018,WPG,D,81,2,1,1,50,2,1,1,0,0,0,0,0,0,0,0,0,1,1,0,1,0,1
"Josh Morrissey",20182019,WPG,D,59,0,0,0,--,0,0,0,0,0,0,0,0,0,0,0,0,0,0,0,0,0,0
"Brenden Morrow",20092010,DAL,L,76,31,9,22,29,16,3,13,6,2,4,9,4,5,13,3,10,5,2,3,13,4,9
"Brenden Morrow",20102011,DAL,L,82,11,1,10,9.1,9,1,8,2,0,2,0,0,0,6,1,5,2,0,2,3,0,3
"Brenden Morrow",20112012,DAL,L,57,27,11,16,40.7,22,8,14,3,2,1,2,1,1,14,7,7,3,1,2,10,3,7
"Brenden Morrow",20122013,"DAL,PIT",L,44,24,13,11,54.2,17,8,9,7,5,2,0,0,0,14,9,5,5,2,3,5,2,3
"Brenden Morrow",20132014,STL,L,71,29,9,20,31,27,8,19,2,1,1,0,0,0,15,4,11,5,0,5,9,5,4
"Brenden Morrow",20142015,TBL,L,70,0,0,0,--,0,0,0,0,0,0,0,0,0,0,0,0,0,0,0,0,0,0
"Joe Morrow",20142015,BOS,D,15,0,0,0,--,0,0,0,0,0,0,0,0,0,0,0,0,0,0,0,0,0,0
"Joe Morrow",20152016,BOS,D,33,0,0,0,--,0,0,0,0,0,0,0,0,0,0,0,0,0,0,0,0,0,0
"Joe Morrow",20162017,BOS,D,17,0,0,0,--,0,0,0,0,0,0,0,0,0,0,0,0,0,0,0,0,0,0
"Joe Morrow",20172018,"MTL,WPG",D,56,0,0,0,--,0,0,0,0,0,0,0,0,0,0,0,0,0,0,0,0,0,0
"Joe Morrow",20182019,WPG,D,41,0,0,0,--,0,0,0,0,0,0,0,0,0,0,0,0,0,0,0,0,0,0
"Simon Moser",20132014,NSH,C,6,0,0,0,--,0,0,0,0,0,0,0,0,0,0,0,0,0,0,0,0,0,0
"David Moss",20092010,CGY,R,64,43,15,28,34.9,38,14,24,2,1,1,3,0,3,29,8,21,8,3,5,6,4,2
"David Moss",20102011,CGY,R,58,364,157,207,43.1,275,114,161,41,19,22,48,24,24,137,55,82,130,59,71,97,43,54
"David Moss",20112012,CGY,R,32,220,93,127,42.3,163,71,92,15,6,9,42,16,26,69,28,41,59,26,33,92,39,53
"David Moss",20122013,PHX,R,45,31,9,22,29,25,8,17,1,0,1,5,1,4,9,2,7,1,0,1,21,7,14
"David Moss",20132014,PHX,R,79,51,21,30,41.2,34,15,19,3,2,1,14,4,10,18,7,11,12,6,6,21,8,13
"David Moss",20142015,ARI,R,60,13,6,7,46.1,8,4,4,0,0,0,5,2,3,3,1,2,7,3,4,3,2,1
"Johan Motin",20092010,EDM,D,1,0,0,0,--,0,0,0,0,0,0,0,0,0,0,0,0,0,0,0,0,0,0
"Mike Mottau",20092010,NJD,D,79,0,0,0,--,0,0,0,0,0,0,0,0,0,0,0,0,0,0,0,0,0,0
"Mike Mottau",20102011,NYI,D,20,0,0,0,--,0,0,0,0,0,0,0,0,0,0,0,0,0,0,0,0,0,0
"Mike Mottau",20112012,"NYI,BOS",D,35,0,0,0,--,0,0,0,0,0,0,0,0,0,0,0,0,0,0,0,0,0,0
"Mike Mottau",20132014,FLA,D,8,0,0,0,--,0,0,0,0,0,0,0,0,0,0,0,0,0,0,0,0,0,0
"Tyler Motte",20162017,CHI,C,33,10,4,6,40,5,3,2,1,0,1,4,1,3,3,0,3,2,1,1,5,3,2
"Tyler Motte",20172018,"CBJ,VAN",C,46,22,6,16,27.3,19,6,13,0,0,0,3,0,3,4,2,2,8,3,5,10,1,9
"Tyler Motte",20182019,VAN,C,74,48,15,33,31.3,37,11,26,0,0,0,11,4,7,13,4,9,16,6,10,19,5,14
"Kael Mouillierat",20142015,NYI,L,6,34,16,18,47.1,34,16,18,0,0,0,0,0,0,9,3,6,17,10,7,8,3,5
"Kael Mouillierat",20152016,PIT,L,1,11,5,6,45.5,11,5,6,0,0,0,0,0,0,3,1,2,5,2,3,3,2,1
"Matt Moulson",20092010,NYI,L,82,4,3,1,75,4,3,1,0,0,0,0,0,0,0,0,0,1,1,0,3,2,1
"Matt Moulson",20102011,NYI,L,82,9,5,4,55.5,6,5,1,1,0,1,2,0,2,4,0,4,1,1,0,4,4,0
"Matt Moulson",20112012,NYI,L,82,4,2,2,50,4,2,2,0,0,0,0,0,0,1,1,0,0,0,0,3,1,2
"Matt Moulson",20122013,NYI,L,47,1,1,0,100,1,1,0,0,0,0,0,0,0,1,1,0,0,0,0,0,0,0
"Matt Moulson",20132014,"NYI,BUF,MIN",L,75,9,2,7,22.2,8,1,7,1,1,0,0,0,0,3,2,1,1,0,1,5,0,5
"Matt Moulson",20142015,BUF,L,77,22,13,9,59.1,14,7,7,7,5,2,1,1,0,12,8,4,2,1,1,8,4,4
"Matt Moulson",20152016,BUF,L,81,5,0,5,0,5,0,5,0,0,0,0,0,0,0,0,0,1,0,1,4,0,4
"Matt Moulson",20162017,BUF,L,81,4,1,3,25,3,1,2,1,0,1,0,0,0,1,0,1,3,1,2,0,0,0
"Matt Moulson",20172018,BUF,L,14,0,0,0,--,0,0,0,0,0,0,0,0,0,0,0,0,0,0,0,0,0,0
"Vojtech Mozik",20152016,NJD,D,7,0,0,0,--,0,0,0,0,0,0,0,0,0,0,0,0,0,0,0,0,0,0
"Chris Mueller",20102011,NSH,C,15,89,43,46,48.3,88,43,45,0,0,0,1,0,1,29,16,13,16,5,11,44,22,22
"Chris Mueller",20112012,NSH,C,4,27,15,12,55.5,27,15,12,0,0,0,0,0,0,10,4,6,10,8,2,7,3,4
"Chris Mueller",20122013,NSH,C,18,185,92,93,49.7,170,84,86,2,2,0,13,6,7,44,22,22,57,35,22,84,35,49
"Chris Mueller",20132014,DAL,C,9,54,29,25,53.7,52,29,23,1,0,1,1,0,1,16,7,9,23,13,10,15,9,6
"Chris Mueller",20142015,NYR,C,7,64,38,26,59.4,51,26,25,13,12,1,0,0,0,20,14,6,28,17,11,16,7,9
"Marcel Mueller",20102011,TOR,C,3,1,0,1,0,1,0,1,0,0,0,0,0,0,0,0,0,0,0,0,1,0,1
"Mirco Mueller",20142015,SJS,D,39,0,0,0,--,0,0,0,0,0,0,0,0,0,0,0,0,0,0,0,0,0,0
"Mirco Mueller",20152016,SJS,D,11,0,0,0,--,0,0,0,0,0,0,0,0,0,0,0,0,0,0,0,0,0,0
"Mirco Mueller",20162017,SJS,D,4,0,0,0,--,0,0,0,0,0,0,0,0,0,0,0,0,0,0,0,0,0,0
"Mirco Mueller",20172018,NJD,D,28,0,0,0,--,0,0,0,0,0,0,0,0,0,0,0,0,0,0,0,0,0,0
"Mirco Mueller",20182019,NJD,D,53,0,0,0,--,0,0,0,0,0,0,0,0,0,0,0,0,0,0,0,0,0,0
"Peter Mueller",20092010,"PHX,COL",C,69,44,18,26,40.9,38,16,22,6,2,4,0,0,0,20,9,11,14,6,8,10,3,7
"Peter Mueller",20112012,COL,C,32,10,6,4,60,9,6,3,1,0,1,0,0,0,8,5,3,2,1,1,0,0,0
"Peter Mueller",20122013,FLA,C,43,104,46,58,44.2,79,33,46,25,13,12,0,0,0,39,19,20,32,17,15,33,10,23
"Connor Murphy",20132014,PHX,D,30,0,0,0,--,0,0,0,0,0,0,0,0,0,0,0,0,0,0,0,0,0,0
"Connor Murphy",20142015,ARI,D,73,1,0,1,0,1,0,1,0,0,0,0,0,0,0,0,0,0,0,0,1,0,1
"Connor Murphy",20152016,ARI,D,78,0,0,0,--,0,0,0,0,0,0,0,0,0,0,0,0,0,0,0,0,0,0
"Connor Murphy",20162017,ARI,D,77,0,0,0,--,0,0,0,0,0,0,0,0,0,0,0,0,0,0,0,0,0,0
"Connor Murphy",20172018,CHI,D,76,0,0,0,--,0,0,0,0,0,0,0,0,0,0,0,0,0,0,0,0,0,0
"Connor Murphy",20182019,CHI,D,52,0,0,0,--,0,0,0,0,0,0,0,0,0,0,0,0,0,0,0,0,0,0
"Cory Murphy",20092010,NJD,D,12,0,0,0,--,0,0,0,0,0,0,0,0,0,0,0,0,0,0,0,0,0,0
"Ryan Murphy",20122013,CAR,D,4,0,0,0,--,0,0,0,0,0,0,0,0,0,0,0,0,0,0,0,0,0,0
"Ryan Murphy",20132014,CAR,D,48,0,0,0,--,0,0,0,0,0,0,0,0,0,0,0,0,0,0,0,0,0,0
"Ryan Murphy",20142015,CAR,D,37,0,0,0,--,0,0,0,0,0,0,0,0,0,0,0,0,0,0,0,0,0,0
"Ryan Murphy",20152016,CAR,D,35,0,0,0,--,0,0,0,0,0,0,0,0,0,0,0,0,0,0,0,0,0,0
"Ryan Murphy",20162017,CAR,D,27,0,0,0,--,0,0,0,0,0,0,0,0,0,0,0,0,0,0,0,0,0,0
"Ryan Murphy",20172018,MIN,D,21,0,0,0,--,0,0,0,0,0,0,0,0,0,0,0,0,0,0,0,0,0,0
"Ryan Murphy",20182019,"MIN,NJD",D,3,0,0,0,--,0,0,0,0,0,0,0,0,0,0,0,0,0,0,0,0,0,0
"Trevor Murphy",20172018,ARI,D,8,0,0,0,--,0,0,0,0,0,0,0,0,0,0,0,0,0,0,0,0,0,0
"Andrew Murray",20092010,CBJ,C,46,118,49,69,41.5,114,48,66,1,0,1,3,1,2,27,11,16,50,19,31,41,19,22
"Andrew Murray",20102011,CBJ,C,29,41,19,22,46.3,39,19,20,1,0,1,1,0,1,12,5,7,18,9,9,11,5,6
"Andrew Murray",20112012,SJS,C,39,15,5,10,33.3,13,5,8,0,0,0,2,0,2,7,2,5,4,3,1,4,0,4
"Andrew Murray",20122013,STL,C,1,0,0,0,--,0,0,0,0,0,0,0,0,0,0,0,0,0,0,0,0,0,0
"Douglas Murray",20092010,SJS,D,79,0,0,0,--,0,0,0,0,0,0,0,0,0,0,0,0,0,0,0,0,0,0
"Douglas Murray",20102011,SJS,D,73,0,0,0,--,0,0,0,0,0,0,0,0,0,0,0,0,0,0,0,0,0,0
"Douglas Murray",20112012,SJS,D,60,0,0,0,--,0,0,0,0,0,0,0,0,0,0,0,0,0,0,0,0,0,0
"Douglas Murray",20122013,"SJS,PIT",D,43,0,0,0,--,0,0,0,0,0,0,0,0,0,0,0,0,0,0,0,0,0,0
"Douglas Murray",20132014,MTL,D,53,0,0,0,--,0,0,0,0,0,0,0,0,0,0,0,0,0,0,0,0,0,0
"Ryan Murray",20132014,CBJ,D,66,0,0,0,--,0,0,0,0,0,0,0,0,0,0,0,0,0,0,0,0,0,0
"Ryan Murray",20142015,CBJ,D,12,0,0,0,--,0,0,0,0,0,0,0,0,0,0,0,0,0,0,0,0,0,0
"Ryan Murray",20152016,CBJ,D,82,0,0,0,--,0,0,0,0,0,0,0,0,0,0,0,0,0,0,0,0,0,0
"Ryan Murray",20162017,CBJ,D,60,0,0,0,--,0,0,0,0,0,0,0,0,0,0,0,0,0,0,0,0,0,0
"Ryan Murray",20172018,CBJ,D,44,0,0,0,--,0,0,0,0,0,0,0,0,0,0,0,0,0,0,0,0,0,0
"Ryan Murray",20182019,CBJ,D,56,0,0,0,--,0,0,0,0,0,0,0,0,0,0,0,0,0,0,0,0,0,0
"Jan Mursak",20102011,DET,L,19,6,3,3,50,6,3,3,0,0,0,0,0,0,3,1,2,1,0,1,2,2,0
"Jan Mursak",20112012,DET,L,25,3,1,2,33.3,3,1,2,0,0,0,0,0,0,0,0,0,0,0,0,3,1,2
"Jan Mursak",20122013,DET,L,2,2,1,1,50,2,1,1,0,0,0,0,0,0,0,0,0,1,1,0,1,0,1
"David Musil",20142015,EDM,D,4,0,0,0,--,0,0,0,0,0,0,0,0,0,0,0,0,0,0,0,0,0,0
"Jake Muzzin",20102011,LAK,D,11,0,0,0,--,0,0,0,0,0,0,0,0,0,0,0,0,0,0,0,0,0,0
"Jake Muzzin",20122013,LAK,D,45,0,0,0,--,0,0,0,0,0,0,0,0,0,0,0,0,0,0,0,0,0,0
"Jake Muzzin",20132014,LAK,D,76,0,0,0,--,0,0,0,0,0,0,0,0,0,0,0,0,0,0,0,0,0,0
"Jake Muzzin",20142015,LAK,D,76,0,0,0,--,0,0,0,0,0,0,0,0,0,0,0,0,0,0,0,0,0,0
"Jake Muzzin",20152016,LAK,D,82,0,0,0,--,0,0,0,0,0,0,0,0,0,0,0,0,0,0,0,0,0,0
"Jake Muzzin",20162017,LAK,D,82,0,0,0,--,0,0,0,0,0,0,0,0,0,0,0,0,0,0,0,0,0,0
"Jake Muzzin",20172018,LAK,D,74,0,0,0,--,0,0,0,0,0,0,0,0,0,0,0,0,0,0,0,0,0,0
"Jake Muzzin",20182019,"LAK,TOR",D,80,0,0,0,--,0,0,0,0,0,0,0,0,0,0,0,0,0,0,0,0,0,0
"Philippe Myers",20182019,PHI,D,21,0,0,0,--,0,0,0,0,0,0,0,0,0,0,0,0,0,0,0,0,0,0
"Tyler Myers",20092010,BUF,D,82,0,0,0,--,0,0,0,0,0,0,0,0,0,0,0,0,0,0,0,0,0,0
"Tyler Myers",20102011,BUF,D,80,0,0,0,--,0,0,0,0,0,0,0,0,0,0,0,0,0,0,0,0,0,0
"Tyler Myers",20112012,BUF,D,55,0,0,0,--,0,0,0,0,0,0,0,0,0,0,0,0,0,0,0,0,0,0
"Tyler Myers",20122013,BUF,D,39,0,0,0,--,0,0,0,0,0,0,0,0,0,0,0,0,0,0,0,0,0,0
"Tyler Myers",20132014,BUF,D,62,0,0,0,--,0,0,0,0,0,0,0,0,0,0,0,0,0,0,0,0,0,0
"Tyler Myers",20142015,"BUF,WPG",D,71,0,0,0,--,0,0,0,0,0,0,0,0,0,0,0,0,0,0,0,0,0,0
"Tyler Myers",20152016,WPG,D,73,1,0,1,0,1,0,1,0,0,0,0,0,0,0,0,0,0,0,0,1,0,1
"Tyler Myers",20162017,WPG,D,11,0,0,0,--,0,0,0,0,0,0,0,0,0,0,0,0,0,0,0,0,0,0
"Tyler Myers",20172018,WPG,D,82,0,0,0,--,0,0,0,0,0,0,0,0,0,0,0,0,0,0,0,0,0,0
"Tyler Myers",20182019,WPG,D,80,0,0,0,--,0,0,0,0,0,0,0,0,0,0,0,0,0,0,0,0,0,0
"Jakub Nakladal",20152016,CGY,D,27,0,0,0,--,0,0,0,0,0,0,0,0,0,0,0,0,0,0,0,0,0,0
"Jakub Nakladal",20162017,CAR,D,3,0,0,0,--,0,0,0,0,0,0,0,0,0,0,0,0,0,0,0,0,0,0
"Vladislav Namestnikov",20132014,TBL,C,4,26,12,14,46.1,26,12,14,0,0,0,0,0,0,5,3,2,13,5,8,8,4,4
"Vladislav Namestnikov",20142015,TBL,C,43,155,70,85,45.2,131,61,70,18,8,10,6,1,5,48,24,24,78,36,42,29,10,19
"Vladislav Namestnikov",20152016,TBL,C,80,391,175,216,44.8,350,158,192,38,17,21,3,0,3,130,56,74,172,78,94,89,41,48
"Vladislav Namestnikov",20162017,TBL,C,74,480,209,271,43.5,406,171,235,63,34,29,11,4,7,216,91,125,156,59,97,108,59,49
"Vladislav Namestnikov",20172018,"TBL,NYR",C,81,622,285,337,45.8,499,225,274,115,57,58,8,3,5,303,141,162,172,80,92,147,64,83
"Vladislav Namestnikov",20182019,NYR,C,78,54,22,32,40.7,45,15,30,3,2,1,6,5,1,23,7,16,14,6,8,17,9,8
"Brendon Nash",20102011,MTL,D,2,0,0,0,--,0,0,0,0,0,0,0,0,0,0,0,0,0,0,0,0,0,0
"Rick Nash",20092010,CBJ,L,76,22,11,11,50,13,7,6,6,4,2,3,0,3,11,5,6,2,1,1,9,4,5
"Rick Nash",20102011,CBJ,L,75,24,7,17,29.2,14,5,9,10,2,8,0,0,0,19,5,14,1,0,1,4,2,2
"Rick Nash",20112012,CBJ,L,82,19,6,13,31.6,11,4,7,7,2,5,1,0,1,11,4,7,4,1,3,4,1,3
"Rick Nash",20122013,NYR,L,44,12,5,7,41.7,10,5,5,1,0,1,1,0,1,6,3,3,1,0,1,5,2,3
"Rick Nash",20132014,NYR,L,65,2,2,0,100,0,0,0,0,0,0,2,2,0,0,0,0,2,2,0,0,0,0
"Rick Nash",20142015,NYR,L,79,4,2,2,50,4,2,2,0,0,0,0,0,0,3,1,2,1,1,0,0,0,0
"Rick Nash",20152016,NYR,L,60,1,0,1,0,0,0,0,0,0,0,1,0,1,1,0,1,0,0,0,0,0,0
"Rick Nash",20162017,NYR,L,67,1,0,1,0,1,0,1,0,0,0,0,0,0,1,0,1,0,0,0,0,0,0
"Rick Nash",20172018,"NYR,BOS",L,71,19,4,15,21.1,7,1,6,1,0,1,11,3,8,5,1,4,6,1,5,8,2,6
"Riley Nash",20112012,CAR,C,5,35,11,24,31.4,30,9,21,5,2,3,0,0,0,20,6,14,12,4,8,3,1,2
"Riley Nash",20122013,CAR,C,32,289,128,161,44.3,271,121,150,9,5,4,9,2,7,87,43,44,126,49,77,76,36,40
"Riley Nash",20132014,CAR,C,73,666,306,360,46,618,284,334,29,17,12,19,5,14,259,120,139,274,135,139,133,51,82
"Riley Nash",20142015,CAR,C,68,958,488,470,50.9,764,384,380,94,50,44,100,54,46,331,173,158,295,146,149,332,169,163
"Riley Nash",20152016,CAR,C,64,390,193,197,49.5,350,177,173,15,10,5,25,6,19,150,72,78,129,69,60,111,52,59
"Riley Nash",20162017,BOS,C,81,562,276,286,49.1,486,245,241,8,3,5,68,28,40,137,76,61,205,100,105,220,100,120
"Riley Nash",20172018,BOS,C,76,949,459,490,48.4,806,386,420,40,20,20,103,53,50,259,126,133,335,172,163,355,161,194
"Riley Nash",20182019,CBJ,C,78,333,150,183,45,306,141,165,6,1,5,21,8,13,65,24,41,151,79,72,117,47,70
"Joonas Nattinen",20132014,MTL,C,1,2,0,2,0,2,0,2,0,0,0,0,0,0,0,0,0,1,0,1,1,0,1
"James Neal",20092010,DAL,L,78,60,19,41,31.7,32,10,22,12,6,6,16,3,13,22,7,15,22,6,16,16,6,10
"James Neal",20102011,"DAL,PIT",L,79,23,8,15,34.8,20,8,12,3,0,3,0,0,0,13,2,11,6,4,2,4,2,2
"James Neal",20112012,PIT,L,80,15,4,11,26.7,14,4,10,1,0,1,0,0,0,9,1,8,1,1,0,5,2,3
"James Neal",20122013,PIT,L,40,6,1,5,16.7,6,1,5,0,0,0,0,0,0,4,1,3,1,0,1,1,0,1
"James Neal",20132014,PIT,L,59,18,5,13,27.8,16,4,12,1,0,1,1,1,0,7,1,6,7,1,6,4,3,1
"James Neal",20142015,NSH,L,67,17,7,10,41.2,13,6,7,4,1,3,0,0,0,14,7,7,2,0,2,1,0,1
"James Neal",20152016,NSH,L,82,27,8,19,29.6,18,6,12,9,2,7,0,0,0,21,6,15,5,1,4,1,1,0
"James Neal",20162017,NSH,L,70,6,3,3,50,5,3,2,0,0,0,1,0,1,3,1,2,2,1,1,1,1,0
"James Neal",20172018,VGK,L,71,2,0,2,0,2,0,2,0,0,0,0,0,0,2,0,2,0,0,0,0,0,0
"James Neal",20182019,CGY,L,63,11,5,6,45.5,11,5,6,0,0,0,0,0,0,7,2,5,1,1,0,3,2,1
"Martin Necas",20172018,CAR,C,1,4,0,4,0,4,0,4,0,0,0,0,0,0,2,0,2,2,0,2,0,0,0
"Martin Necas",20182019,CAR,C,7,44,16,28,36.4,37,15,22,7,1,6,0,0,0,16,7,9,23,8,15,5,1,4
"Chris Neil",20092010,OTT,R,68,4,2,2,50,4,2,2,0,0,0,0,0,0,2,1,1,0,0,0,2,1,1
"Chris Neil",20102011,OTT,R,80,6,3,3,50,5,3,2,1,0,1,0,0,0,2,1,1,1,0,1,3,2,1
"Chris Neil",20112012,OTT,R,72,2,0,2,0,2,0,2,0,0,0,0,0,0,1,0,1,1,0,1,0,0,0
"Chris Neil",20122013,OTT,R,48,6,3,3,50,4,2,2,2,1,1,0,0,0,1,0,1,4,2,2,1,1,0
"Chris Neil",20132014,OTT,R,76,3,1,2,33.3,2,1,1,1,0,1,0,0,0,1,0,1,0,0,0,2,1,1
"Chris Neil",20142015,OTT,R,38,5,3,2,60,5,3,2,0,0,0,0,0,0,1,1,0,0,0,0,4,2,2
"Chris Neil",20152016,OTT,R,80,2,1,1,50,2,1,1,0,0,0,0,0,0,1,0,1,1,1,0,0,0,0
"Chris Neil",20162017,OTT,R,53,0,0,0,--,0,0,0,0,0,0,0,0,0,0,0,0,0,0,0,0,0,0
"Brock Nelson",20132014,NYI,C,72,451,191,260,42.4,387,162,225,39,19,20,25,10,15,147,54,93,153,62,91,151,75,76
"Brock Nelson",20142015,NYI,C,82,799,354,445,44.3,720,317,403,24,15,9,55,22,33,209,84,125,281,128,153,309,142,167
"Brock Nelson",20152016,NYI,C,81,388,186,202,47.9,348,172,176,23,5,18,17,9,8,123,55,68,146,68,78,119,63,56
"Brock Nelson",20162017,NYI,C,81,791,346,445,43.7,694,298,396,42,23,19,55,25,30,213,86,127,278,124,154,300,136,164
"Brock Nelson",20172018,NYI,C,82,805,389,416,48.3,685,328,357,86,46,40,34,15,19,257,132,125,281,124,157,267,133,134
"Brock Nelson",20182019,NYI,C,82,"1,246",594,652,47.7,"1,036",490,546,156,82,74,54,22,32,429,204,225,428,209,219,389,181,208
"Casey Nelson",20152016,BUF,D,7,0,0,0,--,0,0,0,0,0,0,0,0,0,0,0,0,0,0,0,0,0,0
"Casey Nelson",20162017,BUF,D,11,0,0,0,--,0,0,0,0,0,0,0,0,0,0,0,0,0,0,0,0,0,0
"Casey Nelson",20172018,BUF,D,37,0,0,0,--,0,0,0,0,0,0,0,0,0,0,0,0,0,0,0,0,0,0
"Casey Nelson",20182019,BUF,D,38,0,0,0,--,0,0,0,0,0,0,0,0,0,0,0,0,0,0,0,0,0,0
"Patrik Nemeth",20132014,DAL,D,8,0,0,0,--,0,0,0,0,0,0,0,0,0,0,0,0,0,0,0,0,0,0
"Patrik Nemeth",20142015,DAL,D,22,0,0,0,--,0,0,0,0,0,0,0,0,0,0,0,0,0,0,0,0,0,0
"Patrik Nemeth",20152016,DAL,D,38,0,0,0,--,0,0,0,0,0,0,0,0,0,0,0,0,0,0,0,0,0,0
"Patrik Nemeth",20162017,DAL,D,40,0,0,0,--,0,0,0,0,0,0,0,0,0,0,0,0,0,0,0,0,0,0
"Patrik Nemeth",20172018,COL,D,68,3,0,3,0,3,0,3,0,0,0,0,0,0,1,0,1,1,0,1,1,0,1
"Patrik Nemeth",20182019,COL,D,74,0,0,0,--,0,0,0,0,0,0,0,0,0,0,0,0,0,0,0,0,0,0
"Greg Nemisz",20102011,CGY,R,6,3,1,2,33.3,3,1,2,0,0,0,0,0,0,2,1,1,1,0,1,0,0,0
"Greg Nemisz",20112012,CGY,R,9,48,19,29,39.6,48,19,29,0,0,0,0,0,0,11,6,5,23,10,13,14,3,11
"Aaron Ness",20112012,NYI,D,9,0,0,0,--,0,0,0,0,0,0,0,0,0,0,0,0,0,0,0,0,0,0
"Aaron Ness",20132014,NYI,D,20,0,0,0,--,0,0,0,0,0,0,0,0,0,0,0,0,0,0,0,0,0,0
"Aaron Ness",20152016,WSH,D,8,0,0,0,--,0,0,0,0,0,0,0,0,0,0,0,0,0,0,0,0,0,0
"Aaron Ness",20162017,WSH,D,2,0,0,0,--,0,0,0,0,0,0,0,0,0,0,0,0,0,0,0,0,0,0
"Aaron Ness",20172018,WSH,D,8,0,0,0,--,0,0,0,0,0,0,0,0,0,0,0,0,0,0,0,0,0,0
"Nikita Nesterov",20142015,TBL,D,27,0,0,0,--,0,0,0,0,0,0,0,0,0,0,0,0,0,0,0,0,0,0
"Nikita Nesterov",20152016,TBL,D,57,0,0,0,--,0,0,0,0,0,0,0,0,0,0,0,0,0,0,0,0,0,0
"Nikita Nesterov",20162017,"TBL,MTL",D,48,0,0,0,--,0,0,0,0,0,0,0,0,0,0,0,0,0,0,0,0,0,0
"Andrej Nestrasil",20142015,"DET,CAR",C,54,94,55,39,58.5,92,53,39,2,2,0,0,0,0,40,23,17,35,21,14,19,11,8
"Andrej Nestrasil",20152016,CAR,C,55,25,8,17,32,21,7,14,4,1,3,0,0,0,19,6,13,4,2,2,2,0,2
"Andrej Nestrasil",20162017,CAR,C,19,10,3,7,30,9,2,7,1,1,0,0,0,0,3,1,2,4,1,3,3,1,2
"Kris Newbury",20092010,DET,C,4,18,7,11,38.9,18,7,11,0,0,0,0,0,0,7,1,6,7,3,4,4,3,1
"Kris Newbury",20102011,NYR,C,11,56,34,22,60.7,53,33,20,1,0,1,2,1,1,22,15,7,15,9,6,19,10,9
"Kris Newbury",20112012,NYR,C,7,17,6,11,35.3,16,6,10,1,0,1,0,0,0,6,1,5,4,1,3,7,4,3
"Kris Newbury",20122013,NYR,C,6,32,16,16,50,29,15,14,3,1,2,0,0,0,18,9,9,10,6,4,4,1,3
"Kris Newbury",20132014,PHI,C,4,14,6,8,42.9,14,6,8,0,0,0,0,0,0,3,1,2,10,5,5,1,0,1
"Scott Nichol",20092010,SJS,C,79,832,504,328,60.6,679,413,266,18,12,6,135,79,56,214,133,81,305,191,114,309,179,130
"Scott Nichol",20102011,SJS,C,56,485,288,197,59.4,402,238,164,3,2,1,80,48,32,113,66,47,166,87,79,206,135,71
"Scott Nichol",20112012,STL,C,80,450,259,191,57.5,375,216,159,2,1,1,73,42,31,116,69,47,163,95,68,171,95,76
"Scott Nichol",20122013,STL,C,30,218,132,86,60.5,183,113,70,3,0,3,32,19,13,57,36,21,70,45,25,91,51,40
"Valeri Nichushkin",20132014,DAL,R,79,1,0,1,0,1,0,1,0,0,0,0,0,0,1,0,1,0,0,0,0,0,0
"Valeri Nichushkin",20142015,DAL,R,8,0,0,0,--,0,0,0,0,0,0,0,0,0,0,0,0,0,0,0,0,0,0
"Valeri Nichushkin",20152016,DAL,R,79,1,0,1,0,1,0,1,0,0,0,0,0,0,0,0,0,1,0,1,0,0,0
"Valeri Nichushkin",20182019,DAL,R,57,6,3,3,50,6,3,3,0,0,0,0,0,0,4,2,2,2,1,1,0,0,0
"Rob Niedermayer",20092010,NJD,C,71,945,478,467,50.6,721,369,352,65,37,28,159,72,87,247,135,112,364,198,166,328,144,184
"Rob Niedermayer",20102011,BUF,C,71,276,129,147,46.7,245,117,128,7,5,2,24,7,17,99,43,56,96,40,56,81,46,35
"Scott Niedermayer",20092010,ANA,D,80,1,0,1,0,0,0,0,0,0,0,1,0,1,0,0,0,0,0,0,1,0,1
"Nino Niederreiter",20102011,NYI,R,9,0,0,0,--,0,0,0,0,0,0,0,0,0,0,0,0,0,0,0,0,0,0
"Nino Niederreiter",20112012,NYI,R,55,2,0,2,0,2,0,2,0,0,0,0,0,0,1,0,1,1,0,1,0,0,0
"Nino Niederreiter",20132014,MIN,R,81,26,7,19,26.9,23,6,17,3,1,2,0,0,0,14,4,10,7,2,5,5,1,4
"Nino Niederreiter",20142015,MIN,R,80,7,2,5,28.6,5,2,3,1,0,1,1,0,1,3,0,3,2,0,2,2,2,0
"Nino Niederreiter",20152016,MIN,R,82,27,11,16,40.7,9,3,6,18,8,10,0,0,0,23,9,14,2,2,0,2,0,2
"Nino Niederreiter",20162017,MIN,R,82,1,0,1,0,0,0,0,1,0,1,0,0,0,0,0,0,1,0,1,0,0,0
"Nino Niederreiter",20172018,MIN,R,63,33,15,18,45.5,23,14,9,9,1,8,1,0,1,19,9,10,6,3,3,8,3,5
"Nino Niederreiter",20182019,"MIN,CAR",R,82,67,37,30,55.2,56,31,25,11,6,5,0,0,0,36,17,19,15,10,5,16,10,6
"Frans Nielsen",20092010,NYI,C,76,"1,165",583,582,50,845,431,414,174,93,81,146,59,87,400,203,197,345,172,173,419,207,212
"Frans Nielsen",20102011,NYI,C,71,965,446,519,46.2,790,365,425,51,22,29,124,59,65,214,99,115,422,188,234,329,159,170
"Frans Nielsen",20112012,NYI,C,82,"1,156",523,633,45.2,927,422,505,37,23,14,192,78,114,258,112,146,449,211,238,449,200,249
"Frans Nielsen",20122013,NYI,C,48,558,268,290,48,395,197,198,20,13,7,143,58,85,121,60,61,207,103,104,230,105,125
"Frans Nielsen",20132014,NYI,C,80,"1,084",534,550,49.3,862,440,422,38,19,19,184,75,109,282,130,152,379,187,192,423,217,206
"Frans Nielsen",20142015,NYI,C,78,"1,050",506,544,48.2,850,419,431,36,19,17,164,68,96,264,140,124,380,173,207,406,193,213
"Frans Nielsen",20152016,NYI,C,81,"1,169",586,583,50.1,909,461,448,67,37,30,193,88,105,313,153,160,377,178,199,479,255,224
"Frans Nielsen",20162017,DET,C,79,"1,214",653,561,53.8,917,498,419,142,89,53,155,66,89,474,272,202,397,217,180,343,164,179
"Frans Nielsen",20172018,DET,C,79,"1,041",483,558,46.4,855,405,450,39,22,17,147,56,91,273,121,152,384,188,196,384,174,210
"Frans Nielsen",20182019,DET,C,72,923,450,473,48.8,779,387,392,94,45,49,50,18,32,307,149,158,353,186,167,263,115,148
"Matt Nieto",20132014,SJS,L,66,11,3,8,27.3,7,3,4,4,0,4,0,0,0,4,0,4,3,1,2,4,2,2
"Matt Nieto",20142015,SJS,L,72,1,0,1,0,1,0,1,0,0,0,0,0,0,1,0,1,0,0,0,0,0,0
"Matt Nieto",20152016,SJS,L,67,8,2,6,25,4,1,3,0,0,0,4,1,3,3,1,2,3,1,2,2,0,2
"Matt Nieto",20162017,"SJS,COL",L,59,6,2,4,33.3,3,1,2,0,0,0,3,1,2,2,0,2,3,1,2,1,1,0
"Matt Nieto",20172018,COL,L,74,13,4,9,30.8,4,1,3,0,0,0,9,3,6,2,1,1,7,2,5,4,1,3
"Matt Nieto",20182019,COL,L,64,17,9,8,52.9,2,1,1,0,0,0,15,8,7,1,0,1,8,3,5,8,6,2
"Boo Nieves",20162017,NYR,C,1,10,3,7,30,10,3,7,0,0,0,0,0,0,2,1,1,7,2,5,1,0,1
"Boo Nieves",20172018,NYR,C,28,219,97,122,44.3,210,94,116,3,3,0,6,0,6,56,20,36,92,40,52,71,37,34
"Boo Nieves",20182019,NYR,C,43,227,88,139,38.8,220,86,134,2,1,1,5,1,4,59,16,43,85,37,48,83,35,48
"Nikita Nikitin",20102011,STL,D,41,0,0,0,--,0,0,0,0,0,0,0,0,0,0,0,0,0,0,0,0,0,0
"Nikita Nikitin",20112012,"STL,CBJ",D,61,0,0,0,--,0,0,0,0,0,0,0,0,0,0,0,0,0,0,0,0,0,0
"Nikita Nikitin",20122013,CBJ,D,38,0,0,0,--,0,0,0,0,0,0,0,0,0,0,0,0,0,0,0,0,0,0
"Nikita Nikitin",20132014,CBJ,D,66,0,0,0,--,0,0,0,0,0,0,0,0,0,0,0,0,0,0,0,0,0,0
"Nikita Nikitin",20142015,EDM,D,42,0,0,0,--,0,0,0,0,0,0,0,0,0,0,0,0,0,0,0,0,0,0
"Nikita Nikitin",20152016,EDM,D,11,0,0,0,--,0,0,0,0,0,0,0,0,0,0,0,0,0,0,0,0,0,0
"Sami Niku",20172018,WPG,D,1,0,0,0,--,0,0,0,0,0,0,0,0,0,0,0,0,0,0,0,0,0,0
"Sami Niku",20182019,WPG,D,30,0,0,0,--,0,0,0,0,0,0,0,0,0,0,0,0,0,0,0,0,0,0
"Jacob Nilsson",20182019,CHI,C,2,8,3,5,37.5,8,3,5,0,0,0,0,0,0,2,2,0,5,1,4,1,0,1
"Robert Nilsson",20092010,EDM,C,60,3,1,2,33.3,3,1,2,0,0,0,0,0,0,1,1,0,1,0,1,1,0,1
"Matt Niskanen",20092010,DAL,D,74,0,0,0,--,0,0,0,0,0,0,0,0,0,0,0,0,0,0,0,0,0,0
"Matt Niskanen",20102011,"DAL,PIT",D,63,0,0,0,--,0,0,0,0,0,0,0,0,0,0,0,0,0,0,0,0,0,0
"Matt Niskanen",20112012,PIT,D,75,0,0,0,--,0,0,0,0,0,0,0,0,0,0,0,0,0,0,0,0,0,0
"Matt Niskanen",20122013,PIT,D,40,0,0,0,--,0,0,0,0,0,0,0,0,0,0,0,0,0,0,0,0,0,0
"Matt Niskanen",20132014,PIT,D,81,0,0,0,--,0,0,0,0,0,0,0,0,0,0,0,0,0,0,0,0,0,0
"Matt Niskanen",20142015,WSH,D,82,0,0,0,--,0,0,0,0,0,0,0,0,0,0,0,0,0,0,0,0,0,0
"Matt Niskanen",20152016,WSH,D,82,0,0,0,--,0,0,0,0,0,0,0,0,0,0,0,0,0,0,0,0,0,0
"Matt Niskanen",20162017,WSH,D,78,0,0,0,--,0,0,0,0,0,0,0,0,0,0,0,0,0,0,0,0,0,0
"Matt Niskanen",20172018,WSH,D,68,0,0,0,--,0,0,0,0,0,0,0,0,0,0,0,0,0,0,0,0,0,0
"Matt Niskanen",20182019,WSH,D,80,0,0,0,--,0,0,0,0,0,0,0,0,0,0,0,0,0,0,0,0,0,0
"Andreas Nodl",20092010,PHI,R,10,0,0,0,--,0,0,0,0,0,0,0,0,0,0,0,0,0,0,0,0,0,0
"Andreas Nodl",20102011,PHI,R,67,19,11,8,57.9,19,11,8,0,0,0,0,0,0,10,5,5,3,2,1,6,4,2
"Andreas Nodl",20112012,"PHI,CAR",R,60,8,3,5,37.5,7,3,4,0,0,0,1,0,1,2,1,1,3,1,2,3,1,2
"Andreas Nodl",20122013,CAR,R,8,3,1,2,33.3,3,1,2,0,0,0,0,0,0,1,1,0,2,0,2,0,0,0
"Stefan Noesen",20142015,ANA,R,1,0,0,0,--,0,0,0,0,0,0,0,0,0,0,0,0,0,0,0,0,0,0
"Stefan Noesen",20152016,ANA,R,1,0,0,0,--,0,0,0,0,0,0,0,0,0,0,0,0,0,0,0,0,0,0
"Stefan Noesen",20162017,"ANA,NJD",R,44,67,26,41,38.8,64,24,40,2,2,0,1,0,1,33,11,22,26,12,14,8,3,5
"Stefan Noesen",20172018,NJD,R,72,55,20,35,36.4,50,18,32,4,2,2,1,0,1,25,8,17,15,9,6,15,3,12
"Stefan Noesen",20182019,NJD,R,41,56,23,33,41.1,48,19,29,8,4,4,0,0,0,25,9,16,15,6,9,16,8,8
"Nelson Nogier",20162017,WPG,D,10,0,0,0,--,0,0,0,0,0,0,0,0,0,0,0,0,0,0,0,0,0,0
"Nelson Nogier",20182019,WPG,D,1,0,0,0,--,0,0,0,0,0,0,0,0,0,0,0,0,0,0,0,0,0,0
"Petteri Nokelainen",20092010,"ANA,PHX",C,67,444,200,244,45,330,154,176,18,6,12,96,40,56,136,56,80,147,76,71,160,69,91
"Petteri Nokelainen",20112012,"PHX,MTL",C,56,309,165,144,53.4,269,143,126,5,3,2,35,19,16,70,40,30,124,59,65,115,66,49
"Jordan Nolan",20112012,LAK,C,26,1,1,0,100,1,1,0,0,0,0,0,0,0,0,0,0,1,1,0,0,0,0
"Jordan Nolan",20122013,LAK,C,44,8,0,8,0,8,0,8,0,0,0,0,0,0,3,0,3,1,0,1,4,0,4
"Jordan Nolan",20132014,LAK,C,64,4,1,3,25,4,1,3,0,0,0,0,0,0,0,0,0,4,1,3,0,0,0
"Jordan Nolan",20142015,LAK,C,60,6,1,5,16.7,4,1,3,1,0,1,1,0,1,5,1,4,1,0,1,0,0,0
"Jordan Nolan",20152016,LAK,C,52,1,0,1,0,1,0,1,0,0,0,0,0,0,1,0,1,0,0,0,0,0,0
"Jordan Nolan",20162017,LAK,C,46,6,2,4,33.3,6,2,4,0,0,0,0,0,0,5,2,3,0,0,0,1,0,1
"Jordan Nolan",20172018,BUF,C,69,4,1,3,25,4,1,3,0,0,0,0,0,0,3,1,2,1,0,1,0,0,0
"Jordan Nolan",20182019,STL,C,14,1,0,1,0,1,0,1,0,0,0,0,0,0,1,0,1,0,0,0,0,0,0
"Owen Nolan",20092010,MIN,R,73,390,184,206,47.2,228,101,127,53,32,21,109,51,58,154,67,87,32,16,16,199,99,100
"Joakim Nordstrom",20132014,CHI,C,16,27,10,17,37,23,10,13,0,0,0,4,0,4,6,3,3,8,3,5,13,4,9
"Joakim Nordstrom",20142015,CHI,C,38,10,2,8,20,5,2,3,1,0,1,4,0,4,1,0,1,5,2,3,4,0,4
"Joakim Nordstrom",20152016,CAR,C,71,10,6,4,60,5,3,2,1,1,0,4,2,2,3,3,0,4,2,2,3,1,2
"Joakim Nordstrom",20162017,CAR,C,82,29,9,20,31,25,8,17,3,0,3,1,1,0,22,7,15,5,1,4,2,1,1
"Joakim Nordstrom",20172018,CAR,C,75,77,36,41,46.8,59,31,28,1,0,1,17,5,12,23,12,11,31,12,19,23,12,11
"Joakim Nordstrom",20182019,BOS,C,70,125,48,77,38.4,101,37,64,1,0,1,23,11,12,39,13,26,47,21,26,39,14,25
"Maxim Noreau",20092010,MIN,D,1,0,0,0,--,0,0,0,0,0,0,0,0,0,0,0,0,0,0,0,0,0,0
"Maxim Noreau",20102011,MIN,D,5,0,0,0,--,0,0,0,0,0,0,0,0,0,0,0,0,0,0,0,0,0,0
"Tomas Nosek",20152016,DET,L,6,8,4,4,50,5,3,2,0,0,0,3,1,2,2,0,2,4,3,1,2,1,1
"Tomas Nosek",20162017,DET,L,11,68,37,31,54.4,63,34,29,0,0,0,5,3,2,18,9,9,21,13,8,29,15,14
"Tomas Nosek",20172018,VGK,L,67,65,35,30,53.9,55,31,24,2,0,2,8,4,4,28,15,13,22,11,11,15,9,6
"Tomas Nosek",20182019,VGK,L,68,132,82,50,62.1,112,71,41,6,3,3,14,8,6,52,32,20,37,25,12,43,25,18
"Ryan Nugent-Hopkins",20112012,EDM,C,62,605,227,378,37.5,580,215,365,23,12,11,2,0,2,231,75,156,269,110,159,105,42,63
"Ryan Nugent-Hopkins",20122013,EDM,C,40,551,226,325,41,510,204,306,36,21,15,5,1,4,168,77,91,228,90,138,155,59,96
"Ryan Nugent-Hopkins",20132014,EDM,C,80,"1,280",543,737,42.4,"1,059",447,612,192,86,106,29,10,19,487,207,280,558,233,325,235,103,132
"Ryan Nugent-Hopkins",20142015,EDM,C,76,"1,356",620,736,45.7,"1,132",502,630,195,102,93,29,16,13,563,257,306,545,252,293,248,111,137
"Ryan Nugent-Hopkins",20152016,EDM,C,55,823,369,454,44.8,712,307,405,93,51,42,18,11,7,296,128,168,330,162,168,197,79,118
"Ryan Nugent-Hopkins",20162017,EDM,C,82,"1,268",556,712,43.9,"1,018",455,563,134,63,71,116,38,78,396,178,218,512,233,279,360,145,215
"Ryan Nugent-Hopkins",20172018,EDM,C,62,767,374,393,48.8,636,308,328,46,29,17,85,37,48,237,122,115,250,119,131,280,133,147
"Ryan Nugent-Hopkins",20182019,EDM,C,82,840,379,461,45.1,695,321,374,12,5,7,133,53,80,206,82,124,257,120,137,377,177,200
"Darnell Nurse",20142015,EDM,D,2,0,0,0,--,0,0,0,0,0,0,0,0,0,0,0,0,0,0,0,0,0,0
"Darnell Nurse",20152016,EDM,D,69,0,0,0,--,0,0,0,0,0,0,0,0,0,0,0,0,0,0,0,0,0,0
"Darnell Nurse",20162017,EDM,D,44,0,0,0,--,0,0,0,0,0,0,0,0,0,0,0,0,0,0,0,0,0,0
"Darnell Nurse",20172018,EDM,D,82,0,0,0,--,0,0,0,0,0,0,0,0,0,0,0,0,0,0,0,0,0,0
"Darnell Nurse",20182019,EDM,D,82,0,0,0,--,0,0,0,0,0,0,0,0,0,0,0,0,0,0,0,0,0,0
"Markus Nutivaara",20162017,CBJ,D,66,0,0,0,--,0,0,0,0,0,0,0,0,0,0,0,0,0,0,0,0,0,0
"Markus Nutivaara",20172018,CBJ,D,61,0,0,0,--,0,0,0,0,0,0,0,0,0,0,0,0,0,0,0,0,0,0
"Markus Nutivaara",20182019,CBJ,D,80,0,0,0,--,0,0,0,0,0,0,0,0,0,0,0,0,0,0,0,0,0,0
"Alex Nylander",20162017,BUF,L,4,2,0,2,0,1,0,1,1,0,1,0,0,0,1,0,1,0,0,0,1,0,1
"Alex Nylander",20172018,BUF,L,3,0,0,0,--,0,0,0,0,0,0,0,0,0,0,0,0,0,0,0,0,0,0
"Alex Nylander",20182019,BUF,L,12,3,2,1,66.7,3,2,1,0,0,0,0,0,0,2,2,0,0,0,0,1,0,1
"William Nylander",20152016,TOR,R,22,291,143,148,49.1,263,131,132,28,12,16,0,0,0,134,63,71,85,45,40,72,35,37
"William Nylander",20162017,TOR,R,81,122,49,73,40.2,92,36,56,29,13,16,1,0,1,58,25,33,44,15,29,20,9,11
"William Nylander",20172018,TOR,R,82,650,334,316,51.4,585,302,283,63,31,32,2,1,1,243,113,130,210,113,97,197,108,89
"William Nylander",20182019,TOR,R,54,368,203,165,55.2,329,184,145,39,19,20,0,0,0,177,100,77,95,49,46,96,54,42
"Gustav Nyquist",20112012,DET,C,18,0,0,0,--,0,0,0,0,0,0,0,0,0,0,0,0,0,0,0,0,0,0
"Gustav Nyquist",20122013,DET,C,22,4,1,3,25,3,0,3,1,1,0,0,0,0,3,1,2,0,0,0,1,0,1
"Gustav Nyquist",20132014,DET,C,57,9,5,4,55.5,7,5,2,2,0,2,0,0,0,6,2,4,2,2,0,1,1,0
"Gustav Nyquist",20142015,DET,C,82,9,1,8,11.1,8,1,7,1,0,1,0,0,0,6,0,6,2,0,2,1,1,0
"Gustav Nyquist",20152016,DET,C,82,2,0,2,0,2,0,2,0,0,0,0,0,0,1,0,1,0,0,0,1,0,1
"Gustav Nyquist",20162017,DET,C,76,5,4,1,80,4,4,0,1,0,1,0,0,0,2,1,1,2,2,0,1,1,0
"Gustav Nyquist",20172018,DET,C,82,13,6,7,46.1,13,6,7,0,0,0,0,0,0,8,2,6,4,3,1,1,1,0
"Gustav Nyquist",20182019,"DET,SJS",C,81,22,11,11,50,19,10,9,3,1,2,0,0,0,11,5,6,4,2,2,7,4,3
"Eric Nystrom",20092010,CGY,L,82,279,127,152,45.5,212,105,107,4,3,1,63,19,44,80,35,45,105,55,50,93,37,56
"Eric Nystrom",20102011,MIN,L,82,131,45,86,34.4,121,43,78,4,1,3,6,1,5,34,12,22,61,18,43,36,15,21
"Eric Nystrom",20112012,DAL,L,74,29,14,15,48.3,20,8,12,0,0,0,9,6,3,5,1,4,9,5,4,15,8,7
"Eric Nystrom",20122013,DAL,L,48,26,15,11,57.7,21,11,10,0,0,0,5,4,1,3,1,2,7,3,4,16,11,5
"Eric Nystrom",20132014,NSH,L,79,10,2,8,20,7,1,6,2,0,2,1,1,0,4,0,4,3,2,1,3,0,3
"Eric Nystrom",20142015,NSH,L,60,12,4,8,33.3,8,3,5,0,0,0,4,1,3,0,0,0,8,3,5,4,1,3
"Eric Nystrom",20152016,NSH,L,46,2,1,1,50,1,1,0,0,0,0,1,0,1,0,0,0,1,0,1,1,1,0
"Jim O'Brien",20102011,OTT,C,6,16,8,8,50,14,7,7,0,0,0,2,1,1,3,1,2,10,5,5,3,2,1
"Jim O'Brien",20112012,OTT,C,28,256,121,135,47.3,186,92,94,1,0,1,69,29,40,65,33,32,83,43,40,108,45,63
"Jim O'Brien",20122013,OTT,C,29,219,100,119,45.7,151,73,78,1,1,0,67,26,41,52,27,25,50,33,17,117,40,77
"Jim O'Brien",20152016,NJD,C,4,49,29,20,59.2,46,27,19,1,1,0,2,1,1,17,9,8,17,11,6,15,9,6
"Jim O'Brien",20172018,OTT,C,10,64,27,37,42.2,61,26,35,0,0,0,3,1,2,16,7,9,28,14,14,20,6,14
"Liam O'Brien",20142015,WSH,C,13,2,1,1,50,2,1,1,0,0,0,0,0,0,1,0,1,1,1,0,0,0,0
"Liam O'Brien",20162017,WSH,C,1,0,0,0,--,0,0,0,0,0,0,0,0,0,0,0,0,0,0,0,0,0,0
"Liam O'Brien",20172018,WSH,C,3,2,0,2,0,2,0,2,0,0,0,0,0,0,1,0,1,1,0,1,0,0,0
"Shane O'Brien",20092010,VAN,D,65,0,0,0,--,0,0,0,0,0,0,0,0,0,0,0,0,0,0,0,0,0,0
"Shane O'Brien",20102011,NSH,D,80,0,0,0,--,0,0,0,0,0,0,0,0,0,0,0,0,0,0,0,0,0,0
"Shane O'Brien",20112012,COL,D,76,0,0,0,--,0,0,0,0,0,0,0,0,0,0,0,0,0,0,0,0,0,0
"Shane O'Brien",20122013,COL,D,28,0,0,0,--,0,0,0,0,0,0,0,0,0,0,0,0,0,0,0,0,0,0
"Shane O'Brien",20132014,CGY,D,45,0,0,0,--,0,0,0,0,0,0,0,0,0,0,0,0,0,0,0,0,0,0
"Shane O'Brien",20142015,FLA,D,9,0,0,0,--,0,0,0,0,0,0,0,0,0,0,0,0,0,0,0,0,0,0
"Ryan O'Byrne",20092010,MTL,D,55,0,0,0,--,0,0,0,0,0,0,0,0,0,0,0,0,0,0,0,0,0,0
"Ryan O'Byrne",20102011,"MTL,COL",D,67,0,0,0,--,0,0,0,0,0,0,0,0,0,0,0,0,0,0,0,0,0,0
"Ryan O'Byrne",20112012,COL,D,74,0,0,0,--,0,0,0,0,0,0,0,0,0,0,0,0,0,0,0,0,0,0
"Ryan O'Byrne",20122013,"COL,TOR",D,42,0,0,0,--,0,0,0,0,0,0,0,0,0,0,0,0,0,0,0,0,0,0
"Logan O'Connor",20182019,COL,R,5,3,0,3,0,3,0,3,0,0,0,0,0,0,2,0,2,1,0,1,0,0,0
"Eric O'Dell",20132014,WPG,C,30,156,78,78,50,148,75,73,8,3,5,0,0,0,62,33,29,67,31,36,27,14,13
"Eric O'Dell",20142015,WPG,C,11,41,18,23,43.9,41,18,23,0,0,0,0,0,0,15,6,9,20,7,13,6,5,1
"Sean O'Donnell",20092010,LAK,D,78,1,0,1,0,1,0,1,0,0,0,0,0,0,0,0,0,1,0,1,0,0,0
"Sean O'Donnell",20102011,PHI,D,81,0,0,0,--,0,0,0,0,0,0,0,0,0,0,0,0,0,0,0,0,0,0
"Sean O'Donnell",20112012,CHI,D,51,0,0,0,--,0,0,0,0,0,0,0,0,0,0,0,0,0,0,0,0,0,0
"Rob O'Gara",20162017,BOS,D,3,0,0,0,--,0,0,0,0,0,0,0,0,0,0,0,0,0,0,0,0,0,0
"Rob O'Gara",20172018,"BOS,NYR",D,30,0,0,0,--,0,0,0,0,0,0,0,0,0,0,0,0,0,0,0,0,0,0
"Ryan O'Marra",20092010,EDM,C,3,12,7,5,58.3,12,7,5,0,0,0,0,0,0,5,3,2,4,4,0,3,0,3
"Ryan O'Marra",20102011,EDM,C,21,178,75,103,42.1,163,70,93,3,1,2,12,4,8,66,29,37,64,28,36,48,18,30
"Ryan O'Marra",20112012,"EDM,ANA",C,9,65,36,29,55.4,61,35,26,0,0,0,4,1,3,16,8,8,24,13,11,25,15,10
"Brian O'Neill",20152016,NJD,R,22,6,2,4,33.3,5,2,3,0,0,0,1,0,1,2,0,2,2,1,1,2,1,1
"Wes O'Neill",20092010,COL,D,2,0,0,0,--,0,0,0,0,0,0,0,0,0,0,0,0,0,0,0,0,0,0
"Will O'Neill",20172018,PHI,D,1,0,0,0,--,0,0,0,0,0,0,0,0,0,0,0,0,0,0,0,0,0,0
"Danny O'Regan",20162017,SJS,C,3,32,15,17,46.9,30,15,15,2,0,2,0,0,0,15,9,6,9,4,5,8,2,6
"Danny O'Regan",20172018,"SJS,BUF",C,21,120,58,62,48.3,109,49,60,9,8,1,2,1,1,44,24,20,42,16,26,34,18,16
"Danny O'Regan",20182019,BUF,C,1,1,1,0,100,1,1,0,0,0,0,0,0,0,0,0,0,1,1,0,0,0,0
"Cal O'Reilly",20092010,NSH,C,31,281,133,148,47.3,227,107,120,48,22,26,6,4,2,124,57,67,102,46,56,55,30,25
"Cal O'Reilly",20102011,NSH,C,38,497,231,266,46.5,415,191,224,75,36,39,7,4,3,206,93,113,172,77,95,119,61,58
"Cal O'Reilly",20112012,"NSH,PHX,PIT",C,33,268,120,148,44.8,239,106,133,29,14,15,0,0,0,89,30,59,119,59,60,60,31,29
"Cal O'Reilly",20152016,BUF,C,20,109,59,50,54.1,100,53,47,9,6,3,0,0,0,43,24,19,32,16,16,34,19,15
"Cal O'Reilly",20162017,BUF,C,11,66,32,34,48.5,56,26,30,10,6,4,0,0,0,23,9,14,25,13,12,18,10,8
"Cal O'Reilly",20172018,MIN,C,1,5,2,3,40,5,2,3,0,0,0,0,0,0,1,0,1,3,1,2,1,1,0
"Ryan O'Reilly",20092010,COL,C,81,"1,014",485,529,47.8,754,369,385,42,22,20,218,94,124,240,114,126,358,183,175,415,188,227
"Ryan O'Reilly",20102011,COL,C,74,"1,025",531,494,51.8,781,416,365,50,29,21,194,86,108,244,136,108,342,187,155,439,208,231
"Ryan O'Reilly",20112012,COL,C,81,"1,443",762,681,52.8,"1,222",641,581,115,64,51,106,57,49,491,265,226,490,262,228,462,235,227
"Ryan O'Reilly",20122013,COL,C,29,456,241,215,52.9,399,213,186,29,14,15,28,14,14,159,80,79,133,72,61,164,89,75
"Ryan O'Reilly",20132014,COL,C,80,371,192,179,51.8,202,103,99,103,55,48,66,34,32,190,90,100,50,31,19,131,71,60
"Ryan O'Reilly",20142015,COL,C,82,"1,334",713,621,53.5,929,491,438,207,116,91,198,106,92,461,233,228,344,194,150,529,286,243
"Ryan O'Reilly",20152016,BUF,C,71,"1,812","1,024",788,56.5,"1,272",718,554,295,180,115,245,126,119,639,379,260,488,282,206,685,363,322
"Ryan O'Reilly",20162017,BUF,C,72,"1,791","1,039",752,58,"1,240",718,522,257,164,93,294,157,137,602,360,242,444,255,189,745,424,321
"Ryan O'Reilly",20172018,BUF,C,81,"2,124","1,274",850,60,"1,585",954,631,340,210,130,199,110,89,763,452,311,539,308,231,822,514,308
"Ryan O'Reilly",20182019,STL,C,82,"1,910","1,086",824,56.9,"1,427",813,614,251,152,99,232,121,111,686,394,292,545,310,235,679,382,297
"Patrick O'Sullivan",20092010,EDM,C,73,195,71,124,36.4,139,54,85,17,7,10,39,10,29,45,19,26,62,22,40,87,29,58
"Patrick O'Sullivan",20102011,"CAR,MIN",C,31,51,20,31,39.2,30,9,21,21,11,10,0,0,0,24,12,12,14,5,9,13,3,10
"Patrick O'Sullivan",20112012,PHX,C,23,9,5,4,55.5,5,3,2,4,2,2,0,0,0,6,3,3,2,2,0,1,0,1
"Evan Oberg",20092010,VAN,D,2,0,0,0,--,0,0,0,0,0,0,0,0,0,0,0,0,0,0,0,0,0,0
"Evan Oberg",20102011,VAN,D,2,0,0,0,--,0,0,0,0,0,0,0,0,0,0,0,0,0,0,0,0,0,0
"Evan Oberg",20112012,TBL,D,3,0,0,0,--,0,0,0,0,0,0,0,0,0,0,0,0,0,0,0,0,0,0
"Johnny Oduya",20092010,"NJD,ATL",D,67,0,0,0,--,0,0,0,0,0,0,0,0,0,0,0,0,0,0,0,0,0,0
"Johnny Oduya",20102011,ATL,D,82,0,0,0,--,0,0,0,0,0,0,0,0,0,0,0,0,0,0,0,0,0,0
"Johnny Oduya",20112012,"WPG,CHI",D,81,0,0,0,--,0,0,0,0,0,0,0,0,0,0,0,0,0,0,0,0,0,0
"Johnny Oduya",20122013,CHI,D,48,0,0,0,--,0,0,0,0,0,0,0,0,0,0,0,0,0,0,0,0,0,0
"Johnny Oduya",20132014,CHI,D,77,1,1,0,100,1,1,0,0,0,0,0,0,0,0,0,0,0,0,0,1,1,0
"Johnny Oduya",20142015,CHI,D,76,0,0,0,--,0,0,0,0,0,0,0,0,0,0,0,0,0,0,0,0,0,0
"Johnny Oduya",20152016,DAL,D,82,0,0,0,--,0,0,0,0,0,0,0,0,0,0,0,0,0,0,0,0,0,0
"Johnny Oduya",20162017,"DAL,CHI",D,52,0,0,0,--,0,0,0,0,0,0,0,0,0,0,0,0,0,0,0,0,0,0
"Johnny Oduya",20172018,"OTT,PHI",D,52,0,0,0,--,0,0,0,0,0,0,0,0,0,0,0,0,0,0,0,0,0,0
"Jordan Oesterle",20142015,EDM,D,6,0,0,0,--,0,0,0,0,0,0,0,0,0,0,0,0,0,0,0,0,0,0
"Jordan Oesterle",20152016,EDM,D,17,0,0,0,--,0,0,0,0,0,0,0,0,0,0,0,0,0,0,0,0,0,0
"Jordan Oesterle",20162017,EDM,D,2,0,0,0,--,0,0,0,0,0,0,0,0,0,0,0,0,0,0,0,0,0,0
"Jordan Oesterle",20172018,CHI,D,55,0,0,0,--,0,0,0,0,0,0,0,0,0,0,0,0,0,0,0,0,0,0
"Jordan Oesterle",20182019,ARI,D,71,0,0,0,--,0,0,0,0,0,0,0,0,0,0,0,0,0,0,0,0,0,0
"Mattias Ohlund",20092010,TBL,D,67,0,0,0,--,0,0,0,0,0,0,0,0,0,0,0,0,0,0,0,0,0,0
"Mattias Ohlund",20102011,TBL,D,72,0,0,0,--,0,0,0,0,0,0,0,0,0,0,0,0,0,0,0,0,0,0
"Kyle Okposo",20092010,NYI,R,80,69,33,36,47.8,35,18,17,19,11,8,15,4,11,34,18,16,14,6,8,21,9,12
"Kyle Okposo",20102011,NYI,R,38,87,36,51,41.4,74,32,42,5,2,3,8,2,6,45,15,30,5,1,4,37,20,17
"Kyle Okposo",20112012,NYI,R,79,142,68,74,47.9,101,50,51,39,17,22,2,1,1,93,41,52,17,5,12,32,22,10
"Kyle Okposo",20122013,NYI,R,48,186,104,82,55.9,166,92,74,14,9,5,6,3,3,75,34,41,42,24,18,69,46,23
"Kyle Okposo",20132014,NYI,R,71,204,97,107,47.5,139,65,74,56,28,28,9,4,5,127,62,65,29,8,21,48,27,21
"Kyle Okposo",20142015,NYI,R,60,161,80,81,49.7,111,55,56,45,21,24,5,4,1,132,63,69,5,2,3,24,15,9
"Kyle Okposo",20152016,NYI,R,79,63,23,40,36.5,58,21,37,5,2,3,0,0,0,50,18,32,2,1,1,11,4,7
"Kyle Okposo",20162017,BUF,R,65,99,54,45,54.5,63,31,32,36,23,13,0,0,0,63,35,28,21,10,11,15,9,6
"Kyle Okposo",20172018,BUF,R,76,50,23,27,46,42,20,22,8,3,5,0,0,0,34,15,19,11,7,4,5,1,4
"Kyle Okposo",20182019,BUF,R,78,134,63,71,47,101,48,53,33,15,18,0,0,0,104,52,52,18,7,11,12,4,8
"Jamie Oleksiak",20122013,DAL,D,16,0,0,0,--,0,0,0,0,0,0,0,0,0,0,0,0,0,0,0,0,0,0
"Jamie Oleksiak",20132014,DAL,D,7,0,0,0,--,0,0,0,0,0,0,0,0,0,0,0,0,0,0,0,0,0,0
"Jamie Oleksiak",20142015,DAL,D,36,0,0,0,--,0,0,0,0,0,0,0,0,0,0,0,0,0,0,0,0,0,0
"Jamie Oleksiak",20152016,DAL,D,19,0,0,0,--,0,0,0,0,0,0,0,0,0,0,0,0,0,0,0,0,0,0
"Jamie Oleksiak",20162017,DAL,D,41,0,0,0,--,0,0,0,0,0,0,0,0,0,0,0,0,0,0,0,0,0,0
"Jamie Oleksiak",20172018,"DAL,PIT",D,68,0,0,0,--,0,0,0,0,0,0,0,0,0,0,0,0,0,0,0,0,0,0
"Jamie Oleksiak",20182019,"PIT,DAL",D,57,0,0,0,--,0,0,0,0,0,0,0,0,0,0,0,0,0,0,0,0,0,0
"Steve Oleksy",20122013,WSH,D,28,0,0,0,--,0,0,0,0,0,0,0,0,0,0,0,0,0,0,0,0,0,0
"Steve Oleksy",20132014,WSH,D,33,0,0,0,--,0,0,0,0,0,0,0,0,0,0,0,0,0,0,0,0,0,0
"Steve Oleksy",20142015,WSH,D,1,0,0,0,--,0,0,0,0,0,0,0,0,0,0,0,0,0,0,0,0,0,0
"Steve Oleksy",20162017,PIT,D,11,0,0,0,--,0,0,0,0,0,0,0,0,0,0,0,0,0,0,0,0,0,0
"Rostislav Olesz",20092010,FLA,L,78,9,2,7,22.2,4,1,3,3,1,2,2,0,2,4,1,3,1,1,0,4,0,4
"Rostislav Olesz",20102011,FLA,L,44,10,2,8,20,6,1,5,3,1,2,1,0,1,4,0,4,4,2,2,2,0,2
"Rostislav Olesz",20112012,CHI,L,6,2,0,2,0,2,0,2,0,0,0,0,0,0,0,0,0,0,0,0,2,0,2
"Rostislav Olesz",20132014,NJD,L,10,3,1,2,33.3,2,1,1,0,0,0,1,0,1,2,0,2,1,1,0,0,0,0
"Gustav Olofsson",20152016,MIN,D,2,0,0,0,--,0,0,0,0,0,0,0,0,0,0,0,0,0,0,0,0,0,0
"Gustav Olofsson",20162017,MIN,D,13,0,0,0,--,0,0,0,0,0,0,0,0,0,0,0,0,0,0,0,0,0,0
"Gustav Olofsson",20172018,MIN,D,41,0,0,0,--,0,0,0,0,0,0,0,0,0,0,0,0,0,0,0,0,0,0
"Victor Olofsson",20182019,BUF,L,6,0,0,0,--,0,0,0,0,0,0,0,0,0,0,0,0,0,0,0,0,0,0
"Dylan Olsen",20112012,CHI,D,28,0,0,0,--,0,0,0,0,0,0,0,0,0,0,0,0,0,0,0,0,0,0
"Dylan Olsen",20132014,FLA,D,44,0,0,0,--,0,0,0,0,0,0,0,0,0,0,0,0,0,0,0,0,0,0
"Dylan Olsen",20142015,FLA,D,44,0,0,0,--,0,0,0,0,0,0,0,0,0,0,0,0,0,0,0,0,0,0
"Dylan Olsen",20152016,FLA,D,8,0,0,0,--,0,0,0,0,0,0,0,0,0,0,0,0,0,0,0,0,0,0
"Peter Olvecky",20092010,NSH,L,1,0,0,0,--,0,0,0,0,0,0,0,0,0,0,0,0,0,0,0,0,0,0
"Mark Olver",20102011,COL,C,18,25,12,13,48,21,11,10,3,1,2,1,0,1,12,5,7,9,5,4,4,2,2
"Mark Olver",20112012,COL,C,24,91,33,58,36.3,86,31,55,3,2,1,2,0,2,22,4,18,48,22,26,21,7,14
"Mark Olver",20122013,COL,C,32,142,59,83,41.5,132,54,78,8,5,3,2,0,2,52,23,29,66,27,39,24,9,15
"Linus Omark",20102011,EDM,L,51,8,3,5,37.5,8,3,5,0,0,0,0,0,0,3,1,2,2,0,2,3,2,1
"Linus Omark",20112012,EDM,L,14,7,2,5,28.6,7,2,5,0,0,0,0,0,0,5,2,3,1,0,1,1,0,1
"Linus Omark",20132014,"EDM,BUF",L,14,1,0,1,0,1,0,1,0,0,0,0,0,0,0,0,0,1,0,1,0,0,0
"Victor Oreskovich",20092010,FLA,R,50,3,1,2,33.3,3,1,2,0,0,0,0,0,0,2,1,1,0,0,0,1,0,1
"Victor Oreskovich",20102011,VAN,R,16,2,1,1,50,2,1,1,0,0,0,0,0,0,0,0,0,1,1,0,1,0,1
"Victor Oreskovich",20112012,VAN,R,1,0,0,0,--,0,0,0,0,0,0,0,0,0,0,0,0,0,0,0,0,0,0
"Dmitry Orlov",20112012,WSH,D,60,1,0,1,0,1,0,1,0,0,0,0,0,0,0,0,0,0,0,0,1,0,1
"Dmitry Orlov",20122013,WSH,D,5,0,0,0,--,0,0,0,0,0,0,0,0,0,0,0,0,0,0,0,0,0,0
"Dmitry Orlov",20132014,WSH,D,54,0,0,0,--,0,0,0,0,0,0,0,0,0,0,0,0,0,0,0,0,0,0
"Dmitry Orlov",20152016,WSH,D,82,0,0,0,--,0,0,0,0,0,0,0,0,0,0,0,0,0,0,0,0,0,0
"Dmitry Orlov",20162017,WSH,D,82,0,0,0,--,0,0,0,0,0,0,0,0,0,0,0,0,0,0,0,0,0,0
"Dmitry Orlov",20172018,WSH,D,82,0,0,0,--,0,0,0,0,0,0,0,0,0,0,0,0,0,0,0,0,0,0
"Dmitry Orlov",20182019,WSH,D,82,0,0,0,--,0,0,0,0,0,0,0,0,0,0,0,0,0,0,0,0,0,0
"Brooks Orpik",20092010,PIT,D,73,0,0,0,--,0,0,0,0,0,0,0,0,0,0,0,0,0,0,0,0,0,0
"Brooks Orpik",20102011,PIT,D,63,1,1,0,100,1,1,0,0,0,0,0,0,0,0,0,0,0,0,0,1,1,0
"Brooks Orpik",20112012,PIT,D,73,0,0,0,--,0,0,0,0,0,0,0,0,0,0,0,0,0,0,0,0,0,0
"Brooks Orpik",20122013,PIT,D,46,0,0,0,--,0,0,0,0,0,0,0,0,0,0,0,0,0,0,0,0,0,0
"Brooks Orpik",20132014,PIT,D,72,0,0,0,--,0,0,0,0,0,0,0,0,0,0,0,0,0,0,0,0,0,0
"Brooks Orpik",20142015,WSH,D,78,0,0,0,--,0,0,0,0,0,0,0,0,0,0,0,0,0,0,0,0,0,0
"Brooks Orpik",20152016,WSH,D,41,0,0,0,--,0,0,0,0,0,0,0,0,0,0,0,0,0,0,0,0,0,0
"Brooks Orpik",20162017,WSH,D,79,0,0,0,--,0,0,0,0,0,0,0,0,0,0,0,0,0,0,0,0,0,0
"Brooks Orpik",20172018,WSH,D,81,0,0,0,--,0,0,0,0,0,0,0,0,0,0,0,0,0,0,0,0,0,0
"Brooks Orpik",20182019,WSH,D,53,0,0,0,--,0,0,0,0,0,0,0,0,0,0,0,0,0,0,0,0,0,0
"Colton Orr",20092010,TOR,R,82,2,1,1,50,2,1,1,0,0,0,0,0,0,1,0,1,0,0,0,1,1,0
"Colton Orr",20102011,TOR,R,46,1,0,1,0,1,0,1,0,0,0,0,0,0,0,0,0,0,0,0,1,0,1
"Colton Orr",20112012,TOR,R,5,1,0,1,0,1,0,1,0,0,0,0,0,0,0,0,0,0,0,0,1,0,1
"Colton Orr",20122013,TOR,R,44,1,0,1,0,1,0,1,0,0,0,0,0,0,0,0,0,0,0,0,1,0,1
"Colton Orr",20132014,TOR,R,54,2,1,1,50,2,1,1,0,0,0,0,0,0,0,0,0,0,0,0,2,1,1
"Colton Orr",20142015,TOR,R,1,0,0,0,--,0,0,0,0,0,0,0,0,0,0,0,0,0,0,0,0,0,0
"Jed Ortmeyer",20092010,SJS,R,76,18,5,13,27.8,16,5,11,1,0,1,1,0,1,9,3,6,5,1,4,4,1,3
"Jed Ortmeyer",20102011,MIN,R,4,0,0,0,--,0,0,0,0,0,0,0,0,0,0,0,0,0,0,0,0,0,0
"Jed Ortmeyer",20112012,MIN,R,35,9,4,5,44.4,9,4,5,0,0,0,0,0,0,4,1,3,1,1,0,4,2,2
"Oskar Osala",20092010,CAR,L,1,0,0,0,--,0,0,0,0,0,0,0,0,0,0,0,0,0,0,0,0,0,0
"T.J. Oshie",20092010,STL,R,76,153,64,89,41.8,122,48,74,11,8,3,20,8,12,54,26,28,48,18,30,50,20,30
"T.J. Oshie",20102011,STL,R,49,227,100,127,44,189,88,101,14,3,11,24,9,15,96,42,54,62,31,31,69,27,42
"T.J. Oshie",20112012,STL,R,80,53,24,29,45.3,36,20,16,4,1,3,13,3,10,18,9,9,13,4,9,22,11,11
"T.J. Oshie",20122013,STL,R,30,13,5,8,38.5,10,3,7,1,1,0,2,1,1,3,1,2,2,1,1,8,3,5
"T.J. Oshie",20132014,STL,R,79,66,28,38,42.4,50,21,29,7,3,4,9,4,5,33,14,19,11,3,8,22,11,11
"T.J. Oshie",20142015,STL,R,72,13,3,10,23.1,9,2,7,2,0,2,2,1,1,7,0,7,3,2,1,3,1,2
"T.J. Oshie",20152016,WSH,R,80,262,138,124,52.7,45,25,20,164,86,78,53,27,26,170,88,82,24,14,10,68,36,32
"T.J. Oshie",20162017,WSH,R,68,180,87,93,48.3,64,28,36,111,58,53,5,1,4,146,72,74,12,4,8,22,11,11
"T.J. Oshie",20172018,WSH,R,74,211,101,110,47.9,64,28,36,137,69,68,10,4,6,155,75,80,28,10,18,28,16,12
"T.J. Oshie",20182019,WSH,R,69,205,84,121,41,68,29,39,124,51,73,13,4,9,150,61,89,27,12,15,28,11,17
"Steve Ott",20092010,DAL,C,73,352,200,152,56.8,208,122,86,72,46,26,72,32,40,149,90,59,85,52,33,118,58,60
"Steve Ott",20102011,DAL,C,82,"1,138",644,494,56.6,741,430,311,173,94,79,224,120,104,308,168,140,150,73,77,680,403,277
"Steve Ott",20112012,DAL,C,74,"1,011",561,450,55.5,725,413,312,147,82,65,139,66,73,349,179,170,249,138,111,413,244,169
"Steve Ott",20122013,BUF,C,48,535,298,237,55.7,323,174,149,84,49,35,128,75,53,180,108,72,78,40,38,277,150,127
"Steve Ott",20132014,"BUF,STL",C,82,917,494,423,53.9,613,340,273,101,58,43,203,96,107,303,168,135,199,111,88,415,215,200
"Steve Ott",20142015,STL,C,78,284,160,124,56.3,226,134,92,10,7,3,48,19,29,74,45,29,72,45,27,138,70,68
"Steve Ott",20152016,STL,C,21,70,39,31,55.7,54,31,23,0,0,0,16,8,8,15,6,9,10,6,4,45,27,18
"Steve Ott",20162017,"DET,MTL",C,53,278,153,125,55,210,122,88,4,2,2,64,29,35,69,43,26,57,29,28,152,81,71
"Xavier Ouellet",20132014,DET,D,4,0,0,0,--,0,0,0,0,0,0,0,0,0,0,0,0,0,0,0,0,0,0
"Xavier Ouellet",20142015,DET,D,21,0,0,0,--,0,0,0,0,0,0,0,0,0,0,0,0,0,0,0,0,0,0
"Xavier Ouellet",20152016,DET,D,5,0,0,0,--,0,0,0,0,0,0,0,0,0,0,0,0,0,0,0,0,0,0
"Xavier Ouellet",20162017,DET,D,66,2,0,2,0,0,0,0,0,0,0,2,0,2,0,0,0,0,0,0,2,0,2
"Xavier Ouellet",20172018,DET,D,45,0,0,0,--,0,0,0,0,0,0,0,0,0,0,0,0,0,0,0,0,0,0
"Xavier Ouellet",20182019,MTL,D,19,0,0,0,--,0,0,0,0,0,0,0,0,0,0,0,0,0,0,0,0,0,0
"Alex Ovechkin",20092010,WSH,L,72,22,10,12,45.5,21,10,11,1,0,1,0,0,0,7,2,5,6,4,2,8,4,4
"Alex Ovechkin",20102011,WSH,L,79,18,6,12,33.3,18,6,12,0,0,0,0,0,0,5,3,2,4,2,2,9,1,8
"Alex Ovechkin",20112012,WSH,L,78,15,6,9,40,14,5,9,1,1,0,0,0,0,7,2,5,7,3,4,1,1,0
"Alex Ovechkin",20122013,WSH,L,48,1,0,1,0,1,0,1,0,0,0,0,0,0,0,0,0,1,0,1,0,0,0
"Alex Ovechkin",20132014,WSH,L,78,3,2,1,66.7,2,1,1,0,0,0,1,1,0,3,2,1,0,0,0,0,0,0
"Alex Ovechkin",20142015,WSH,L,81,5,2,3,40,5,2,3,0,0,0,0,0,0,4,1,3,1,1,0,0,0,0
"Alex Ovechkin",20152016,WSH,L,79,0,0,0,--,0,0,0,0,0,0,0,0,0,0,0,0,0,0,0,0,0,0
"Alex Ovechkin",20162017,WSH,L,82,1,0,1,0,1,0,1,0,0,0,0,0,0,0,0,0,1,0,1,0,0,0
"Alex Ovechkin",20172018,WSH,L,82,8,3,5,37.5,8,3,5,0,0,0,0,0,0,4,1,3,3,1,2,1,1,0
"Alex Ovechkin",20182019,WSH,L,81,5,1,4,20,5,1,4,0,0,0,0,0,0,5,1,4,0,0,0,0,0,0
"Nathan Oystrick",20092010,ANA,D,3,0,0,0,--,0,0,0,0,0,0,0,0,0,0,0,0,0,0,0,0,0,0
"Nathan Oystrick",20102011,STL,D,9,0,0,0,--,0,0,0,0,0,0,0,0,0,0,0,0,0,0,0,0,0,0
"Igor Ozhiganov",20182019,TOR,D,53,0,0,0,--,0,0,0,0,0,0,0,0,0,0,0,0,0,0,0,0,0,0
"Magnus Paajarvi",20102011,EDM,L,80,5,1,4,20,5,1,4,0,0,0,0,0,0,4,1,3,0,0,0,1,0,1
"Magnus Paajarvi",20112012,EDM,L,41,7,2,5,28.6,7,2,5,0,0,0,0,0,0,3,1,2,2,1,1,2,0,2
"Magnus Paajarvi",20122013,EDM,L,42,12,4,8,33.3,11,3,8,1,1,0,0,0,0,5,1,4,4,2,2,3,1,2
"Magnus Paajarvi",20132014,STL,L,55,6,2,4,33.3,6,2,4,0,0,0,0,0,0,2,1,1,3,1,2,1,0,1
"Magnus Paajarvi",20142015,STL,L,10,1,1,0,100,1,1,0,0,0,0,0,0,0,0,0,0,1,1,0,0,0,0
"Magnus Paajarvi",20152016,STL,L,48,2,0,2,0,2,0,2,0,0,0,0,0,0,2,0,2,0,0,0,0,0,0
"Magnus Paajarvi",20162017,STL,L,32,3,1,2,33.3,3,1,2,0,0,0,0,0,0,2,1,1,1,0,1,0,0,0
"Magnus Paajarvi",20172018,"STL,OTT",L,79,8,2,6,25,4,0,4,0,0,0,4,2,2,4,0,4,1,1,0,3,1,2
"Magnus Paajarvi",20182019,OTT,L,80,16,7,9,43.8,6,1,5,1,1,0,9,5,4,5,2,3,3,1,2,8,4,4
"Max Pacioretty",20092010,MTL,L,52,7,1,6,14.3,7,1,6,0,0,0,0,0,0,3,1,2,1,0,1,3,0,3
"Max Pacioretty",20102011,MTL,L,37,1,0,1,0,1,0,1,0,0,0,0,0,0,1,0,1,0,0,0,0,0,0
"Max Pacioretty",20112012,MTL,L,79,5,1,4,20,5,1,4,0,0,0,0,0,0,1,0,1,1,0,1,3,1,2
"Max Pacioretty",20122013,MTL,L,44,7,2,5,28.6,2,0,2,5,2,3,0,0,0,6,2,4,0,0,0,1,0,1
"Max Pacioretty",20132014,MTL,L,73,10,6,4,60,8,5,3,2,1,1,0,0,0,4,1,3,1,0,1,5,5,0
"Max Pacioretty",20142015,MTL,L,80,9,2,7,22.2,6,1,5,2,0,2,1,1,0,6,1,5,1,1,0,2,0,2
"Max Pacioretty",20152016,MTL,L,82,13,6,7,46.1,11,5,6,2,1,1,0,0,0,8,4,4,3,0,3,2,2,0
"Max Pacioretty",20162017,MTL,L,81,50,27,23,54,13,7,6,36,19,17,1,1,0,38,20,18,10,5,5,2,2,0
"Max Pacioretty",20172018,MTL,L,64,20,7,13,35,13,4,9,5,3,2,2,0,2,14,6,8,4,0,4,2,1,1
"Max Pacioretty",20182019,VGK,L,66,53,21,32,39.6,32,13,19,21,8,13,0,0,0,38,17,21,10,2,8,5,2,3
"Nathan Paetsch",20092010,"BUF,CBJ",D,21,0,0,0,--,0,0,0,0,0,0,0,0,0,0,0,0,0,0,0,0,0,0
"Jean-Gabriel Pageau",20122013,OTT,C,9,82,40,42,48.8,71,35,36,0,0,0,11,5,6,26,10,16,22,11,11,34,19,15
"Jean-Gabriel Pageau",20132014,OTT,C,28,246,118,128,48,196,104,92,0,0,0,50,14,36,74,36,38,80,37,43,92,45,47
"Jean-Gabriel Pageau",20142015,OTT,C,50,681,335,346,49.2,539,276,263,13,8,5,129,51,78,165,89,76,212,96,116,304,150,154
"Jean-Gabriel Pageau",20152016,OTT,C,82,"1,177",614,563,52.2,895,485,410,55,24,31,227,105,122,235,116,119,387,209,178,555,289,266
"Jean-Gabriel Pageau",20162017,OTT,C,82,"1,018",558,460,54.8,848,466,382,12,8,4,158,84,74,232,127,105,345,192,153,441,239,202
"Jean-Gabriel Pageau",20172018,OTT,C,78,"1,133",580,553,51.2,916,475,441,56,26,30,161,79,82,299,151,148,346,202,144,488,227,261
"Jean-Gabriel Pageau",20182019,OTT,C,39,481,259,222,53.9,394,216,178,22,10,12,65,33,32,102,51,51,160,91,69,219,117,102
"Samuel Pahlsson",20092010,CBJ,C,79,"1,273",673,600,52.9,969,528,441,16,7,9,288,138,150,218,117,101,419,235,184,629,315,314
"Samuel Pahlsson",20102011,CBJ,C,82,"1,298",675,623,52,953,495,458,15,10,5,330,170,160,192,94,98,464,226,238,642,355,287
"Samuel Pahlsson",20112012,"CBJ,VAN",C,80,"1,026",540,486,52.6,809,438,371,11,5,6,206,97,109,128,62,66,358,205,153,540,273,267
"Daniel Paille",20092010,"BUF,BOS",L,76,13,4,9,30.8,5,4,1,0,0,0,8,0,8,1,0,1,4,1,3,8,3,5
"Daniel Paille",20102011,BOS,L,43,0,0,0,--,0,0,0,0,0,0,0,0,0,0,0,0,0,0,0,0,0,0
"Daniel Paille",20112012,BOS,L,69,7,2,5,28.6,3,1,2,0,0,0,4,1,3,3,1,2,0,0,0,4,1,3
"Daniel Paille",20122013,BOS,L,46,10,2,8,20,6,1,5,0,0,0,4,1,3,3,1,2,6,1,5,1,0,1
"Daniel Paille",20132014,BOS,L,72,17,11,6,64.7,17,11,6,0,0,0,0,0,0,10,8,2,3,1,2,4,2,2
"Daniel Paille",20142015,BOS,L,71,7,2,5,28.6,7,2,5,0,0,0,0,0,0,4,2,2,3,0,3,0,0,0
"Daniel Paille",20152016,NYR,L,12,1,0,1,0,1,0,1,0,0,0,0,0,0,0,0,0,0,0,0,1,0,1
"Iiro Pakarinen",20142015,EDM,R,17,1,1,0,100,0,0,0,1,1,0,0,0,0,1,1,0,0,0,0,0,0,0
"Iiro Pakarinen",20152016,EDM,R,63,13,5,8,38.5,13,5,8,0,0,0,0,0,0,3,1,2,7,4,3,3,0,3
"Iiro Pakarinen",20162017,EDM,R,14,1,0,1,0,1,0,1,0,0,0,0,0,0,1,0,1,0,0,0,0,0,0
"Iiro Pakarinen",20172018,EDM,R,40,6,1,5,16.7,3,0,3,0,0,0,3,1,2,2,0,2,1,0,1,3,1,2
"Ondrej Palat",20122013,TBL,L,14,6,0,6,0,5,0,5,0,0,0,1,0,1,2,0,2,3,0,3,1,0,1
"Ondrej Palat",20132014,TBL,L,81,37,5,32,13.5,29,5,24,2,0,2,6,0,6,15,1,14,10,2,8,12,2,10
"Andrew Bodnarchuk",20092010,BOS,D,5,0,0,0,--,0,0,0,0,0,0,0,0,0,0,0,0,0,0,0,0,0,0
"Andrew Bodnarchuk",20152016,"CBJ,COL",D,37,0,0,0,--,0,0,0,0,0,0,0,0,0,0,0,0,0,0,0,0,0,0
"Mikkel Boedker",20092010,PHX,L,14,0,0,0,--,0,0,0,0,0,0,0,0,0,0,0,0,0,0,0,0,0,0
"Mikkel Boedker",20102011,PHX,L,34,5,3,2,60,4,2,2,1,1,0,0,0,0,4,2,2,0,0,0,1,1,0
"Mikkel Boedker",20112012,PHX,L,82,2,1,1,50,2,1,1,0,0,0,0,0,0,2,1,1,0,0,0,0,0,0
"Mikkel Boedker",20122013,PHX,L,48,11,1,10,9.1,11,1,10,0,0,0,0,0,0,7,0,7,1,0,1,3,1,2
"Mikkel Boedker",20132014,PHX,L,82,7,3,4,42.9,7,3,4,0,0,0,0,0,0,2,1,1,1,0,1,4,2,2
"Mikkel Boedker",20142015,ARI,L,45,2,0,2,0,2,0,2,0,0,0,0,0,0,2,0,2,0,0,0,0,0,0
"Mikkel Boedker",20152016,"ARI,COL",L,80,3,1,2,33.3,1,0,1,1,0,1,1,1,0,2,0,2,0,0,0,1,1,0
"Mikkel Boedker",20162017,SJS,L,81,18,5,13,27.8,11,5,6,6,0,6,1,0,1,11,2,9,5,2,3,2,1,1
"Mikkel Boedker",20172018,SJS,L,74,19,5,14,26.3,15,5,10,4,0,4,0,0,0,12,2,10,3,2,1,4,1,3
"Mikkel Boedker",20182019,OTT,L,71,18,7,11,38.9,16,6,10,2,1,1,0,0,0,7,4,3,7,3,4,4,0,4
"Brock Boeser",20162017,VAN,R,9,0,0,0,--,0,0,0,0,0,0,0,0,0,0,0,0,0,0,0,0,0,0
"Brock Boeser",20172018,VAN,R,62,39,10,29,25.6,38,9,29,1,1,0,0,0,0,25,6,19,11,3,8,3,1,2
"Brock Boeser",20182019,VAN,R,69,90,39,51,43.3,83,36,47,7,3,4,0,0,0,69,29,40,8,4,4,13,6,7
"Zach Bogosian",20092010,ATL,D,81,0,0,0,--,0,0,0,0,0,0,0,0,0,0,0,0,0,0,0,0,0,0
"Zach Bogosian",20102011,ATL,D,71,0,0,0,--,0,0,0,0,0,0,0,0,0,0,0,0,0,0,0,0,0,0
"Zach Bogosian",20112012,WPG,D,65,0,0,0,--,0,0,0,0,0,0,0,0,0,0,0,0,0,0,0,0,0,0
"Zach Bogosian",20122013,WPG,D,33,0,0,0,--,0,0,0,0,0,0,0,0,0,0,0,0,0,0,0,0,0,0
"Zach Bogosian",20132014,WPG,D,55,0,0,0,--,0,0,0,0,0,0,0,0,0,0,0,0,0,0,0,0,0,0
"Zach Bogosian",20142015,"WPG,BUF",D,62,0,0,0,--,0,0,0,0,0,0,0,0,0,0,0,0,0,0,0,0,0,0
"Zach Bogosian",20152016,BUF,D,64,0,0,0,--,0,0,0,0,0,0,0,0,0,0,0,0,0,0,0,0,0,0
"Zach Bogosian",20162017,BUF,D,56,0,0,0,--,0,0,0,0,0,0,0,0,0,0,0,0,0,0,0,0,0,0
"Zach Bogosian",20172018,BUF,D,18,0,0,0,--,0,0,0,0,0,0,0,0,0,0,0,0,0,0,0,0,0,0
"Zach Bogosian",20182019,BUF,D,65,0,0,0,--,0,0,0,0,0,0,0,0,0,0,0,0,0,0,0,0,0,0
"Alexandre Bolduc",20092010,VAN,C,15,87,47,40,54,72,41,31,2,0,2,13,6,7,17,9,8,32,18,14,38,20,18
"Alexandre Bolduc",20102011,VAN,C,24,97,44,53,45.4,90,41,49,6,2,4,1,1,0,19,8,11,51,26,25,27,10,17
"Alexandre Bolduc",20112012,PHX,C,2,1,1,0,100,1,1,0,0,0,0,0,0,0,1,1,0,0,0,0,0,0,0
"Alexandre Bolduc",20122013,PHX,C,14,21,7,14,33.3,20,7,13,1,0,1,0,0,0,8,1,7,10,5,5,3,1,2
"Alexandre Bolduc",20142015,ARI,C,3,19,10,9,52.6,19,10,9,0,0,0,0,0,0,3,2,1,5,4,1,11,4,7
"Jared Boll",20092010,CBJ,R,68,3,0,3,0,2,0,2,1,0,1,0,0,0,1,0,1,1,0,1,1,0,1
"Jared Boll",20102011,CBJ,R,73,6,0,6,0,6,0,6,0,0,0,0,0,0,1,0,1,2,0,2,3,0,3
"Jared Boll",20112012,CBJ,R,54,5,3,2,60,5,3,2,0,0,0,0,0,0,4,3,1,0,0,0,1,0,1
"Jared Boll",20122013,CBJ,R,43,9,4,5,44.4,8,3,5,1,1,0,0,0,0,4,1,3,1,0,1,4,3,1
"Jared Boll",20132014,CBJ,R,28,1,0,1,0,1,0,1,0,0,0,0,0,0,0,0,0,0,0,0,1,0,1
"Jared Boll",20142015,CBJ,R,72,2,0,2,0,2,0,2,0,0,0,0,0,0,2,0,2,0,0,0,0,0,0
"Jared Boll",20152016,CBJ,R,30,2,2,0,100,1,1,0,1,1,0,0,0,0,1,1,0,0,0,0,1,1,0
"Jared Boll",20162017,ANA,R,51,1,0,1,0,1,0,1,0,0,0,0,0,0,1,0,1,0,0,0,0,0,0
"Jared Boll",20172018,ANA,R,10,0,0,0,--,0,0,0,0,0,0,0,0,0,0,0,0,0,0,0,0,0,0
"Dave Bolland",20092010,CHI,C,39,555,274,281,49.4,448,220,228,49,28,21,58,26,32,182,102,80,201,90,111,170,82,88
"Dave Bolland",20102011,CHI,C,61,"1,008",455,553,45.1,790,363,427,81,38,43,137,54,83,217,104,113,382,172,210,409,179,230
"Dave Bolland",20112012,CHI,C,76,"1,203",582,621,48.4,942,462,480,82,38,44,179,82,97,236,122,114,456,219,237,511,241,270
"Dave Bolland",20122013,CHI,C,35,518,239,279,46.1,419,197,222,74,31,43,25,11,14,203,91,112,158,69,89,157,79,78
"Dave Bolland",20132014,TOR,C,23,337,152,185,45.1,310,141,169,15,6,9,12,5,7,86,39,47,135,63,72,116,50,66
"Dave Bolland",20142015,FLA,C,53,931,414,517,44.5,737,326,411,67,40,27,127,48,79,265,124,141,299,134,165,367,156,211
"Dave Bolland",20152016,FLA,C,25,341,156,185,45.8,269,123,146,20,15,5,52,18,34,84,38,46,115,50,65,142,68,74
"Brandon Bollig",20112012,CHI,L,18,0,0,0,--,0,0,0,0,0,0,0,0,0,0,0,0,0,0,0,0,0,0
"Brandon Bollig",20122013,CHI,L,25,3,0,3,0,3,0,3,0,0,0,0,0,0,3,0,3,0,0,0,0,0,0
"Brandon Bollig",20132014,CHI,L,82,1,1,0,100,0,0,0,0,0,0,1,1,0,0,0,0,0,0,0,1,1,0
"Brandon Bollig",20142015,CGY,L,62,5,3,2,60,5,3,2,0,0,0,0,0,0,3,1,2,2,2,0,0,0,0
"Brandon Bollig",20152016,CGY,L,54,3,2,1,66.7,3,2,1,0,0,0,0,0,0,0,0,0,2,2,0,1,0,1
"Nick Bonino",20092010,ANA,C,9,78,34,44,43.6,66,30,36,12,4,8,0,0,0,32,11,21,27,11,16,19,12,7
"Nick Bonino",20102011,ANA,C,26,166,78,88,47,154,74,80,10,4,6,2,0,2,64,29,35,68,32,36,34,17,17
"Nick Bonino",20112012,ANA,C,50,454,195,259,43,431,185,246,21,10,11,2,0,2,137,56,81,189,77,112,128,62,66
"Nick Bonino",20122013,ANA,C,27,295,138,157,46.8,248,120,128,30,11,19,17,7,10,95,45,50,106,46,60,94,47,47
"Nick Bonino",20132014,ANA,C,77,"1,194",583,611,48.8,844,417,427,220,112,108,130,54,76,440,205,235,351,177,174,403,201,202
"Nick Bonino",20142015,VAN,C,75,"1,245",590,655,47.4,949,457,492,102,49,53,194,84,110,371,170,201,356,163,193,518,257,261
"Nick Bonino",20152016,PIT,C,63,918,463,455,50.4,701,353,348,77,47,30,140,63,77,269,133,136,292,147,145,357,183,174
"Nick Bonino",20162017,PIT,C,80,"1,213",582,631,48,927,455,472,90,47,43,196,80,116,325,158,167,393,186,207,495,238,257
"Nick Bonino",20172018,NSH,C,71,970,527,443,54.3,787,445,342,30,18,12,153,64,89,213,117,96,295,169,126,462,241,221
"Nick Bonino",20182019,NSH,C,81,"1,132",586,546,51.8,878,469,409,91,42,49,163,75,88,267,132,135,293,148,145,572,306,266
"Derek Boogaard",20092010,MIN,L,57,0,0,0,--,0,0,0,0,0,0,0,0,0,0,0,0,0,0,0,0,0,0
"Derek Boogaard",20102011,NYR,L,22,0,0,0,--,0,0,0,0,0,0,0,0,0,0,0,0,0,0,0,0,0,0
"David Booth",20092010,FLA,L,28,10,2,8,20,4,1,3,4,1,3,2,0,2,5,1,4,2,0,2,3,1,2
"David Booth",20102011,FLA,L,82,48,24,24,50,39,20,19,8,4,4,1,0,1,19,9,10,10,6,4,19,9,10
"David Booth",20112012,"FLA,VAN",L,62,18,9,9,50,14,7,7,4,2,2,0,0,0,9,5,4,5,3,2,4,1,3
"David Booth",20122013,VAN,L,12,1,1,0,100,1,1,0,0,0,0,0,0,0,0,0,0,1,1,0,0,0,0
"David Booth",20132014,VAN,L,66,23,13,10,56.5,21,12,9,2,1,1,0,0,0,9,6,3,4,1,3,10,6,4
"David Booth",20142015,TOR,L,59,13,6,7,46.1,7,5,2,0,0,0,6,1,5,5,1,4,4,2,2,4,3,1
"David Booth",20172018,DET,L,28,10,4,6,40,10,4,6,0,0,0,0,0,0,5,0,5,2,1,1,3,3,0
"Patrick Bordeleau",20122013,COL,L,46,2,0,2,0,2,0,2,0,0,0,0,0,0,2,0,2,0,0,0,0,0,0
"Patrick Bordeleau",20132014,COL,L,82,3,1,2,33.3,3,1,2,0,0,0,0,0,0,2,1,1,0,0,0,1,0,1
"Patrick Bordeleau",20142015,COL,L,1,0,0,0,--,0,0,0,0,0,0,0,0,0,0,0,0,0,0,0,0,0,0
"Casey Borer",20092010,CAR,D,2,0,0,0,--,0,0,0,0,0,0,0,0,0,0,0,0,0,0,0,0,0,0
"William Borgen",20182019,BUF,D,4,0,0,0,--,0,0,0,0,0,0,0,0,0,0,0,0,0,0,0,0,0,0
"Andreas Borgman",20172018,TOR,D,48,0,0,0,--,0,0,0,0,0,0,0,0,0,0,0,0,0,0,0,0,0,0
"Henrik Borgstrom",20172018,FLA,C,4,37,15,22,40.5,36,15,21,1,0,1,0,0,0,8,1,7,14,6,8,15,8,7
"Henrik Borgstrom",20182019,FLA,C,50,405,165,240,40.7,385,156,229,16,7,9,4,2,2,140,56,84,164,66,98,101,43,58
"Mark Borowiecki",20112012,OTT,D,2,0,0,0,--,0,0,0,0,0,0,0,0,0,0,0,0,0,0,0,0,0,0
"Mark Borowiecki",20122013,OTT,D,6,0,0,0,--,0,0,0,0,0,0,0,0,0,0,0,0,0,0,0,0,0,0
"Mark Borowiecki",20132014,OTT,D,13,0,0,0,--,0,0,0,0,0,0,0,0,0,0,0,0,0,0,0,0,0,0
"Mark Borowiecki",20142015,OTT,D,63,0,0,0,--,0,0,0,0,0,0,0,0,0,0,0,0,0,0,0,0,0,0
"Mark Borowiecki",20152016,OTT,D,63,1,0,1,0,0,0,0,0,0,0,1,0,1,0,0,0,0,0,0,1,0,1
"Mark Borowiecki",20162017,OTT,D,70,1,1,0,100,1,1,0,0,0,0,0,0,0,1,1,0,0,0,0,0,0,0
"Mark Borowiecki",20172018,OTT,D,52,1,0,1,0,1,0,1,0,0,0,0,0,0,0,0,0,0,0,0,1,0,1
"Mark Borowiecki",20182019,OTT,D,53,0,0,0,--,0,0,0,0,0,0,0,0,0,0,0,0,0,0,0,0,0,0
"Robert Bortuzzo",20112012,PIT,D,6,0,0,0,--,0,0,0,0,0,0,0,0,0,0,0,0,0,0,0,0,0,0
"Robert Bortuzzo",20122013,PIT,D,15,0,0,0,--,0,0,0,0,0,0,0,0,0,0,0,0,0,0,0,0,0,0
"Robert Bortuzzo",20132014,PIT,D,54,1,0,1,0,1,0,1,0,0,0,0,0,0,0,0,0,1,0,1,0,0,0
"Robert Bortuzzo",20142015,"PIT,STL",D,51,1,1,0,100,1,1,0,0,0,0,0,0,0,0,0,0,0,0,0,1,1,0
"Robert Bortuzzo",20152016,STL,D,40,0,0,0,--,0,0,0,0,0,0,0,0,0,0,0,0,0,0,0,0,0,0
"Robert Bortuzzo",20162017,STL,D,38,0,0,0,--,0,0,0,0,0,0,0,0,0,0,0,0,0,0,0,0,0,0
"Robert Bortuzzo",20172018,STL,D,72,0,0,0,--,0,0,0,0,0,0,0,0,0,0,0,0,0,0,0,0,0,0
"Robert Bortuzzo",20182019,STL,D,59,0,0,0,--,0,0,0,0,0,0,0,0,0,0,0,0,0,0,0,0,0,0
"Evan Bouchard",20182019,EDM,D,7,0,0,0,--,0,0,0,0,0,0,0,0,0,0,0,0,0,0,0,0,0,0
"Pierre-Marc Bouchard",20092010,MIN,C,1,3,1,2,33.3,2,1,1,1,0,1,0,0,0,0,0,0,2,1,1,1,0,1
"Pierre-Marc Bouchard",20102011,MIN,C,59,43,17,26,39.5,29,8,21,14,9,5,0,0,0,24,13,11,6,0,6,13,4,9
"Pierre-Marc Bouchard",20112012,MIN,C,37,16,4,12,25,14,3,11,2,1,1,0,0,0,9,3,6,5,1,4,2,0,2
"Pierre-Marc Bouchard",20122013,MIN,C,43,7,1,6,14.3,7,1,6,0,0,0,0,0,0,3,0,3,1,0,1,3,1,2
"Pierre-Marc Bouchard",20132014,NYI,C,28,5,3,2,60,3,2,1,2,1,1,0,0,0,2,1,1,0,0,0,3,2,1
"Ondrej Palat",20142015,TBL,L,75,35,10,25,28.6,32,9,23,2,0,2,1,1,0,22,6,16,7,3,4,6,1,5
"Ondrej Palat",20152016,TBL,L,62,8,2,6,25,7,2,5,0,0,0,1,0,1,6,2,4,1,0,1,1,0,1
"Ondrej Palat",20162017,TBL,L,75,34,9,25,26.5,33,9,24,0,0,0,1,0,1,20,4,16,11,5,6,3,0,3
"Ondrej Palat",20172018,TBL,L,56,31,7,24,22.6,21,5,16,0,0,0,10,2,8,15,4,11,4,1,3,12,2,10
"Ondrej Palat",20182019,TBL,L,64,17,2,15,11.8,17,2,15,0,0,0,0,0,0,10,1,9,3,0,3,4,1,3
"Michael Paliotta",20142015,CHI,D,1,0,0,0,--,0,0,0,0,0,0,0,0,0,0,0,0,0,0,0,0,0,0
"Michael Paliotta",20152016,CBJ,D,1,0,0,0,--,0,0,0,0,0,0,0,0,0,0,0,0,0,0,0,0,0,0
"Jarod Palmer",20112012,MIN,C,6,2,1,1,50,2,1,1,0,0,0,0,0,0,0,0,0,0,0,0,2,1,1
"Kyle Palmieri",20102011,ANA,R,10,0,0,0,--,0,0,0,0,0,0,0,0,0,0,0,0,0,0,0,0,0,0
"Kyle Palmieri",20112012,ANA,R,18,2,2,0,100,2,2,0,0,0,0,0,0,0,0,0,0,2,2,0,0,0,0
"Kyle Palmieri",20122013,ANA,R,42,12,1,11,8.3,12,1,11,0,0,0,0,0,0,10,0,10,0,0,0,2,1,1
"Kyle Palmieri",20132014,ANA,R,71,23,9,14,39.1,21,7,14,2,2,0,0,0,0,13,7,6,5,1,4,5,1,4
"Kyle Palmieri",20142015,ANA,R,57,12,6,6,50,9,4,5,3,2,1,0,0,0,4,2,2,6,3,3,2,1,1
"Kyle Palmieri",20152016,NJD,R,82,27,10,17,37,23,8,15,1,0,1,3,2,1,14,5,9,6,1,5,7,4,3
"Kyle Palmieri",20162017,NJD,R,80,29,12,17,41.4,20,8,12,6,3,3,3,1,2,18,10,8,7,0,7,4,2,2
"Kyle Palmieri",20172018,NJD,R,62,75,25,50,33.3,64,20,44,8,4,4,3,1,2,40,17,23,25,6,19,10,2,8
"Kyle Palmieri",20182019,NJD,R,74,86,24,62,27.9,82,23,59,4,1,3,0,0,0,39,14,25,24,4,20,23,6,17
"Nick Palmieri",20092010,NJD,R,6,2,1,1,50,2,1,1,0,0,0,0,0,0,1,1,0,0,0,0,1,0,1
"Nick Palmieri",20102011,NJD,R,43,2,2,0,100,1,1,0,1,1,0,0,0,0,2,2,0,0,0,0,0,0,0
"Nick Palmieri",20112012,"NJD,MIN",R,38,11,2,9,18.2,6,2,4,5,0,5,0,0,0,7,1,6,0,0,0,4,1,3
"Aaron Palushaj",20102011,MTL,R,3,1,0,1,0,1,0,1,0,0,0,0,0,0,0,0,0,0,0,0,1,0,1
"Aaron Palushaj",20112012,MTL,R,38,4,0,4,0,4,0,4,0,0,0,0,0,0,2,0,2,0,0,0,2,0,2
"Aaron Palushaj",20122013,COL,R,25,8,2,6,25,7,2,5,1,0,1,0,0,0,4,1,3,2,0,2,2,1,1
"Aaron Palushaj",20132014,CAR,R,2,1,0,1,0,1,0,1,0,0,0,0,0,0,0,0,0,1,0,1,0,0,0
"Artemi Panarin",20152016,CHI,L,80,0,0,0,--,0,0,0,0,0,0,0,0,0,0,0,0,0,0,0,0,0,0
"Artemi Panarin",20162017,CHI,L,82,10,2,8,20,8,2,6,2,0,2,0,0,0,7,0,7,3,2,1,0,0,0
"Artemi Panarin",20172018,CBJ,L,81,7,0,7,0,7,0,7,0,0,0,0,0,0,3,0,3,2,0,2,2,0,2
"Artemi Panarin",20182019,CBJ,L,79,4,1,3,25,3,1,2,1,0,1,0,0,0,2,1,1,1,0,1,1,0,1
"Jay Pandolfo",20092010,NJD,L,52,12,5,7,41.7,7,2,5,0,0,0,5,3,2,5,1,4,2,0,2,5,4,1
"Jay Pandolfo",20112012,NYI,L,62,136,61,75,44.9,124,56,68,1,0,1,11,5,6,31,14,17,57,24,33,48,23,25
"Jay Pandolfo",20122013,BOS,L,18,5,2,3,40,4,2,2,0,0,0,1,0,1,1,0,1,4,2,2,0,0,0
"Richard Panik",20122013,TBL,R,25,3,1,2,33.3,3,1,2,0,0,0,0,0,0,0,0,0,1,0,1,2,1,1
"Richard Panik",20132014,TBL,R,50,8,3,5,37.5,8,3,5,0,0,0,0,0,0,2,1,1,4,2,2,2,0,2
"Richard Panik",20142015,TOR,R,76,7,2,5,28.6,5,2,3,2,0,2,0,0,0,6,1,5,1,1,0,0,0,0
"Richard Panik",20152016,CHI,R,30,2,1,1,50,2,1,1,0,0,0,0,0,0,2,1,1,0,0,0,0,0,0
"Richard Panik",20162017,CHI,R,82,7,2,5,28.6,7,2,5,0,0,0,0,0,0,4,1,3,2,0,2,1,1,0
"Richard Panik",20172018,"CHI,ARI",R,72,12,4,8,33.3,11,3,8,0,0,0,1,1,0,6,1,5,1,0,1,5,3,2
"Richard Panik",20182019,ARI,R,75,18,5,13,27.8,10,3,7,4,0,4,4,2,2,9,1,8,2,1,1,7,3,4
"Cedric Paquette",20132014,TBL,C,2,29,16,13,55.2,28,15,13,0,0,0,1,1,0,11,7,4,7,3,4,11,6,5
"Cedric Paquette",20142015,TBL,C,64,235,112,123,47.7,197,89,108,2,2,0,36,21,15,67,28,39,79,35,44,89,49,40
"Cedric Paquette",20152016,TBL,C,56,283,141,142,49.8,220,117,103,7,3,4,56,21,35,72,39,33,98,50,48,113,52,61
"Cedric Paquette",20162017,TBL,C,58,434,200,234,46.1,351,171,180,5,2,3,78,27,51,80,33,47,150,73,77,204,94,110
"Cedric Paquette",20172018,TBL,C,56,499,234,265,46.9,476,223,253,2,0,2,21,11,10,119,54,65,211,96,115,169,84,85
"Cedric Paquette",20182019,TBL,C,80,768,404,364,52.6,664,360,304,3,3,0,101,41,60,162,82,80,267,139,128,339,183,156
"Colton Parayko",20152016,STL,D,79,0,0,0,--,0,0,0,0,0,0,0,0,0,0,0,0,0,0,0,0,0,0
"Colton Parayko",20162017,STL,D,81,0,0,0,--,0,0,0,0,0,0,0,0,0,0,0,0,0,0,0,0,0,0
"Colton Parayko",20172018,STL,D,82,0,0,0,--,0,0,0,0,0,0,0,0,0,0,0,0,0,0,0,0,0,0
"Colton Parayko",20182019,STL,D,80,0,0,0,--,0,0,0,0,0,0,0,0,0,0,0,0,0,0,0,0,0,0
"Adam Pardy",20092010,CGY,D,57,0,0,0,--,0,0,0,0,0,0,0,0,0,0,0,0,0,0,0,0,0,0
"Adam Pardy",20102011,CGY,D,30,0,0,0,--,0,0,0,0,0,0,0,0,0,0,0,0,0,0,0,0,0,0
"Adam Pardy",20112012,DAL,D,36,0,0,0,--,0,0,0,0,0,0,0,0,0,0,0,0,0,0,0,0,0,0
"Adam Pardy",20122013,BUF,D,17,0,0,0,--,0,0,0,0,0,0,0,0,0,0,0,0,0,0,0,0,0,0
"Adam Pardy",20132014,WPG,D,60,0,0,0,--,0,0,0,0,0,0,0,0,0,0,0,0,0,0,0,0,0,0
"Adam Pardy",20142015,WPG,D,55,0,0,0,--,0,0,0,0,0,0,0,0,0,0,0,0,0,0,0,0,0,0
"Adam Pardy",20152016,"WPG,EDM",D,23,0,0,0,--,0,0,0,0,0,0,0,0,0,0,0,0,0,0,0,0,0,0
"Adam Pardy",20162017,NSH,D,4,0,0,0,--,0,0,0,0,0,0,0,0,0,0,0,0,0,0,0,0,0,0
"Ryan Parent",20092010,PHI,D,48,0,0,0,--,0,0,0,0,0,0,0,0,0,0,0,0,0,0,0,0,0,0
"Ryan Parent",20102011,VAN,D,4,0,0,0,--,0,0,0,0,0,0,0,0,0,0,0,0,0,0,0,0,0,0
"PA Parenteau",20092010,NYR,R,22,12,4,8,33.3,11,3,8,1,1,0,0,0,0,6,1,5,2,1,1,4,2,2
"PA Parenteau",20102011,NYI,R,81,30,11,19,36.7,22,8,14,8,3,5,0,0,0,18,7,11,5,1,4,7,3,4
"PA Parenteau",20112012,NYI,R,80,26,10,16,38.5,25,10,15,1,0,1,0,0,0,14,6,8,2,0,2,10,4,6
"PA Parenteau",20122013,COL,R,48,13,1,12,7.7,12,1,11,1,0,1,0,0,0,4,1,3,5,0,5,4,0,4
"PA Parenteau",20132014,COL,R,55,14,2,12,14.3,14,2,12,0,0,0,0,0,0,7,1,6,2,0,2,5,1,4
"PA Parenteau",20142015,MTL,R,56,26,10,16,38.5,20,8,12,6,2,4,0,0,0,17,5,12,5,3,2,4,2,2
"PA Parenteau",20152016,TOR,R,77,18,4,14,22.2,17,4,13,1,0,1,0,0,0,14,3,11,4,1,3,0,0,0
"PA Parenteau",20162017,"NJD,NSH",R,67,20,6,14,30,16,4,12,4,2,2,0,0,0,15,6,9,4,0,4,1,0,1
"Zach Parise",20092010,NJD,L,81,48,18,30,37.5,31,11,20,13,6,7,4,1,3,27,9,18,9,1,8,12,8,4
"Zach Parise",20102011,NJD,L,13,11,4,7,36.4,10,4,6,0,0,0,1,0,1,9,4,5,2,0,2,0,0,0
"Zach Parise",20112012,NJD,L,82,63,30,33,47.6,55,25,30,1,1,0,7,4,3,15,8,7,33,13,20,15,9,6
"Zach Parise",20122013,MIN,L,48,9,3,6,33.3,7,2,5,2,1,1,0,0,0,5,1,4,1,1,0,3,1,2
"Zach Parise",20132014,MIN,L,67,24,10,14,41.7,22,10,12,1,0,1,1,0,1,10,5,5,2,0,2,12,5,7
"Zach Parise",20142015,MIN,L,74,12,2,10,16.7,8,2,6,4,0,4,0,0,0,7,1,6,3,0,3,2,1,1
"Zach Parise",20152016,MIN,L,70,4,0,4,0,3,0,3,1,0,1,0,0,0,4,0,4,0,0,0,0,0,0
"Zach Parise",20162017,MIN,L,69,13,8,5,61.5,12,8,4,1,0,1,0,0,0,9,5,4,4,3,1,0,0,0
"Zach Parise",20172018,MIN,L,42,12,5,7,41.7,10,5,5,1,0,1,1,0,1,8,4,4,3,1,2,1,0,1
"Zach Parise",20182019,MIN,L,74,34,9,25,26.5,22,6,16,5,2,3,7,1,6,24,6,18,4,1,3,6,2,4
"Richard Park",20092010,NYI,R,81,"1,040",536,504,51.5,778,411,367,19,13,6,243,112,131,146,81,65,325,148,177,564,306,258
"Richard Park",20112012,PIT,R,54,397,221,176,55.7,354,197,157,5,1,4,38,23,15,126,72,54,147,76,71,124,73,51
"Mark Parrish",20092010,TBL,R,16,10,4,6,40,3,1,2,6,2,4,1,1,0,6,1,5,3,2,1,1,1,0
"Mark Parrish",20102011,BUF,R,2,0,0,0,--,0,0,0,0,0,0,0,0,0,0,0,0,0,0,0,0,0,0
"George Parros",20092010,ANA,R,57,7,1,6,14.3,7,1,6,0,0,0,0,0,0,2,0,2,1,1,0,4,0,4
"George Parros",20102011,ANA,R,78,4,1,3,25,4,1,3,0,0,0,0,0,0,4,1,3,0,0,0,0,0,0
"George Parros",20112012,ANA,R,46,0,0,0,--,0,0,0,0,0,0,0,0,0,0,0,0,0,0,0,0,0,0
"George Parros",20122013,FLA,R,39,0,0,0,--,0,0,0,0,0,0,0,0,0,0,0,0,0,0,0,0,0,0
"George Parros",20132014,MTL,R,22,0,0,0,--,0,0,0,0,0,0,0,0,0,0,0,0,0,0,0,0,0,0
"Scott Parse",20092010,LAK,L,59,11,6,5,54.5,11,6,5,0,0,0,0,0,0,8,5,3,0,0,0,3,1,2
"Scott Parse",20102011,LAK,L,5,0,0,0,--,0,0,0,0,0,0,0,0,0,0,0,0,0,0,0,0,0,0
"Scott Parse",20112012,LAK,L,9,3,1,2,33.3,2,1,1,1,0,1,0,0,0,1,0,1,1,0,1,1,1,0
"David Pastrnak",20142015,BOS,R,46,17,5,12,29.4,16,4,12,1,1,0,0,0,0,14,3,11,1,1,0,2,1,1
"David Pastrnak",20152016,BOS,R,51,3,0,3,0,3,0,3,0,0,0,0,0,0,3,0,3,0,0,0,0,0,0
"David Pastrnak",20162017,BOS,R,75,3,2,1,66.7,3,2,1,0,0,0,0,0,0,2,1,1,0,0,0,1,1,0
"David Pastrnak",20172018,BOS,R,82,25,5,20,20,25,5,20,0,0,0,0,0,0,12,3,9,9,2,7,4,0,4
"David Pastrnak",20182019,BOS,R,66,3,1,2,33.3,3,1,2,0,0,0,0,0,0,2,0,2,0,0,0,1,1,0
"Greg Pateryn",20122013,MTL,D,3,0,0,0,--,0,0,0,0,0,0,0,0,0,0,0,0,0,0,0,0,0,0
"Greg Pateryn",20142015,MTL,D,17,0,0,0,--,0,0,0,0,0,0,0,0,0,0,0,0,0,0,0,0,0,0
"Greg Pateryn",20152016,MTL,D,38,0,0,0,--,0,0,0,0,0,0,0,0,0,0,0,0,0,0,0,0,0,0
"Greg Pateryn",20162017,"MTL,DAL",D,36,0,0,0,--,0,0,0,0,0,0,0,0,0,0,0,0,0,0,0,0,0,0
"Greg Pateryn",20172018,DAL,D,73,0,0,0,--,0,0,0,0,0,0,0,0,0,0,0,0,0,0,0,0,0,0
"Greg Pateryn",20182019,MIN,D,80,1,0,1,0,0,0,0,0,0,0,1,0,1,0,0,0,0,0,0,1,0,1
"Nolan Patrick",20172018,PHI,C,73,743,376,367,50.6,719,364,355,22,11,11,2,1,1,246,120,126,276,144,132,221,112,109
"Nolan Patrick",20182019,PHI,C,72,779,399,380,51.2,734,374,360,44,25,19,1,0,1,237,124,113,280,140,140,262,135,127
"Nick Paul",20152016,OTT,L,24,60,31,29,51.7,59,30,29,1,1,0,0,0,0,15,6,9,18,11,7,27,14,13
"Nick Paul",20162017,OTT,L,1,13,5,8,38.5,12,4,8,1,1,0,0,0,0,5,1,4,3,3,0,5,1,4
"Nick Paul",20172018,OTT,L,11,4,1,3,25,4,1,3,0,0,0,0,0,0,3,1,2,1,0,1,0,0,0
"Nick Paul",20182019,OTT,L,20,35,16,19,45.7,35,16,19,0,0,0,0,0,0,15,8,7,13,5,8,7,3,4
"Joe Pavelski",20092010,SJS,C,67,821,477,344,58.1,548,306,242,131,90,41,142,81,61,306,186,120,215,125,90,295,163,132
"Joe Pavelski",20102011,SJS,C,74,"1,020",554,466,54.3,702,374,328,166,106,60,152,74,78,348,190,158,265,152,113,407,212,195
"Joe Pavelski",20112012,SJS,C,82,864,507,357,58.7,599,343,256,149,93,56,116,71,45,347,206,141,173,109,64,344,192,152
"Joe Pavelski",20122013,SJS,C,48,660,342,318,51.8,488,246,242,93,49,44,79,47,32,244,117,127,175,91,84,241,134,107
"Joe Pavelski",20132014,SJS,C,82,"1,206",675,531,56,872,485,387,194,118,76,140,72,68,486,276,210,268,149,119,452,250,202
"Joe Pavelski",20142015,SJS,C,82,"1,147",642,505,56,814,452,362,185,114,71,148,76,72,468,263,205,237,133,104,442,246,196
"Joe Pavelski",20152016,SJS,C,82,938,516,422,55,684,367,317,208,125,83,46,24,22,449,248,201,230,140,90,259,128,131
"Joe Pavelski",20162017,SJS,C,81,856,449,407,52.5,667,346,321,155,89,66,34,14,20,376,186,190,240,130,110,240,133,107
"Joe Pavelski",20172018,SJS,C,82,911,500,411,54.9,715,380,335,160,101,59,36,19,17,365,212,153,258,133,125,288,155,133
"Joe Pavelski",20182019,SJS,C,75,989,526,463,53.2,757,411,346,141,79,62,91,36,55,401,224,177,242,121,121,346,181,165
"Adam Payerl",20132014,PIT,C,2,0,0,0,--,0,0,0,0,0,0,0,0,0,0,0,0,0,0,0,0,0,0
"Tanner Pearson",20132014,LAK,L,25,2,1,1,50,2,1,1,0,0,0,0,0,0,2,1,1,0,0,0,0,0,0
"Tanner Pearson",20142015,LAK,L,42,8,5,3,62.5,7,5,2,0,0,0,1,0,1,4,3,1,2,2,0,2,0,2
"Tanner Pearson",20152016,LAK,L,79,25,8,17,32,14,5,9,6,2,4,5,1,4,14,4,10,5,2,3,6,2,4
"Tanner Pearson",20162017,LAK,L,80,24,10,14,41.7,21,8,13,2,1,1,1,1,0,19,7,12,3,2,1,2,1,1
"Tanner Pearson",20172018,LAK,L,82,73,36,37,49.3,54,24,30,17,10,7,2,2,0,44,21,23,14,6,8,15,9,6
"Tanner Pearson",20182019,"LAK,PIT,VAN",L,80,17,5,12,29.4,16,5,11,0,0,0,1,0,1,7,2,5,6,2,4,4,1,3
"Matthew Peca",20162017,TBL,C,10,72,32,40,44.4,70,31,39,2,1,1,0,0,0,24,11,13,30,13,17,18,8,10
"Matthew Peca",20172018,TBL,C,10,137,78,59,56.9,116,67,49,2,0,2,19,11,8,34,16,18,39,20,19,64,42,22
"Matthew Peca",20182019,MTL,C,39,169,80,89,47.3,149,73,76,1,0,1,19,7,12,49,22,27,62,27,35,58,31,27
"Theo Peckham",20092010,EDM,D,15,0,0,0,--,0,0,0,0,0,0,0,0,0,0,0,0,0,0,0,0,0,0
"Theo Peckham",20102011,EDM,D,71,0,0,0,--,0,0,0,0,0,0,0,0,0,0,0,0,0,0,0,0,0,0
"Theo Peckham",20112012,EDM,D,54,0,0,0,--,0,0,0,0,0,0,0,0,0,0,0,0,0,0,0,0,0,0
"Theo Peckham",20122013,EDM,D,4,0,0,0,--,0,0,0,0,0,0,0,0,0,0,0,0,0,0,0,0,0,0
"Andrey Pedan",20152016,VAN,D,13,0,0,0,--,0,0,0,0,0,0,0,0,0,0,0,0,0,0,0,0,0,0
"Adam Pelech",20152016,NYI,D,9,0,0,0,--,0,0,0,0,0,0,0,0,0,0,0,0,0,0,0,0,0,0
"Adam Pelech",20162017,NYI,D,44,0,0,0,--,0,0,0,0,0,0,0,0,0,0,0,0,0,0,0,0,0,0
"Adam Pelech",20172018,NYI,D,78,0,0,0,--,0,0,0,0,0,0,0,0,0,0,0,0,0,0,0,0,0,0
"Adam Pelech",20182019,NYI,D,78,0,0,0,--,0,0,0,0,0,0,0,0,0,0,0,0,0,0,0,0,0,0
"Matt Pelech",20122013,SJS,R,2,0,0,0,--,0,0,0,0,0,0,0,0,0,0,0,0,0,0,0,0,0,0
"Matt Pelech",20132014,SJS,R,6,0,0,0,--,0,0,0,0,0,0,0,0,0,0,0,0,0,0,0,0,0,0
"Pascal Pelletier",20132014,VAN,L,3,4,1,3,25,4,1,3,0,0,0,0,0,0,0,0,0,1,0,1,3,1,2
"Rod Pelley",20092010,NJD,C,63,198,98,100,49.5,194,97,97,4,1,3,0,0,0,73,40,33,81,36,45,42,21,21
"Rod Pelley",20102011,NJD,C,74,320,169,151,52.8,215,118,97,2,0,2,103,51,52,71,34,37,95,55,40,154,80,74
"Rod Pelley",20112012,"NJD,ANA",C,52,254,125,129,49.2,237,117,120,2,0,2,15,8,7,80,36,44,95,48,47,79,41,38
"Derek Peltier",20092010,COL,D,3,0,0,0,--,0,0,0,0,0,0,0,0,0,0,0,0,0,0,0,0,0,0
"Anthony Peluso",20122013,WPG,R,5,0,0,0,--,0,0,0,0,0,0,0,0,0,0,0,0,0,0,0,0,0,0
"Anthony Peluso",20132014,WPG,R,53,3,1,2,33.3,3,1,2,0,0,0,0,0,0,1,0,1,0,0,0,2,1,1
"Anthony Peluso",20142015,WPG,R,49,1,0,1,0,0,0,0,1,0,1,0,0,0,1,0,1,0,0,0,0,0,0
"Anthony Peluso",20152016,WPG,R,35,0,0,0,--,0,0,0,0,0,0,0,0,0,0,0,0,0,0,0,0,0,0
"Anthony Peluso",20172018,WSH,R,2,0,0,0,--,0,0,0,0,0,0,0,0,0,0,0,0,0,0,0,0,0,0
"Anthony Peluso",20182019,CGY,R,4,0,0,0,--,0,0,0,0,0,0,0,0,0,0,0,0,0,0,0,0,0,0
"Dustin Penner",20092010,EDM,R,82,421,201,220,47.7,280,132,148,104,57,47,37,12,25,200,96,104,108,59,49,113,47,66
"Dustin Penner",20102011,"EDM,LAK",R,81,306,131,175,42.8,162,64,98,86,46,40,58,21,37,141,60,81,66,28,38,99,43,56
"Dustin Penner",20112012,LAK,R,65,32,14,18,43.8,17,9,8,14,4,10,1,1,0,14,6,8,10,5,5,8,3,5
"Dustin Penner",20122013,LAK,R,33,5,2,3,40,5,2,3,0,0,0,0,0,0,2,1,1,0,0,0,3,1,2
"Dustin Penner",20132014,"ANA,WSH",R,67,47,15,32,31.9,41,14,27,6,1,5,0,0,0,37,12,25,6,2,4,4,1,3
"Jeff Penner",20092010,BOS,D,2,0,0,0,--,0,0,0,0,0,0,0,0,0,0,0,0,0,0,0,0,0,0
"Stuart Percy",20142015,TOR,D,9,0,0,0,--,0,0,0,0,0,0,0,0,0,0,0,0,0,0,0,0,0,0
"Stuart Percy",20152016,TOR,D,3,0,0,0,--,0,0,0,0,0,0,0,0,0,0,0,0,0,0,0,0,0,0
"Brendan Perlini",20162017,ARI,L,57,2,1,1,50,2,1,1,0,0,0,0,0,0,1,0,1,1,1,0,0,0,0
"Brendan Perlini",20172018,ARI,L,74,11,5,6,45.5,8,3,5,3,2,1,0,0,0,5,2,3,3,2,1,3,1,2
"Brendan Perlini",20182019,"ARI,CHI",L,68,7,1,6,14.3,7,1,6,0,0,0,0,0,0,5,1,4,1,0,1,1,0,1
"Joel Perrault",20092010,PHX,C,2,25,10,15,40,22,9,13,3,1,2,0,0,0,11,3,8,12,5,7,2,2,0
"Joel Perrault",20102011,VAN,C,7,31,13,18,41.9,29,13,16,2,0,2,0,0,0,6,1,5,20,9,11,5,3,2
"Mathieu Perreault",20092010,WSH,L,21,210,95,115,45.2,207,94,113,3,1,2,0,0,0,69,29,40,95,41,54,46,25,21
"Mathieu Perreault",20102011,WSH,L,35,305,139,166,45.6,267,119,148,35,17,18,3,3,0,117,44,73,122,62,60,66,33,33
"Mathieu Perreault",20112012,WSH,L,64,451,229,222,50.8,417,217,200,33,12,21,1,0,1,152,69,83,181,91,90,118,69,49
"Mathieu Perreault",20122013,WSH,L,39,325,168,157,51.7,299,154,145,26,14,12,0,0,0,103,52,51,132,62,70,90,54,36
"Mathieu Perreault",20132014,ANA,L,69,830,437,393,52.6,694,359,335,130,75,55,6,3,3,339,179,160,282,139,143,209,119,90
"Mathieu Perreault",20142015,WPG,L,62,438,226,212,51.6,336,171,165,97,51,46,5,4,1,199,101,98,93,47,46,146,78,68
"Mathieu Perreault",20152016,WPG,L,71,203,94,109,46.3,164,80,84,38,14,24,1,0,1,111,44,67,46,24,22,46,26,20
"Mathieu Perreault",20162017,WPG,L,65,189,97,92,51.3,151,74,77,37,23,14,1,0,1,77,39,38,57,29,28,55,29,26
"Mathieu Perreault",20172018,WPG,L,70,59,33,26,55.9,34,21,13,25,12,13,0,0,0,45,24,21,10,6,4,4,3,1
"Mathieu Perreault",20182019,WPG,L,82,53,26,27,49.1,48,24,24,5,2,3,0,0,0,29,15,14,10,5,5,14,6,8
"David Perron",20092010,STL,L,82,21,8,13,38.1,18,7,11,1,0,1,2,1,1,11,3,8,6,2,4,4,3,1
"David Perron",20102011,STL,L,10,0,0,0,--,0,0,0,0,0,0,0,0,0,0,0,0,0,0,0,0,0,0
"David Perron",20112012,STL,L,57,10,2,8,20,9,2,7,1,0,1,0,0,0,6,1,5,1,0,1,3,1,2
"David Perron",20122013,STL,L,48,22,8,14,36.4,19,7,12,3,1,2,0,0,0,13,5,8,4,2,2,5,1,4
"David Perron",20132014,EDM,L,78,39,13,26,33.3,33,11,22,4,1,3,2,1,1,25,9,16,6,2,4,8,2,6
"David Perron",20142015,"EDM,PIT",L,81,12,3,9,25,10,2,8,2,1,1,0,0,0,10,3,7,1,0,1,1,0,1
"David Perron",20152016,"PIT,ANA",L,71,10,2,8,20,9,2,7,1,0,1,0,0,0,7,1,6,2,1,1,1,0,1
"David Perron",20162017,STL,L,82,66,32,34,48.5,37,18,19,21,13,8,8,1,7,39,21,18,14,5,9,13,6,7
"David Perron",20172018,VGK,L,70,238,96,142,40.3,184,69,115,52,26,26,2,1,1,181,76,105,39,16,23,18,4,14
"David Perron",20182019,STL,L,57,33,15,18,45.5,23,12,11,10,3,7,0,0,0,22,9,13,5,1,4,6,5,1
"Corey Perry",20092010,ANA,R,82,28,6,22,21.4,19,5,14,6,1,5,3,0,3,14,2,12,7,3,4,7,1,6
"Corey Perry",20102011,ANA,R,82,22,9,13,40.9,14,5,9,0,0,0,8,4,4,11,3,8,6,4,2,5,2,3
"Corey Perry",20112012,ANA,R,80,48,19,29,39.6,28,10,18,2,1,1,18,8,10,15,3,12,19,9,10,14,7,7
"Corey Perry",20122013,ANA,R,44,29,6,23,20.7,21,5,16,5,1,4,3,0,3,16,4,12,7,1,6,6,1,5
"Corey Perry",20132014,ANA,R,81,25,9,16,36,23,8,15,0,0,0,2,1,1,9,1,8,8,3,5,8,5,3
"Corey Perry",20142015,ANA,R,67,12,3,9,25,9,3,6,3,0,3,0,0,0,8,2,6,2,1,1,2,0,2
"Corey Perry",20152016,ANA,R,82,10,2,8,20,9,1,8,1,1,0,0,0,0,7,2,5,2,0,2,1,0,1
"Corey Perry",20162017,ANA,R,82,20,7,13,35,19,6,13,1,1,0,0,0,0,18,6,12,0,0,0,2,1,1
"Corey Perry",20172018,ANA,R,71,16,2,14,12.5,11,1,10,5,1,4,0,0,0,6,1,5,6,1,5,4,0,4
"Corey Perry",20182019,ANA,R,31,2,0,2,0,2,0,2,0,0,0,0,0,0,1,0,1,0,0,0,1,0,1
"John Persson",20132014,NYI,L,10,2,0,2,0,2,0,2,0,0,0,0,0,0,1,0,1,0,0,0,1,0,1
"Brett Pesce",20152016,CAR,D,69,1,0,1,0,1,0,1,0,0,0,0,0,0,1,0,1,0,0,0,0,0,0
"Brett Pesce",20162017,CAR,D,82,0,0,0,--,0,0,0,0,0,0,0,0,0,0,0,0,0,0,0,0,0,0
"Brett Pesce",20172018,CAR,D,65,1,0,1,0,1,0,1,0,0,0,0,0,0,0,0,0,0,0,0,1,0,1
"Brett Pesce",20182019,CAR,D,73,1,1,0,100,1,1,0,0,0,0,0,0,0,1,1,0,0,0,0,0,0,0
"Harri Pesonen",20122013,NJD,C,4,0,0,0,--,0,0,0,0,0,0,0,0,0,0,0,0,0,0,0,0,0,0
"Nic Petan",20152016,WPG,C,26,21,12,9,57.1,19,11,8,2,1,1,0,0,0,12,7,5,5,1,4,4,4,0
"Nic Petan",20162017,WPG,C,54,315,145,170,46,299,139,160,15,6,9,1,0,1,98,47,51,136,59,77,81,39,42
"Nic Petan",20172018,WPG,C,15,25,12,13,48,24,12,12,1,0,1,0,0,0,5,1,4,11,7,4,9,4,5
"Nic Petan",20182019,"WPG,TOR",C,18,24,11,13,45.8,24,11,13,0,0,0,0,0,0,7,4,3,10,2,8,7,5,2
"Andrew Peters",20092010,NJD,L,29,4,2,2,50,4,2,2,0,0,0,0,0,0,2,0,2,0,0,0,2,2,0
"Warren Peters",20092010,DAL,C,11,80,39,41,48.8,60,29,31,0,0,0,20,10,10,8,4,4,18,10,8,54,25,29
"Warren Peters",20102011,MIN,C,11,79,49,30,62,75,46,29,1,1,0,3,2,1,14,7,7,35,23,12,30,19,11
"Warren Peters",20112012,MIN,C,58,465,255,210,54.8,406,230,176,2,0,2,57,25,32,93,47,46,169,96,73,203,112,91
"Toby Petersen",20092010,DAL,C,78,171,76,95,44.4,138,62,76,6,2,4,27,12,15,55,24,31,73,35,38,42,16,26
"Toby Petersen",20102011,DAL,C,60,120,46,74,38.3,83,36,47,2,1,1,35,9,26,30,12,18,44,18,26,46,16,30
"Toby Petersen",20112012,DAL,C,39,7,3,4,42.9,7,3,4,0,0,0,0,0,0,3,0,3,2,1,1,2,2,0
"Toby Petersen",20122013,DAL,C,1,2,1,1,50,2,1,1,0,0,0,0,0,0,0,0,0,2,1,1,0,0,0
"Andre Petersson",20112012,OTT,R,1,0,0,0,--,0,0,0,0,0,0,0,0,0,0,0,0,0,0,0,0,0,0
"Richard Petiot",20102011,EDM,D,2,0,0,0,--,0,0,0,0,0,0,0,0,0,0,0,0,0,0,0,0,0,0
"Nick Petrecki",20122013,SJS,D,1,0,0,0,--,0,0,0,0,0,0,0,0,0,0,0,0,0,0,0,0,0,0
"Lennart Petrell",20112012,EDM,L,60,22,7,15,31.8,21,7,14,0,0,0,1,0,1,6,3,3,3,0,3,13,4,9
"Lennart Petrell",20122013,EDM,L,35,13,3,10,23.1,12,3,9,0,0,0,1,0,1,3,1,2,3,1,2,7,1,6
"Alexander Petrovic",20122013,FLA,D,6,0,0,0,--,0,0,0,0,0,0,0,0,0,0,0,0,0,0,0,0,0,0
"Alexander Petrovic",20132014,FLA,D,7,0,0,0,--,0,0,0,0,0,0,0,0,0,0,0,0,0,0,0,0,0,0
"Alexander Petrovic",20142015,FLA,D,33,0,0,0,--,0,0,0,0,0,0,0,0,0,0,0,0,0,0,0,0,0,0
"Alexander Petrovic",20152016,FLA,D,66,0,0,0,--,0,0,0,0,0,0,0,0,0,0,0,0,0,0,0,0,0,0
"Alexander Petrovic",20162017,FLA,D,49,0,0,0,--,0,0,0,0,0,0,0,0,0,0,0,0,0,0,0,0,0,0
"Alexander Petrovic",20172018,FLA,D,67,0,0,0,--,0,0,0,0,0,0,0,0,0,0,0,0,0,0,0,0,0,0
"Alexander Petrovic",20182019,"FLA,EDM",D,35,0,0,0,--,0,0,0,0,0,0,0,0,0,0,0,0,0,0,0,0,0,0
"Jeff Petry",20102011,EDM,D,35,0,0,0,--,0,0,0,0,0,0,0,0,0,0,0,0,0,0,0,0,0,0
"Jeff Petry",20112012,EDM,D,73,0,0,0,--,0,0,0,0,0,0,0,0,0,0,0,0,0,0,0,0,0,0
"Jeff Petry",20122013,EDM,D,48,1,0,1,0,1,0,1,0,0,0,0,0,0,1,0,1,0,0,0,0,0,0
"Jeff Petry",20132014,EDM,D,80,0,0,0,--,0,0,0,0,0,0,0,0,0,0,0,0,0,0,0,0,0,0
"Jeff Petry",20142015,"EDM,MTL",D,78,0,0,0,--,0,0,0,0,0,0,0,0,0,0,0,0,0,0,0,0,0,0
"Jeff Petry",20152016,MTL,D,51,1,1,0,100,0,0,0,0,0,0,1,1,0,0,0,0,0,0,0,1,1,0
"Jeff Petry",20162017,MTL,D,80,0,0,0,--,0,0,0,0,0,0,0,0,0,0,0,0,0,0,0,0,0,0
"Jeff Petry",20172018,MTL,D,82,1,0,1,0,0,0,0,1,0,1,0,0,0,1,0,1,0,0,0,0,0,0
"Jeff Petry",20182019,MTL,D,82,1,0,1,0,0,0,0,0,0,0,1,0,1,0,0,0,0,0,0,1,0,1
"Elias Pettersson",20182019,VAN,C,71,627,257,370,41,608,251,357,17,6,11,2,0,2,294,129,165,261,95,166,72,33,39
"Marcus Pettersson",20172018,ANA,D,22,0,0,0,--,0,0,0,0,0,0,0,0,0,0,0,0,0,0,0,0,0,0
"Marcus Pettersson",20182019,"ANA,PIT",D,84,1,1,0,100,1,1,0,0,0,0,0,0,0,0,0,0,0,0,0,1,1,0
"Matt Pettinger",20092010,VAN,L,9,13,3,10,23.1,7,1,6,0,0,0,6,2,4,2,0,2,8,2,6,3,1,2
"Rich Peverley",20092010,ATL,C,82,"1,193",647,546,54.2,882,481,401,173,90,83,138,76,62,366,197,169,394,210,184,423,235,188
"Rich Peverley",20102011,"ATL,BOS",C,82,"1,176",657,519,55.9,821,457,364,210,115,95,145,85,60,441,253,188,324,176,148,411,228,183
"Rich Peverley",20112012,BOS,C,57,332,203,129,61.1,230,137,93,54,33,21,48,33,15,118,64,54,87,51,36,127,88,39
"Rich Peverley",20122013,BOS,C,47,361,211,150,58.5,285,162,123,19,16,3,57,33,24,119,75,44,112,63,49,130,73,57
"Rich Peverley",20132014,DAL,C,62,579,348,231,60.1,435,269,166,83,47,36,61,32,29,232,139,93,151,98,53,196,111,85
"Dion Phaneuf",20092010,"CGY,TOR",D,81,0,0,0,--,0,0,0,0,0,0,0,0,0,0,0,0,0,0,0,0,0,0
"Dion Phaneuf",20102011,TOR,D,66,0,0,0,--,0,0,0,0,0,0,0,0,0,0,0,0,0,0,0,0,0,0
"Dion Phaneuf",20112012,TOR,D,82,0,0,0,--,0,0,0,0,0,0,0,0,0,0,0,0,0,0,0,0,0,0
"Dion Phaneuf",20122013,TOR,D,48,0,0,0,--,0,0,0,0,0,0,0,0,0,0,0,0,0,0,0,0,0,0
"Dion Phaneuf",20132014,TOR,D,80,1,0,1,0,0,0,0,0,0,0,1,0,1,0,0,0,0,0,0,1,0,1
"Dion Phaneuf",20142015,TOR,D,70,0,0,0,--,0,0,0,0,0,0,0,0,0,0,0,0,0,0,0,0,0,0
"Dion Phaneuf",20152016,"TOR,OTT",D,71,0,0,0,--,0,0,0,0,0,0,0,0,0,0,0,0,0,0,0,0,0,0
"Dion Phaneuf",20162017,OTT,D,81,0,0,0,--,0,0,0,0,0,0,0,0,0,0,0,0,0,0,0,0,0,0
"Dion Phaneuf",20172018,"OTT,LAK",D,79,0,0,0,--,0,0,0,0,0,0,0,0,0,0,0,0,0,0,0,0,0,0
"Dion Phaneuf",20182019,LAK,D,67,0,0,0,--,0,0,0,0,0,0,0,0,0,0,0,0,0,0,0,0,0,0
"Chris Phillips",20092010,OTT,D,82,0,0,0,--,0,0,0,0,0,0,0,0,0,0,0,0,0,0,0,0,0,0
"Chris Phillips",20102011,OTT,D,82,0,0,0,--,0,0,0,0,0,0,0,0,0,0,0,0,0,0,0,0,0,0
"Chris Phillips",20112012,OTT,D,80,0,0,0,--,0,0,0,0,0,0,0,0,0,0,0,0,0,0,0,0,0,0
"Chris Phillips",20122013,OTT,D,48,0,0,0,--,0,0,0,0,0,0,0,0,0,0,0,0,0,0,0,0,0,0
"Chris Phillips",20132014,OTT,D,70,0,0,0,--,0,0,0,0,0,0,0,0,0,0,0,0,0,0,0,0,0,0
"Chris Phillips",20142015,OTT,D,36,0,0,0,--,0,0,0,0,0,0,0,0,0,0,0,0,0,0,0,0,0,0
"Alexandre Picard",20092010,"OTT,CAR",D,54,0,0,0,--,0,0,0,0,0,0,0,0,0,0,0,0,0,0,0,0,0,0
"Alexandre Picard",20092010,CBJ,L,9,0,0,0,--,0,0,0,0,0,0,0,0,0,0,0,0,0,0,0,0,0,0
"Alexandre Picard",20102011,MTL,D,43,0,0,0,--,0,0,0,0,0,0,0,0,0,0,0,0,0,0,0,0,0,0
"Alexandre Picard",20112012,PIT,D,17,0,0,0,--,0,0,0,0,0,0,0,0,0,0,0,0,0,0,0,0,0,0
"Blake Pietila",20152016,NJD,L,7,0,0,0,--,0,0,0,0,0,0,0,0,0,0,0,0,0,0,0,0,0,0
"Blake Pietila",20162017,NJD,L,10,45,23,22,51.1,33,18,15,2,2,0,10,3,7,15,9,6,15,8,7,15,6,9
"Blake Pietila",20172018,NJD,L,2,0,0,0,--,0,0,0,0,0,0,0,0,0,0,0,0,0,0,0,0,0,0
"Blake Pietila",20182019,NJD,L,19,82,36,46,43.9,68,29,39,6,3,3,8,4,4,17,9,8,33,16,17,32,11,21
"Alex Pietrangelo",20092010,STL,D,9,0,0,0,--,0,0,0,0,0,0,0,0,0,0,0,0,0,0,0,0,0,0
"Alex Pietrangelo",20102011,STL,D,79,0,0,0,--,0,0,0,0,0,0,0,0,0,0,0,0,0,0,0,0,0,0
"Alex Pietrangelo",20112012,STL,D,81,0,0,0,--,0,0,0,0,0,0,0,0,0,0,0,0,0,0,0,0,0,0
"Alex Pietrangelo",20122013,STL,D,47,0,0,0,--,0,0,0,0,0,0,0,0,0,0,0,0,0,0,0,0,0,0
"Alex Pietrangelo",20132014,STL,D,81,0,0,0,--,0,0,0,0,0,0,0,0,0,0,0,0,0,0,0,0,0,0
"Alex Pietrangelo",20142015,STL,D,81,0,0,0,--,0,0,0,0,0,0,0,0,0,0,0,0,0,0,0,0,0,0
"Alex Pietrangelo",20152016,STL,D,73,0,0,0,--,0,0,0,0,0,0,0,0,0,0,0,0,0,0,0,0,0,0
"Alex Pietrangelo",20162017,STL,D,80,1,0,1,0,1,0,1,0,0,0,0,0,0,0,0,0,1,0,1,0,0,0
"Alex Pietrangelo",20172018,STL,D,78,0,0,0,--,0,0,0,0,0,0,0,0,0,0,0,0,0,0,0,0,0,0
"Alex Pietrangelo",20182019,STL,D,71,1,0,1,0,1,0,1,0,0,0,0,0,0,0,0,0,0,0,0,1,0,1
"Ilkka Pikkarainen",20092010,NJD,R,31,6,1,5,16.7,6,1,5,0,0,0,0,0,0,3,1,2,2,0,2,1,0,1
"Lawrence Pilut",20182019,BUF,D,33,0,0,0,--,0,0,0,0,0,0,0,0,0,0,0,0,0,0,0,0,0,0
"Steven Pinizzotto",20122013,VAN,R,12,0,0,0,--,0,0,0,0,0,0,0,0,0,0,0,0,0,0,0,0,0,0
"Steven Pinizzotto",20132014,EDM,R,6,0,0,0,--,0,0,0,0,0,0,0,0,0,0,0,0,0,0,0,0,0,0
"Steven Pinizzotto",20142015,EDM,R,18,0,0,0,--,0,0,0,0,0,0,0,0,0,0,0,0,0,0,0,0,0,0
"Neal Pionk",20172018,NYR,D,28,0,0,0,--,0,0,0,0,0,0,0,0,0,0,0,0,0,0,0,0,0,0
"Neal Pionk",20182019,NYR,D,73,1,0,1,0,0,0,0,0,0,0,1,0,1,0,0,0,0,0,0,1,0,1
"Brandon Pirri",20102011,CHI,C,1,6,2,4,33.3,6,2,4,0,0,0,0,0,0,2,0,2,2,0,2,2,2,0
"Brandon Pirri",20112012,CHI,C,5,54,26,28,48.1,53,26,27,0,0,0,1,0,1,20,12,8,24,10,14,10,4,6
"Brandon Pirri",20122013,CHI,C,1,14,6,8,42.9,10,4,6,3,1,2,1,1,0,3,1,2,7,3,4,4,2,2
"Brandon Pirri",20132014,"CHI,FLA",C,49,454,204,250,44.9,413,178,235,41,26,15,0,0,0,185,80,105,183,83,100,86,41,45
"Brandon Pirri",20142015,FLA,C,49,175,86,89,49.1,164,83,81,10,3,7,1,0,1,89,44,45,34,15,19,52,27,25
"Brandon Pirri",20152016,"FLA,ANA",C,61,143,66,77,46.1,114,47,67,28,19,9,1,0,1,84,39,45,31,11,20,28,16,12
"Brandon Pirri",20162017,NYR,C,60,243,140,103,57.6,194,115,79,49,25,24,0,0,0,98,52,46,80,48,32,65,40,25
"Brandon Pirri",20172018,VGK,C,2,2,1,1,50,1,0,1,1,1,0,0,0,0,2,1,1,0,0,0,0,0,0
"Brandon Pirri",20182019,VGK,C,31,34,15,19,44.1,25,13,12,9,2,7,0,0,0,27,9,18,6,5,1,1,1,0
"Fernando Pisani",20092010,EDM,R,40,16,3,13,18.8,8,1,7,0,0,0,8,2,6,3,0,3,0,0,0,13,3,10
"Fernando Pisani",20102011,CHI,R,60,66,34,32,51.5,58,30,28,4,1,3,4,3,1,27,14,13,21,12,9,18,8,10
"Joe Piskula",20112012,CGY,D,5,0,0,0,--,0,0,0,0,0,0,0,0,0,0,0,0,0,0,0,0,0,0
"Joe Piskula",20132014,NSH,D,2,0,0,0,--,0,0,0,0,0,0,0,0,0,0,0,0,0,0,0,0,0,0
"Joe Piskula",20142015,NSH,D,1,0,0,0,--,0,0,0,0,0,0,0,0,0,0,0,0,0,0,0,0,0,0
"Joni Pitkanen",20092010,CAR,D,71,0,0,0,--,0,0,0,0,0,0,0,0,0,0,0,0,0,0,0,0,0,0
"Joni Pitkanen",20102011,CAR,D,72,0,0,0,--,0,0,0,0,0,0,0,0,0,0,0,0,0,0,0,0,0,0
"Joni Pitkanen",20112012,CAR,D,30,0,0,0,--,0,0,0,0,0,0,0,0,0,0,0,0,0,0,0,0,0,0
"Joni Pitkanen",20122013,CAR,D,22,0,0,0,--,0,0,0,0,0,0,0,0,0,0,0,0,0,0,0,0,0,0
"Rem Pitlick",20182019,NSH,C,1,0,0,0,--,0,0,0,0,0,0,0,0,0,0,0,0,0,0,0,0,0,0
"Tyler Pitlick",20132014,EDM,C,10,3,1,2,33.3,3,1,2,0,0,0,0,0,0,0,0,0,2,1,1,1,0,1
"Tyler Pitlick",20142015,EDM,C,17,9,5,4,55.5,6,3,3,3,2,1,0,0,0,3,2,1,5,2,3,1,1,0
"Tyler Pitlick",20162017,EDM,C,31,15,8,7,53.3,13,6,7,1,1,0,1,1,0,11,4,7,3,3,0,1,1,0
"Tyler Pitlick",20172018,DAL,C,80,47,13,34,27.7,36,8,28,1,0,1,10,5,5,12,4,8,22,6,16,13,3,10
"Tyler Pitlick",20182019,DAL,C,47,12,5,7,41.7,9,3,6,1,1,0,2,1,1,2,0,2,6,2,4,4,3,1
"Alex Plante",20092010,EDM,D,4,0,0,0,--,0,0,0,0,0,0,0,0,0,0,0,0,0,0,0,0,0,0
"Alex Plante",20102011,EDM,D,3,0,0,0,--,0,0,0,0,0,0,0,0,0,0,0,0,0,0,0,0,0,0
"Alex Plante",20112012,EDM,D,3,0,0,0,--,0,0,0,0,0,0,0,0,0,0,0,0,0,0,0,0,0,0
"Tomas Plekanec",20092010,MTL,C,82,"1,615",791,824,49,"1,083",521,562,219,124,95,313,146,167,468,234,234,510,234,276,635,324,311
"Tomas Plekanec",20102011,MTL,C,77,"1,577",788,789,50,"1,061",543,518,212,104,108,304,141,163,485,244,241,542,259,283,550,285,265
"Tomas Plekanec",20112012,MTL,C,81,"1,678",824,854,49.1,"1,145",573,572,159,77,82,374,174,200,434,213,221,530,249,281,714,362,352
"Tomas Plekanec",20122013,MTL,C,47,961,486,475,50.6,710,364,346,120,57,63,131,65,66,300,145,155,338,152,186,323,189,134
"Tomas Plekanec",20132014,MTL,C,81,"1,713",822,891,48,"1,240",589,651,119,71,48,354,162,192,370,183,187,566,249,317,777,390,387
"Tomas Plekanec",20142015,MTL,C,82,"1,557",777,780,49.9,"1,245",634,611,167,84,83,145,59,86,544,281,263,517,238,279,496,258,238
"Tomas Plekanec",20152016,MTL,C,82,"1,615",804,811,49.8,"1,237",615,622,217,112,105,161,77,84,549,267,282,548,261,287,518,276,242
"Tomas Plekanec",20162017,MTL,C,78,"1,352",692,660,51.2,"1,099",585,514,66,34,32,187,73,114,308,161,147,474,254,220,570,277,293
"Tomas Plekanec",20172018,"MTL,TOR",C,77,"1,236",659,577,53.3,"1,023",544,479,17,13,4,196,102,94,250,124,126,425,217,208,561,318,243
"Tomas Plekanec",20182019,MTL,C,3,38,19,19,50,32,17,15,1,1,0,5,1,4,6,4,2,17,9,8,15,6,9
"Sergei Plotnikov",20152016,"PIT,ARI",L,45,2,1,1,50,2,1,1,0,0,0,0,0,0,1,1,0,0,0,0,1,0,1
"Ryan Poehling",20182019,MTL,C,1,7,4,3,57.1,6,4,2,0,0,0,1,0,1,2,1,1,3,2,1,2,1,1
"Brayden Point",20162017,TBL,C,68,532,238,294,44.7,473,212,261,46,18,28,13,8,5,208,101,107,199,87,112,125,50,75
"Brayden Point",20172018,TBL,C,82,"1,174",557,617,47.4,940,458,482,83,43,40,151,56,95,328,148,180,416,212,204,430,197,233
"Brayden Point",20182019,TBL,C,79,856,435,421,50.8,739,374,365,114,60,54,3,1,2,329,171,158,315,160,155,212,104,108
"Emile Poirier",20142015,CGY,L,6,1,0,1,0,1,0,1,0,0,0,0,0,0,1,0,1,0,0,0,0,0,0
"Emile Poirier",20152016,CGY,L,2,0,0,0,--,0,0,0,0,0,0,0,0,0,0,0,0,0,0,0,0,0,0
"Roman Polak",20092010,STL,D,78,0,0,0,--,0,0,0,0,0,0,0,0,0,0,0,0,0,0,0,0,0,0
"Roman Polak",20102011,STL,D,55,1,0,1,0,1,0,1,0,0,0,0,0,0,1,0,1,0,0,0,0,0,0
"Roman Polak",20112012,STL,D,77,0,0,0,--,0,0,0,0,0,0,0,0,0,0,0,0,0,0,0,0,0,0
"Roman Polak",20122013,STL,D,48,0,0,0,--,0,0,0,0,0,0,0,0,0,0,0,0,0,0,0,0,0,0
"Roman Polak",20132014,STL,D,72,0,0,0,--,0,0,0,0,0,0,0,0,0,0,0,0,0,0,0,0,0,0
"Roman Polak",20142015,TOR,D,56,1,1,0,100,1,1,0,0,0,0,0,0,0,0,0,0,1,1,0,0,0,0
"Roman Polak",20152016,"TOR,SJS",D,79,1,1,0,100,1,1,0,0,0,0,0,0,0,0,0,0,0,0,0,1,1,0
"Roman Polak",20162017,TOR,D,75,1,0,1,0,0,0,0,0,0,0,1,0,1,0,0,0,0,0,0,1,0,1
"Roman Polak",20172018,TOR,D,54,0,0,0,--,0,0,0,0,0,0,0,0,0,0,0,0,0,0,0,0,0,0
"Roman Polak",20182019,DAL,D,77,0,0,0,--,0,0,0,0,0,0,0,0,0,0,0,0,0,0,0,0,0,0
"Jason Pominville",20092010,BUF,R,82,120,42,78,35,104,35,69,9,3,6,7,4,3,45,18,27,52,15,37,23,9,14
"Jason Pominville",20102011,BUF,R,73,155,67,88,43.2,87,39,48,55,22,33,13,6,7,102,45,57,31,14,17,22,8,14
"Jason Pominville",20112012,BUF,R,82,375,179,196,47.7,196,92,104,151,75,76,28,12,16,245,111,134,63,39,24,67,29,38
"Jason Pominville",20122013,"BUF,MIN",R,47,105,51,54,48.6,48,29,19,38,15,23,19,7,12,63,31,32,17,10,7,25,10,15
"Jason Pominville",20132014,MIN,R,82,159,87,72,54.7,110,56,54,48,31,17,1,0,1,124,69,55,22,9,13,13,9,4
"Jason Pominville",20142015,MIN,R,82,87,39,48,44.8,74,33,41,13,6,7,0,0,0,62,30,32,17,5,12,8,4,4
"Jason Pominville",20152016,MIN,R,75,82,37,45,45.1,68,29,39,14,8,6,0,0,0,72,32,40,7,2,5,3,3,0
"Jason Pominville",20162017,MIN,R,78,78,39,39,50,67,33,34,9,6,3,2,0,2,70,37,33,6,1,5,2,1,1
"Jason Pominville",20172018,BUF,R,82,57,33,24,57.9,43,24,19,13,8,5,1,1,0,41,25,16,10,6,4,6,2,4
"Jason Pominville",20182019,BUF,R,73,35,18,17,51.4,31,15,16,4,3,1,0,0,0,30,18,12,4,0,4,1,0,1
"Alexei Ponikarovsky",20092010,"TOR,PIT",L,77,38,12,26,31.6,26,8,18,6,3,3,6,1,5,9,2,7,14,3,11,14,6,8
"Alexei Ponikarovsky",20102011,LAK,L,61,5,1,4,20,5,1,4,0,0,0,0,0,0,3,1,2,2,0,2,0,0,0
"Alexei Ponikarovsky",20112012,"CAR,NJD",L,82,12,4,8,33.3,9,3,6,1,1,0,2,0,2,7,0,7,4,3,1,1,1,0
"Alexei Ponikarovsky",20122013,"WPG,NJD",L,42,7,2,5,28.6,6,2,4,0,0,0,1,0,1,4,1,3,3,1,2,0,0,0
"Tucker Poolman",20172018,WPG,D,24,0,0,0,--,0,0,0,0,0,0,0,0,0,0,0,0,0,0,0,0,0,0
"Mark Popovic",20092010,ATL,D,37,0,0,0,--,0,0,0,0,0,0,0,0,0,0,0,0,0,0,0,0,0,0
"Chris Porter",20102011,STL,L,45,22,12,10,54.5,21,12,9,0,0,0,1,0,1,13,6,7,3,3,0,6,3,3
"Chris Porter",20112012,STL,L,47,19,8,11,42.1,18,8,10,1,0,1,0,0,0,10,5,5,3,1,2,6,2,4
"Chris Porter",20122013,STL,L,29,58,25,33,43.1,56,25,31,0,0,0,2,0,2,18,9,9,25,11,14,15,5,10
"Chris Porter",20132014,STL,L,22,10,3,7,30,9,3,6,0,0,0,1,0,1,4,1,3,5,2,3,1,0,1
"Chris Porter",20142015,STL,L,24,9,4,5,44.4,9,4,5,0,0,0,0,0,0,5,1,4,4,3,1,0,0,0
"Chris Porter",20152016,MIN,L,61,1,0,1,0,1,0,1,0,0,0,0,0,0,0,0,0,0,0,0,1,0,1
"Kevin Porter",20092010,"PHX,COL",C,20,42,18,24,42.9,39,17,22,1,0,1,2,1,1,18,7,11,10,3,7,14,8,6
"Kevin Porter",20102011,COL,C,74,58,19,39,32.8,46,13,33,9,6,3,3,0,3,19,5,14,21,10,11,18,4,14
"Kevin Porter",20112012,COL,C,35,46,14,32,30.4,42,11,31,2,2,0,2,1,1,10,5,5,26,4,22,10,5,5
"Kevin Porter",20122013,BUF,C,31,271,109,162,40.2,242,96,146,5,2,3,24,11,13,57,24,33,129,49,80,85,36,49
"Kevin Porter",20132014,BUF,C,12,53,18,35,34,48,15,33,0,0,0,5,3,2,13,6,7,22,10,12,18,2,16
"Kevin Porter",20152016,PIT,C,41,87,44,43,50.6,75,42,33,2,0,2,10,2,8,28,18,10,35,18,17,24,8,16
"Kevin Porter",20162017,PIT,C,2,19,7,12,36.8,19,7,12,0,0,0,0,0,0,4,1,3,6,1,5,9,5,4
"Paul Postma",20102011,ATL,D,1,0,0,0,--,0,0,0,0,0,0,0,0,0,0,0,0,0,0,0,0,0,0
"Paul Postma",20112012,WPG,D,3,0,0,0,--,0,0,0,0,0,0,0,0,0,0,0,0,0,0,0,0,0,0
"Paul Postma",20122013,WPG,D,34,0,0,0,--,0,0,0,0,0,0,0,0,0,0,0,0,0,0,0,0,0,0
"Paul Postma",20132014,WPG,D,20,0,0,0,--,0,0,0,0,0,0,0,0,0,0,0,0,0,0,0,0,0,0
"Paul Postma",20142015,WPG,D,42,0,0,0,--,0,0,0,0,0,0,0,0,0,0,0,0,0,0,0,0,0,0
"Paul Postma",20152016,WPG,D,26,0,0,0,--,0,0,0,0,0,0,0,0,0,0,0,0,0,0,0,0,0,0
"Paul Postma",20162017,WPG,D,65,0,0,0,--,0,0,0,0,0,0,0,0,0,0,0,0,0,0,0,0,0,0
"Paul Postma",20172018,BOS,D,14,0,0,0,--,0,0,0,0,0,0,0,0,0,0,0,0,0,0,0,0,0,0
"Brian Pothier",20092010,"WSH,CAR",D,61,0,0,0,--,0,0,0,0,0,0,0,0,0,0,0,0,0,0,0,0,0,0
"Tom Poti",20092010,WSH,D,70,0,0,0,--,0,0,0,0,0,0,0,0,0,0,0,0,0,0,0,0,0,0
"Tom Poti",20102011,WSH,D,21,0,0,0,--,0,0,0,0,0,0,0,0,0,0,0,0,0,0,0,0,0,0
"Tom Poti",20122013,WSH,D,16,0,0,0,--,0,0,0,0,0,0,0,0,0,0,0,0,0,0,0,0,0,0
"Corey Potter",20092010,NYR,D,3,0,0,0,--,0,0,0,0,0,0,0,0,0,0,0,0,0,0,0,0,0,0
"Corey Potter",20102011,PIT,D,1,0,0,0,--,0,0,0,0,0,0,0,0,0,0,0,0,0,0,0,0,0,0
"Corey Potter",20112012,EDM,D,62,0,0,0,--,0,0,0,0,0,0,0,0,0,0,0,0,0,0,0,0,0,0
"Corey Potter",20122013,EDM,D,33,0,0,0,--,0,0,0,0,0,0,0,0,0,0,0,0,0,0,0,0,0,0
"Corey Potter",20132014,"EDM,BOS",D,19,0,0,0,--,0,0,0,0,0,0,0,0,0,0,0,0,0,0,0,0,0,0
"Corey Potter",20142015,CGY,D,6,0,0,0,--,0,0,0,0,0,0,0,0,0,0,0,0,0,0,0,0,0,0
"Corey Potter",20152016,NSH,D,1,0,0,0,--,0,0,0,0,0,0,0,0,0,0,0,0,0,0,0,0,0,0
"Ryan Potulny",20092010,EDM,C,64,820,389,431,47.4,605,293,312,71,40,31,144,56,88,241,122,119,259,107,152,319,159,160
"Ryan Potulny",20102011,"CHI,OTT",C,10,26,10,16,38.5,23,8,15,3,2,1,0,0,0,10,3,7,9,4,5,7,3,4
"Andrew Poturalski",20162017,CAR,C,2,24,12,12,50,22,11,11,2,1,1,0,0,0,7,5,2,9,5,4,8,2,6
"Benoit Pouliot",20092010,"MIN,MTL",L,53,11,5,6,45.5,10,5,5,0,0,0,1,0,1,1,0,1,4,3,1,6,2,4
"Benoit Pouliot",20102011,MTL,L,79,22,10,12,45.5,20,10,10,2,0,2,0,0,0,7,1,6,3,3,0,12,6,6
"Benoit Pouliot",20112012,BOS,L,74,18,8,10,44.4,13,5,8,4,2,2,1,1,0,9,4,5,5,2,3,4,2,2
"Benoit Pouliot",20122013,TBL,L,34,31,10,21,32.3,19,8,11,12,2,10,0,0,0,15,4,11,10,5,5,6,1,5
"Benoit Pouliot",20132014,NYR,L,80,39,20,19,51.3,29,15,14,10,5,5,0,0,0,28,14,14,6,2,4,5,4,1
"Benoit Pouliot",20142015,EDM,L,58,34,13,21,38.2,27,11,16,1,0,1,6,2,4,12,5,7,10,2,8,12,6,6
"Benoit Pouliot",20152016,EDM,L,55,49,20,29,40.8,47,20,27,1,0,1,1,0,1,28,14,14,13,2,11,8,4,4
"Benoit Pouliot",20162017,EDM,L,67,28,7,21,25,27,7,20,0,0,0,1,0,1,21,6,15,4,1,3,3,0,3
"Benoit Pouliot",20172018,BUF,L,74,33,12,21,36.4,24,9,15,2,1,1,7,2,5,18,7,11,7,4,3,8,1,7
"Derrick Pouliot",20142015,PIT,D,34,0,0,0,--,0,0,0,0,0,0,0,0,0,0,0,0,0,0,0,0,0,0
"Derrick Pouliot",20152016,PIT,D,22,0,0,0,--,0,0,0,0,0,0,0,0,0,0,0,0,0,0,0,0,0,0
"Derrick Pouliot",20162017,PIT,D,11,0,0,0,--,0,0,0,0,0,0,0,0,0,0,0,0,0,0,0,0,0,0
"Derrick Pouliot",20172018,VAN,D,71,0,0,0,--,0,0,0,0,0,0,0,0,0,0,0,0,0,0,0,0,0,0
"Derrick Pouliot",20182019,VAN,D,62,0,0,0,--,0,0,0,0,0,0,0,0,0,0,0,0,0,0,0,0,0,0
"Marc-Antoine Pouliot",20092010,EDM,C,35,235,104,131,44.3,203,89,114,12,5,7,20,10,10,74,33,41,84,40,44,76,31,45
"Marc-Antoine Pouliot",20102011,TBL,C,3,13,5,8,38.5,8,4,4,5,1,4,0,0,0,7,3,4,5,1,4,1,1,0
"Marc-Antoine Pouliot",20112012,PHX,C,13,88,37,51,42,87,37,50,1,0,1,0,0,0,27,12,15,34,10,24,27,15,12
"Darroll Powe",20092010,PHI,C,63,210,95,115,45.2,195,92,103,6,0,6,9,3,6,55,23,32,90,41,49,65,31,34
"Darroll Powe",20102011,PHI,C,81,134,66,68,49.3,100,53,47,2,2,0,32,11,21,22,14,8,50,27,23,62,25,37
"Darroll Powe",20112012,MIN,C,82,105,46,59,43.8,92,42,50,3,3,0,10,1,9,35,14,21,45,25,20,25,7,18
"Darroll Powe",20122013,"MIN,NYR",C,42,104,56,48,53.9,81,43,38,3,2,1,20,11,9,25,10,15,41,26,15,38,20,18
"Darroll Powe",20132014,NYR,C,1,1,1,0,100,1,1,0,0,0,0,0,0,0,0,0,0,0,0,0,1,1,0
"Tom Preissing",20092010,COL,D,4,0,0,0,--,0,0,0,0,0,0,0,0,0,0,0,0,0,0,0,0,0,0
"Wayne Primeau",20092010,TOR,C,59,512,283,229,55.3,403,232,171,13,6,7,96,45,51,123,68,55,198,120,78,191,95,96
"Shane Prince",20142015,OTT,L,2,0,0,0,--,0,0,0,0,0,0,0,0,0,0,0,0,0,0,0,0,0,0
"Shane Prince",20152016,"OTT,NYI",L,62,5,4,1,80,3,2,1,0,0,0,2,2,0,2,1,1,2,2,0,1,1,0
"Shane Prince",20162017,NYI,L,50,7,4,3,57.1,3,2,1,4,2,2,0,0,0,6,3,3,1,1,0,0,0,0
"Shane Prince",20172018,NYI,L,14,11,5,6,45.5,7,4,3,4,1,3,0,0,0,5,1,4,3,2,1,3,2,1
"Chris Pronger",20092010,PHI,D,82,0,0,0,--,0,0,0,0,0,0,0,0,0,0,0,0,0,0,0,0,0,0
"Chris Pronger",20102011,PHI,D,50,0,0,0,--,0,0,0,0,0,0,0,0,0,0,0,0,0,0,0,0,0,0
"Chris Pronger",20112012,PHI,D,13,0,0,0,--,0,0,0,0,0,0,0,0,0,0,0,0,0,0,0,0,0,0
"Vinny Prospal",20092010,NYR,L,75,639,327,312,51.2,405,202,203,195,106,89,39,19,20,319,167,152,176,89,87,128,63,65
"Vinny Prospal",20102011,NYR,L,29,128,69,59,53.9,43,21,22,85,48,37,0,0,0,91,51,40,24,13,11,13,5,8
"Vinny Prospal",20112012,CBJ,L,82,22,9,13,40.9,18,8,10,3,1,2,1,0,1,9,3,6,7,2,5,6,4,2
"Vinny Prospal",20122013,CBJ,L,48,9,4,5,44.4,6,3,3,3,1,2,0,0,0,4,1,3,3,2,1,2,1,1
"Nate Prosser",20092010,MIN,D,3,0,0,0,--,0,0,0,0,0,0,0,0,0,0,0,0,0,0,0,0,0,0
"Nate Prosser",20102011,MIN,D,2,0,0,0,--,0,0,0,0,0,0,0,0,0,0,0,0,0,0,0,0,0,0
"Nate Prosser",20112012,MIN,D,51,0,0,0,--,0,0,0,0,0,0,0,0,0,0,0,0,0,0,0,0,0,0
"Nate Prosser",20122013,MIN,D,17,0,0,0,--,0,0,0,0,0,0,0,0,0,0,0,0,0,0,0,0,0,0
"Nate Prosser",20132014,MIN,D,53,0,0,0,--,0,0,0,0,0,0,0,0,0,0,0,0,0,0,0,0,0,0
"Nate Prosser",20142015,MIN,D,63,0,0,0,--,0,0,0,0,0,0,0,0,0,0,0,0,0,0,0,0,0,0
"Nate Prosser",20152016,MIN,D,54,0,0,0,--,0,0,0,0,0,0,0,0,0,0,0,0,0,0,0,0,0,0
"Nate Prosser",20162017,MIN,D,39,0,0,0,--,0,0,0,0,0,0,0,0,0,0,0,0,0,0,0,0,0,0
"Nate Prosser",20172018,"STL,MIN",D,57,0,0,0,--,0,0,0,0,0,0,0,0,0,0,0,0,0,0,0,0,0,0
"Nate Prosser",20182019,MIN,D,15,0,0,0,--,0,0,0,0,0,0,0,0,0,0,0,0,0,0,0,0,0,0
"Dalton Prout",20112012,CBJ,D,5,0,0,0,--,0,0,0,0,0,0,0,0,0,0,0,0,0,0,0,0,0,0
"Dalton Prout",20122013,CBJ,D,28,0,0,0,--,0,0,0,0,0,0,0,0,0,0,0,0,0,0,0,0,0,0
"Dalton Prout",20132014,CBJ,D,49,1,0,1,0,1,0,1,0,0,0,0,0,0,0,0,0,0,0,0,1,0,1
"Dalton Prout",20142015,CBJ,D,63,0,0,0,--,0,0,0,0,0,0,0,0,0,0,0,0,0,0,0,0,0,0
"Dalton Prout",20152016,CBJ,D,64,1,0,1,0,1,0,1,0,0,0,0,0,0,0,0,0,0,0,0,1,0,1
"Dalton Prout",20162017,"CBJ,NJD",D,29,0,0,0,--,0,0,0,0,0,0,0,0,0,0,0,0,0,0,0,0,0,0
"Dalton Prout",20172018,NJD,D,4,0,0,0,--,0,0,0,0,0,0,0,0,0,0,0,0,0,0,0,0,0,0
"Dalton Prout",20182019,CGY,D,20,0,0,0,--,0,0,0,0,0,0,0,0,0,0,0,0,0,0,0,0,0,0
"Ivan Provorov",20162017,PHI,D,82,0,0,0,--,0,0,0,0,0,0,0,0,0,0,0,0,0,0,0,0,0,0
"Ivan Provorov",20172018,PHI,D,82,0,0,0,--,0,0,0,0,0,0,0,0,0,0,0,0,0,0,0,0,0,0
"Ivan Provorov",20182019,PHI,D,82,1,0,1,0,0,0,0,0,0,0,1,0,1,0,0,0,0,0,0,1,0,1
"Petr Prucha",20092010,PHX,R,79,151,68,83,45,111,50,61,39,17,22,1,1,0,124,57,67,13,4,9,14,7,7
"Petr Prucha",20102011,PHX,R,11,5,3,2,60,4,2,2,0,0,0,1,1,0,2,1,1,2,2,0,1,0,1
"Brandon Prust",20092010,"CGY,NYR",L,69,31,13,18,41.9,31,13,18,0,0,0,0,0,0,9,4,5,16,7,9,6,2,4
"Brandon Prust",20102011,NYR,L,82,9,4,5,44.4,6,3,3,1,1,0,2,0,2,2,1,1,2,1,1,5,2,3
"Brandon Prust",20112012,NYR,L,82,5,3,2,60,2,2,0,0,0,0,3,1,2,2,1,1,1,1,0,2,1,1
"Brandon Prust",20122013,MTL,L,38,55,25,30,45.5,32,14,18,3,2,1,20,9,11,15,9,6,13,6,7,27,10,17
"Brandon Prust",20132014,MTL,L,52,125,65,60,52,107,54,53,2,1,1,16,10,6,28,13,15,40,21,19,57,31,26
"Brandon Prust",20142015,MTL,L,82,31,16,15,51.6,24,14,10,0,0,0,7,2,5,12,6,6,12,5,7,7,5,2
"Brandon Prust",20152016,VAN,L,35,11,6,5,54.5,11,6,5,0,0,0,0,0,0,4,2,2,3,3,0,4,1,3
"Matt Puempel",20142015,OTT,L,13,1,0,1,0,1,0,1,0,0,0,0,0,0,1,0,1,0,0,0,0,0,0
"Matt Puempel",20152016,OTT,L,26,2,1,1,50,2,1,1,0,0,0,0,0,0,0,0,0,1,1,0,1,0,1
"Matt Puempel",20162017,"OTT,NYR",L,40,1,0,1,0,1,0,1,0,0,0,0,0,0,0,0,0,0,0,0,1,0,1
"Matt Puempel",20182019,DET,L,8,2,0,2,0,2,0,2,0,0,0,0,0,0,2,0,2,0,0,0,0,0,0
"Jesse Puljujarvi",20162017,EDM,R,28,1,0,1,0,1,0,1,0,0,0,0,0,0,0,0,0,0,0,0,1,0,1
"Jesse Puljujarvi",20172018,EDM,R,65,3,0,3,0,3,0,3,0,0,0,0,0,0,3,0,3,0,0,0,0,0,0
"Jesse Puljujarvi",20182019,EDM,R,46,4,2,2,50,4,2,2,0,0,0,0,0,0,3,1,2,0,0,0,1,1,0
"Teemu Pulkkinen",20132014,DET,L,3,0,0,0,--,0,0,0,0,0,0,0,0,0,0,0,0,0,0,0,0,0,0
"Teemu Pulkkinen",20142015,DET,L,31,0,0,0,--,0,0,0,0,0,0,0,0,0,0,0,0,0,0,0,0,0,0
"Teemu Pulkkinen",20152016,DET,L,36,1,0,1,0,1,0,1,0,0,0,0,0,0,1,0,1,0,0,0,0,0,0
"Teemu Pulkkinen",20162017,"MIN,ARI",L,13,1,0,1,0,1,0,1,0,0,0,0,0,0,0,0,0,0,0,0,1,0,1
"Ryan Pulock",20152016,NYI,D,15,0,0,0,--,0,0,0,0,0,0,0,0,0,0,0,0,0,0,0,0,0,0
"Ryan Pulock",20162017,NYI,D,1,0,0,0,--,0,0,0,0,0,0,0,0,0,0,0,0,0,0,0,0,0,0
"Ryan Pulock",20172018,NYI,D,68,0,0,0,--,0,0,0,0,0,0,0,0,0,0,0,0,0,0,0,0,0,0
"Ryan Pulock",20182019,NYI,D,82,0,0,0,--,0,0,0,0,0,0,0,0,0,0,0,0,0,0,0,0,0,0
"Teddy Purcell",20092010,"LAK,TBL",L,60,4,2,2,50,3,1,2,1,1,0,0,0,0,1,1,0,1,0,1,2,1,1
"Teddy Purcell",20102011,TBL,L,81,37,12,25,32.4,30,9,21,7,3,4,0,0,0,22,8,14,5,2,3,10,2,8
"Teddy Purcell",20112012,TBL,L,81,17,3,14,17.6,14,3,11,2,0,2,1,0,1,13,2,11,2,0,2,2,1,1
"Teddy Purcell",20122013,TBL,L,48,6,2,4,33.3,6,2,4,0,0,0,0,0,0,2,1,1,1,0,1,3,1,2
"Teddy Purcell",20132014,TBL,L,81,16,4,12,25,15,4,11,1,0,1,0,0,0,10,4,6,3,0,3,3,0,3
"Teddy Purcell",20142015,EDM,L,82,7,4,3,57.1,4,3,1,0,0,0,3,1,2,2,1,1,2,2,0,3,1,2
"Teddy Purcell",20152016,"EDM,FLA",L,76,6,2,4,33.3,6,2,4,0,0,0,0,0,0,5,2,3,0,0,0,1,0,1
"Teddy Purcell",20162017,LAK,L,12,3,3,0,100,2,2,0,1,1,0,0,0,0,3,3,0,0,0,0,0,0,0
"Taylor Pyatt",20092010,PHX,L,74,1,0,1,0,1,0,1,0,0,0,0,0,0,0,0,0,1,0,1,0,0,0
"Taylor Pyatt",20102011,PHX,L,76,20,6,14,30,15,4,11,3,1,2,2,1,1,9,2,7,4,3,1,7,1,6
"Taylor Pyatt",20112012,PHX,L,73,11,6,5,54.5,11,6,5,0,0,0,0,0,0,5,2,3,3,2,1,3,2,1
"Taylor Pyatt",20122013,NYR,L,48,10,4,6,40,10,4,6,0,0,0,0,0,0,2,0,2,1,1,0,7,3,4
"Taylor Pyatt",20132014,"NYR,PIT",L,56,13,7,6,53.9,10,6,4,1,1,0,2,0,2,5,2,3,5,2,3,3,3,0
"Tom Pyatt",20092010,MTL,L,40,50,21,29,42,37,16,21,1,0,1,12,5,7,12,5,7,19,6,13,19,10,9
"Tom Pyatt",20102011,MTL,L,61,110,55,55,50,58,33,25,0,0,0,52,22,30,28,9,19,24,18,6,58,28,30
"Tom Pyatt",20112012,TBL,L,74,281,128,153,45.5,238,112,126,12,5,7,31,11,20,48,22,26,125,65,60,108,41,67
"Tom Pyatt",20122013,TBL,L,43,290,145,145,50,259,128,131,5,5,0,26,12,14,79,40,39,113,69,44,98,36,62
"Tom Pyatt",20132014,TBL,L,27,193,101,92,52.3,182,94,88,0,0,0,11,7,4,65,33,32,58,26,32,70,42,28
"Tom Pyatt",20162017,OTT,L,82,49,21,28,42.9,41,17,24,2,0,2,6,4,2,25,8,17,18,9,9,6,4,2
"Tom Pyatt",20172018,OTT,L,81,51,17,34,33.3,43,13,30,0,0,0,8,4,4,17,4,13,17,6,11,17,7,10
"Tom Pyatt",20182019,OTT,L,37,148,56,92,37.8,112,45,67,0,0,0,36,11,25,30,14,16,51,19,32,67,23,44
"Mika Pyorala",20092010,PHI,C,36,207,95,112,45.9,189,85,104,6,3,3,12,7,5,65,28,37,96,45,51,44,20,24
"Mark Pysyk",20122013,BUF,D,19,0,0,0,--,0,0,0,0,0,0,0,0,0,0,0,0,0,0,0,0,0,0
"Mark Pysyk",20132014,BUF,D,44,0,0,0,--,0,0,0,0,0,0,0,0,0,0,0,0,0,0,0,0,0,0
"Mark Pysyk",20142015,BUF,D,7,0,0,0,--,0,0,0,0,0,0,0,0,0,0,0,0,0,0,0,0,0,0
"Mark Pysyk",20152016,BUF,D,55,0,0,0,--,0,0,0,0,0,0,0,0,0,0,0,0,0,0,0,0,0,0
"Mark Pysyk",20162017,FLA,D,82,1,0,1,0,1,0,1,0,0,0,0,0,0,0,0,0,0,0,0,1,0,1
"Mark Pysyk",20172018,FLA,D,82,0,0,0,--,0,0,0,0,0,0,0,0,0,0,0,0,0,0,0,0,0,0
"Mark Pysyk",20182019,FLA,D,70,0,0,0,--,0,0,0,0,0,0,0,0,0,0,0,0,0,0,0,0,0,0
"John Quenneville",20162017,NJD,C,12,0,0,0,--,0,0,0,0,0,0,0,0,0,0,0,0,0,0,0,0,0,0
"John Quenneville",20172018,NJD,C,2,1,0,1,0,1,0,1,0,0,0,0,0,0,1,0,1,0,0,0,0,0,0
"John Quenneville",20182019,NJD,C,19,11,4,7,36.4,11,4,7,0,0,0,0,0,0,7,2,5,3,2,1,1,0,1
"Kyle Quincey",20092010,COL,D,79,1,0,1,0,1,0,1,0,0,0,0,0,0,0,0,0,0,0,0,1,0,1
"Kyle Quincey",20102011,COL,D,21,0,0,0,--,0,0,0,0,0,0,0,0,0,0,0,0,0,0,0,0,0,0
"Kyle Quincey",20112012,"COL,DET",D,72,1,0,1,0,1,0,1,0,0,0,0,0,0,0,0,0,1,0,1,0,0,0
"Kyle Quincey",20122013,DET,D,36,0,0,0,--,0,0,0,0,0,0,0,0,0,0,0,0,0,0,0,0,0,0
"Kyle Quincey",20132014,DET,D,82,0,0,0,--,0,0,0,0,0,0,0,0,0,0,0,0,0,0,0,0,0,0
"Kyle Quincey",20142015,DET,D,73,0,0,0,--,0,0,0,0,0,0,0,0,0,0,0,0,0,0,0,0,0,0
"Kyle Quincey",20152016,DET,D,47,0,0,0,--,0,0,0,0,0,0,0,0,0,0,0,0,0,0,0,0,0,0
"Kyle Quincey",20162017,"NJD,CBJ",D,73,0,0,0,--,0,0,0,0,0,0,0,0,0,0,0,0,0,0,0,0,0,0
"Kyle Quincey",20172018,MIN,D,18,0,0,0,--,0,0,0,0,0,0,0,0,0,0,0,0,0,0,0,0,0,0
"Alan Quine",20152016,NYI,C,2,26,16,10,61.5,16,11,5,4,2,2,6,3,3,9,7,2,5,4,1,12,5,7
"Alan Quine",20162017,NYI,C,61,550,264,286,48,499,242,257,27,15,12,24,7,17,153,75,78,211,107,104,186,82,104
"Alan Quine",20172018,NYI,C,21,103,40,63,38.8,96,37,59,2,1,1,5,2,3,32,11,21,33,16,17,38,13,25
"Alan Quine",20182019,CGY,C,13,33,13,20,39.4,33,13,20,0,0,0,0,0,0,6,2,4,12,4,8,15,7,8
"Jonathan Racine",20132014,FLA,D,1,0,0,0,--,0,0,0,0,0,0,0,0,0,0,0,0,0,0,0,0,0,0
"Lukas Radil",20182019,SJS,C,36,9,6,3,66.7,9,6,3,0,0,0,0,0,0,6,4,2,3,2,1,0,0,0
"Alexander Radulov",20112012,NSH,R,9,0,0,0,--,0,0,0,0,0,0,0,0,0,0,0,0,0,0,0,0,0,0
"Alexander Radulov",20162017,MTL,R,76,12,6,6,50,11,5,6,1,1,0,0,0,0,7,4,3,4,2,2,1,0,1
"Alexander Radulov",20172018,DAL,R,82,10,6,4,60,9,6,3,1,0,1,0,0,0,9,5,4,1,1,0,0,0,0
"Alexander Radulov",20182019,DAL,R,70,16,6,10,37.5,16,6,10,0,0,0,0,0,0,13,5,8,1,0,1,2,1,1
"Brian Rafalski",20092010,DET,D,78,0,0,0,--,0,0,0,0,0,0,0,0,0,0,0,0,0,0,0,0,0,0
"Brian Rafalski",20102011,DET,D,63,0,0,0,--,0,0,0,0,0,0,0,0,0,0,0,0,0,0,0,0,0,0
"Brogan Rafferty",20182019,VAN,D,2,0,0,0,--,0,0,0,0,0,0,0,0,0,0,0,0,0,0,0,0,0,0
"Michael Raffl",20132014,PHI,L,68,93,52,41,55.9,85,47,38,1,0,1,7,5,2,22,11,11,60,32,28,11,9,2
"Michael Raffl",20142015,PHI,L,67,97,44,53,45.4,91,40,51,2,1,1,4,3,1,41,16,25,40,22,18,16,6,10
"Michael Raffl",20152016,PHI,L,82,82,33,49,40.2,68,26,42,13,7,6,1,0,1,35,12,23,28,14,14,19,7,12
"Michael Raffl",20162017,PHI,L,52,10,3,7,30,10,3,7,0,0,0,0,0,0,7,1,6,2,2,0,1,0,1
"Michael Raffl",20172018,PHI,L,76,66,39,27,59.1,59,34,25,3,1,2,4,4,0,29,15,14,21,10,11,16,14,2
"Michael Raffl",20182019,PHI,L,67,34,14,20,41.2,29,11,18,0,0,0,5,3,2,16,6,10,13,6,7,5,2,3
"Rickard Rakell",20122013,ANA,L,4,21,10,11,47.6,20,10,10,1,0,1,0,0,0,9,7,2,5,1,4,7,2,5
"Rickard Rakell",20132014,ANA,L,18,194,95,99,49,190,95,95,3,0,3,1,0,1,58,30,28,80,36,44,56,29,27
"Rickard Rakell",20142015,ANA,L,71,665,310,355,46.6,611,282,329,54,28,26,0,0,0,220,98,122,258,135,123,187,77,110
"Rickard Rakell",20152016,ANA,L,72,451,197,254,43.7,423,185,238,22,10,12,6,2,4,174,73,101,172,81,91,105,43,62
"Rickard Rakell",20162017,ANA,L,71,147,62,85,42.2,137,57,80,10,5,5,0,0,0,62,23,39,52,23,29,33,16,17
"Rickard Rakell",20172018,ANA,L,77,226,105,121,46.5,161,71,90,63,33,30,2,1,1,118,54,64,68,35,33,40,16,24
"Rickard Rakell",20182019,ANA,L,69,48,17,31,35.4,41,13,28,4,3,1,3,1,2,25,9,16,10,3,7,13,5,8
"Rhett Rakhshani",20102011,NYI,R,2,0,0,0,--,0,0,0,0,0,0,0,0,0,0,0,0,0,0,0,0,0,0
"Rhett Rakhshani",20112012,NYI,R,5,0,0,0,--,0,0,0,0,0,0,0,0,0,0,0,0,0,0,0,0,0,0
"Greg Rallo",20112012,FLA,C,1,0,0,0,--,0,0,0,0,0,0,0,0,0,0,0,0,0,0,0,0,0,0
"Greg Rallo",20122013,FLA,C,10,3,1,2,33.3,3,1,2,0,0,0,0,0,0,2,0,2,0,0,0,1,1,0
"John Ramage",20142015,CGY,D,1,0,0,0,--,0,0,0,0,0,0,0,0,0,0,0,0,0,0,0,0,0,0
"John Ramage",20152016,CBJ,D,1,0,0,0,--,0,0,0,0,0,0,0,0,0,0,0,0,0,0,0,0,0,0
"Tyler Randell",20152016,BOS,R,27,0,0,0,--,0,0,0,0,0,0,0,0,0,0,0,0,0,0,0,0,0,0
"Brendan Ranford",20142015,DAL,L,1,0,0,0,--,0,0,0,0,0,0,0,0,0,0,0,0,0,0,0,0,0,0
"Paul Ranger",20092010,TBL,D,8,0,0,0,--,0,0,0,0,0,0,0,0,0,0,0,0,0,0,0,0,0,0
"Paul Ranger",20132014,TOR,D,53,0,0,0,--,0,0,0,0,0,0,0,0,0,0,0,0,0,0,0,0,0,0
"Mikko Rantanen",20152016,COL,R,9,24,13,11,54.2,24,13,11,0,0,0,0,0,0,8,4,4,10,4,6,6,5,1
"Mikko Rantanen",20162017,COL,R,75,50,29,21,58,40,23,17,10,6,4,0,0,0,44,26,18,3,1,2,3,2,1
"Mikko Rantanen",20172018,COL,R,81,117,60,57,51.3,84,43,41,33,17,16,0,0,0,100,49,51,13,8,5,4,3,1
"Mikko Rantanen",20182019,COL,R,74,46,17,29,37,40,14,26,6,3,3,0,0,0,38,11,27,5,3,2,3,3,0
"Joonas Rask",20122013,NSH,C,2,0,0,0,--,0,0,0,0,0,0,0,0,0,0,0,0,0,0,0,0,0,0
"Victor Rask",20142015,CAR,C,80,918,468,450,51,875,451,424,25,14,11,18,3,15,330,157,173,338,181,157,250,130,120
"Victor Rask",20152016,CAR,C,80,935,479,456,51.2,868,448,420,60,28,32,7,3,4,362,174,188,330,186,144,243,119,124
"Victor Rask",20162017,CAR,C,82,918,457,461,49.8,819,401,418,83,48,35,16,8,8,364,193,171,329,175,154,225,89,136
"Victor Rask",20172018,CAR,C,71,716,393,323,54.9,635,346,289,81,47,34,0,0,0,313,162,151,245,144,101,158,87,71
"Victor Rask",20182019,"CAR,MIN",C,49,430,204,226,47.4,397,185,212,31,18,13,2,1,1,166,76,90,153,76,77,111,52,59
"Dennis Rasmussen",20152016,CHI,C,44,307,144,163,46.9,303,142,161,3,2,1,1,0,1,104,51,53,119,57,62,84,36,48
"Dennis Rasmussen",20162017,CHI,C,68,370,165,205,44.6,312,143,169,3,1,2,55,21,34,101,45,56,110,57,53,159,63,96
"Dennis Rasmussen",20172018,ANA,C,27,70,34,36,48.6,64,30,34,2,2,0,4,2,2,21,8,13,22,17,5,27,9,18
"Michael Rasmussen",20182019,DET,C,62,64,23,41,35.9,50,19,31,14,4,10,0,0,0,24,7,17,19,9,10,21,7,14
"Ty Rattie",20132014,STL,R,2,0,0,0,--,0,0,0,0,0,0,0,0,0,0,0,0,0,0,0,0,0,0
"Ty Rattie",20142015,STL,R,11,0,0,0,--,0,0,0,0,0,0,0,0,0,0,0,0,0,0,0,0,0,0
"Ty Rattie",20152016,STL,R,13,0,0,0,--,0,0,0,0,0,0,0,0,0,0,0,0,0,0,0,0,0,0
"Ty Rattie",20162017,"STL,CAR",R,9,0,0,0,--,0,0,0,0,0,0,0,0,0,0,0,0,0,0,0,0,0,0
"Ty Rattie",20172018,EDM,R,14,0,0,0,--,0,0,0,0,0,0,0,0,0,0,0,0,0,0,0,0,0,0
"Ty Rattie",20182019,EDM,R,50,3,1,2,33.3,3,1,2,0,0,0,0,0,0,2,1,1,1,0,1,0,0,0
"Chad Rau",20112012,MIN,C,9,65,35,30,53.9,63,33,30,1,1,0,1,1,0,23,10,13,25,16,9,17,9,8
"Kyle Rau",20152016,FLA,C,9,0,0,0,--,0,0,0,0,0,0,0,0,0,0,0,0,0,0,0,0,0,0
"Kyle Rau",20162017,FLA,C,24,3,2,1,66.7,3,2,1,0,0,0,0,0,0,2,1,1,1,1,0,0,0,0
"Kyle Rau",20172018,MIN,C,3,0,0,0,--,0,0,0,0,0,0,0,0,0,0,0,0,0,0,0,0,0,0
"Kyle Rau",20182019,MIN,C,6,4,3,1,75,4,3,1,0,0,0,0,0,0,2,2,0,2,1,1,0,0,0
"Mason Raymond",20092010,VAN,L,82,23,8,15,34.8,12,5,7,1,0,1,10,3,7,7,3,4,9,3,6,6,2,4
"Mason Raymond",20102011,VAN,L,70,65,26,39,40,50,20,30,4,1,3,11,5,6,29,11,18,24,13,11,12,2,10
"Mason Raymond",20112012,VAN,L,55,25,7,18,28,15,5,10,3,0,3,7,2,5,8,1,7,12,4,8,5,2,3
"Mason Raymond",20122013,VAN,L,46,50,17,33,34,40,13,27,4,1,3,6,3,3,20,7,13,25,8,17,5,2,3
"Mason Raymond",20132014,TOR,L,82,16,7,9,43.8,13,5,8,1,1,0,2,1,1,7,2,5,4,2,2,5,3,2
"Mason Raymond",20142015,CGY,L,57,3,0,3,0,2,0,2,1,0,1,0,0,0,3,0,3,0,0,0,0,0,0
"Mason Raymond",20152016,CGY,L,29,7,3,4,42.9,6,2,4,1,1,0,0,0,0,3,1,2,3,2,1,1,0,1
"Mason Raymond",20162017,ANA,L,4,1,0,1,0,1,0,1,0,0,0,0,0,0,0,0,0,0,0,0,1,0,1
"Matt Read",20112012,PHI,R,79,346,142,204,41,249,106,143,30,12,18,67,24,43,128,58,70,92,36,56,126,48,78
"Matt Read",20122013,PHI,R,42,48,14,34,29.2,40,11,29,4,2,2,4,1,3,19,4,15,15,4,11,14,6,8
"Matt Read",20132014,PHI,R,75,28,12,16,42.9,21,10,11,1,1,0,6,1,5,8,2,6,12,5,7,8,5,3
"Matt Read",20142015,PHI,R,80,21,11,10,52.4,19,9,10,1,1,0,1,1,0,9,5,4,6,4,2,6,2,4
"Matt Read",20152016,PHI,R,79,50,24,26,48,47,23,24,0,0,0,3,1,2,28,14,14,15,7,8,7,3,4
"Matt Read",20162017,PHI,R,63,15,5,10,33.3,10,3,7,1,1,0,4,1,3,12,4,8,3,1,2,0,0,0
"Matt Read",20172018,PHI,R,19,12,4,8,33.3,11,4,7,0,0,0,1,0,1,9,2,7,1,1,0,2,1,1
"Matt Read",20182019,MIN,R,12,6,2,4,33.3,4,1,3,1,0,1,1,1,0,5,1,4,1,1,0,0,0,0
"Marty Reasoner",20092010,ATL,C,80,"1,006",512,494,50.9,650,362,288,13,8,5,343,142,201,202,107,95,287,166,121,512,237,275
"Marty Reasoner",20102011,FLA,C,82,"1,284",700,584,54.5,957,541,416,51,29,22,276,130,146,301,167,134,403,227,176,580,306,274
"Marty Reasoner",20112012,NYI,C,61,572,303,269,53,481,265,216,8,4,4,83,34,49,129,60,69,208,118,90,235,125,110
"Marty Reasoner",20122013,NYI,C,31,299,157,142,52.5,248,135,113,5,5,0,46,17,29,64,39,25,98,44,54,137,74,63
"Ryan Reaves",20102011,STL,R,28,2,0,2,0,2,0,2,0,0,0,0,0,0,1,0,1,1,0,1,0,0,0
"Ryan Reaves",20112012,STL,R,60,2,1,1,50,2,1,1,0,0,0,0,0,0,2,1,1,0,0,0,0,0,0
"Ryan Reaves",20122013,STL,R,43,3,3,0,100,3,3,0,0,0,0,0,0,0,0,0,0,1,1,0,2,2,0
"Ryan Reaves",20132014,STL,R,63,8,6,2,75,8,6,2,0,0,0,0,0,0,5,4,1,1,1,0,2,1,1
"Ryan Reaves",20142015,STL,R,81,0,0,0,--,0,0,0,0,0,0,0,0,0,0,0,0,0,0,0,0,0,0
"Ryan Reaves",20152016,STL,R,64,2,1,1,50,2,1,1,0,0,0,0,0,0,2,1,1,0,0,0,0,0,0
"Ryan Reaves",20162017,STL,R,80,5,0,5,0,5,0,5,0,0,0,0,0,0,1,0,1,1,0,1,3,0,3
"Ryan Reaves",20172018,"PIT,VGK",R,79,28,14,14,50,28,14,14,0,0,0,0,0,0,15,6,9,7,6,1,6,2,4
"Ryan Reaves",20182019,VGK,R,80,94,40,54,42.5,84,36,48,10,4,6,0,0,0,61,27,34,19,7,12,14,6,8
"Mark Recchi",20092010,BOS,R,81,146,54,92,37,132,50,82,10,4,6,4,0,4,55,22,33,53,19,34,38,13,25
"Mark Recchi",20102011,BOS,R,81,97,52,45,53.6,65,38,27,28,12,16,4,2,2,55,32,23,20,7,13,22,13,9
"Joel Rechlicz",20092010,NYI,R,6,0,0,0,--,0,0,0,0,0,0,0,0,0,0,0,0,0,0,0,0,0,0
"Joel Rechlicz",20112012,WSH,R,3,0,0,0,--,0,0,0,0,0,0,0,0,0,0,0,0,0,0,0,0,0,0
"Wade Redden",20092010,NYR,D,75,1,1,0,100,0,0,0,0,0,0,1,1,0,0,0,0,0,0,0,1,1,0
"Wade Redden",20122013,"STL,BOS",D,29,0,0,0,--,0,0,0,0,0,0,0,0,0,0,0,0,0,0,0,0,0,0
"Liam Reddox",20092010,EDM,L,9,0,0,0,--,0,0,0,0,0,0,0,0,0,0,0,0,0,0,0,0,0,0
"Liam Reddox",20102011,EDM,L,44,124,41,83,33.1,107,34,73,5,3,2,12,4,8,36,12,24,43,19,24,45,10,35
"Zach Redmond",20122013,WPG,D,8,0,0,0,--,0,0,0,0,0,0,0,0,0,0,0,0,0,0,0,0,0,0
"Zach Redmond",20132014,WPG,D,10,0,0,0,--,0,0,0,0,0,0,0,0,0,0,0,0,0,0,0,0,0,0
"Zach Redmond",20142015,COL,D,59,0,0,0,--,0,0,0,0,0,0,0,0,0,0,0,0,0,0,0,0,0,0
"Zach Redmond",20152016,COL,D,37,0,0,0,--,0,0,0,0,0,0,0,0,0,0,0,0,0,0,0,0,0,0
"Zach Redmond",20162017,MTL,D,16,0,0,0,--,0,0,0,0,0,0,0,0,0,0,0,0,0,0,0,0,0,0
"Zach Redmond",20172018,BUF,D,3,0,0,0,--,0,0,0,0,0,0,0,0,0,0,0,0,0,0,0,0,0,0
"Dylan Reese",20092010,NYI,D,19,0,0,0,--,0,0,0,0,0,0,0,0,0,0,0,0,0,0,0,0,0,0
"Dylan Reese",20102011,NYI,D,27,0,0,0,--,0,0,0,0,0,0,0,0,0,0,0,0,0,0,0,0,0,0
"Dylan Reese",20112012,NYI,D,28,0,0,0,--,0,0,0,0,0,0,0,0,0,0,0,0,0,0,0,0,0,0
"Dylan Reese",20122013,PIT,D,3,0,0,0,--,0,0,0,0,0,0,0,0,0,0,0,0,0,0,0,0,0,0
"Dylan Reese",20142015,ARI,D,1,0,0,0,--,0,0,0,0,0,0,0,0,0,0,0,0,0,0,0,0,0,0
"Robyn Regehr",20092010,CGY,D,81,1,0,1,0,0,0,0,0,0,0,1,0,1,0,0,0,0,0,0,1,0,1
"Robyn Regehr",20102011,CGY,D,79,0,0,0,--,0,0,0,0,0,0,0,0,0,0,0,0,0,0,0,0,0,0
"Robyn Regehr",20112012,BUF,D,76,0,0,0,--,0,0,0,0,0,0,0,0,0,0,0,0,0,0,0,0,0,0
"Robyn Regehr",20122013,"BUF,LAK",D,41,0,0,0,--,0,0,0,0,0,0,0,0,0,0,0,0,0,0,0,0,0,0
"Robyn Regehr",20132014,LAK,D,79,0,0,0,--,0,0,0,0,0,0,0,0,0,0,0,0,0,0,0,0,0,0
"Robyn Regehr",20142015,LAK,D,67,0,0,0,--,0,0,0,0,0,0,0,0,0,0,0,0,0,0,0,0,0,0
"Peter Regin",20092010,OTT,C,75,538,240,298,44.6,459,198,261,70,38,32,9,4,5,218,101,117,198,83,115,118,56,62
"Peter Regin",20102011,OTT,C,55,316,132,184,41.8,271,117,154,39,13,26,6,2,4,121,53,68,115,49,66,80,30,50
"Peter Regin",20112012,OTT,C,10,59,29,30,49.1,46,24,22,3,2,1,10,3,7,11,6,5,29,14,15,19,9,10
"Peter Regin",20122013,OTT,C,27,210,92,118,43.8,168,81,87,9,3,6,33,8,25,59,28,31,68,31,37,83,33,50
"Peter Regin",20132014,"NYI,CHI",C,61,396,176,220,44.4,356,164,192,21,9,12,19,3,16,135,53,82,127,66,61,134,57,77
"Peter Regin",20142015,CHI,C,4,2,1,1,50,2,1,1,0,0,0,0,0,0,2,1,1,0,0,0,0,0,0
"Brent Regner",20152016,FLA,D,7,0,0,0,--,0,0,0,0,0,0,0,0,0,0,0,0,0,0,0,0,0,0
"Mike Reilly",20152016,MIN,D,29,0,0,0,--,0,0,0,0,0,0,0,0,0,0,0,0,0,0,0,0,0,0
"Mike Reilly",20162017,MIN,D,17,0,0,0,--,0,0,0,0,0,0,0,0,0,0,0,0,0,0,0,0,0,0
"Mike Reilly",20172018,"MIN,MTL",D,57,0,0,0,--,0,0,0,0,0,0,0,0,0,0,0,0,0,0,0,0,0,0
"Mike Reilly",20182019,MTL,D,57,0,0,0,--,0,0,0,0,0,0,0,0,0,0,0,0,0,0,0,0,0,0
"Griffin Reinhart",20142015,NYI,D,8,0,0,0,--,0,0,0,0,0,0,0,0,0,0,0,0,0,0,0,0,0,0
"Griffin Reinhart",20152016,EDM,D,29,0,0,0,--,0,0,0,0,0,0,0,0,0,0,0,0,0,0,0,0,0,0
"Max Reinhart",20122013,CGY,C,11,91,34,57,37.4,79,30,49,6,2,4,6,2,4,25,11,14,30,10,20,36,13,23
"Max Reinhart",20132014,CGY,C,8,9,2,7,22.2,7,0,7,2,2,0,0,0,0,1,0,1,5,1,4,3,1,2
"Max Reinhart",20142015,CGY,C,4,29,6,23,20.7,29,6,23,0,0,0,0,0,0,8,0,8,13,5,8,8,1,7
"Sam Reinhart",20142015,BUF,C,9,86,21,65,24.4,84,19,65,2,2,0,0,0,0,19,8,11,36,9,27,31,4,27
"Sam Reinhart",20152016,BUF,C,79,108,36,72,33.3,100,30,70,7,5,2,1,1,0,38,12,26,38,14,24,32,10,22
"Sam Reinhart",20162017,BUF,C,79,210,86,124,41,192,76,116,18,10,8,0,0,0,73,24,49,83,44,39,54,18,36
"Sam Reinhart",20172018,BUF,C,82,142,56,86,39.4,125,52,73,17,4,13,0,0,0,64,26,38,40,14,26,38,16,22
"Sam Reinhart",20182019,BUF,C,82,87,31,56,35.6,70,24,46,16,7,9,1,0,1,58,19,39,16,8,8,13,4,9
"Mitch Reinke",20172018,STL,D,1,0,0,0,--,0,0,0,0,0,0,0,0,0,0,0,0,0,0,0,0,0,0
"Steve Reinprecht",20092010,FLA,C,82,989,472,517,47.7,861,392,469,120,75,45,8,5,3,307,162,145,366,155,211,305,151,154
"Steve Reinprecht",20102011,FLA,C,29,172,89,83,51.7,160,83,77,9,4,5,3,2,1,63,35,28,61,29,32,48,25,23
"Sheldon Rempal",20182019,LAK,R,7,0,0,0,--,0,0,0,0,0,0,0,0,0,0,0,0,0,0,0,0,0,0
"Borna Rendulic",20142015,COL,R,11,0,0,0,--,0,0,0,0,0,0,0,0,0,0,0,0,0,0,0,0,0,0
"Borna Rendulic",20152016,COL,R,3,3,0,3,0,3,0,3,0,0,0,0,0,0,2,0,2,0,0,0,1,0,1
"Borna Rendulic",20162017,VAN,R,1,0,0,0,--,0,0,0,0,0,0,0,0,0,0,0,0,0,0,0,0,0,0
"Dan Renouf",20162017,DET,D,1,0,0,0,--,0,0,0,0,0,0,0,0,0,0,0,0,0,0,0,0,0,0
"Michal Repik",20092010,FLA,R,19,1,1,0,100,1,1,0,0,0,0,0,0,0,0,0,0,1,1,0,0,0,0
"Michal Repik",20102011,FLA,R,31,7,3,4,42.9,5,3,2,1,0,1,1,0,1,4,2,2,2,1,1,1,0,1
"Michal Repik",20112012,FLA,R,17,5,3,2,60,5,3,2,0,0,0,0,0,0,0,0,0,2,1,1,3,2,1
"Jonathan Rheault",20122013,FLA,R,5,1,0,1,0,1,0,1,0,0,0,0,0,0,0,0,0,1,0,1,0,0,0
"Mike Ribeiro",20092010,DAL,C,66,"1,102",494,608,44.8,737,341,396,205,90,115,160,63,97,361,169,192,331,132,199,410,193,217
"Mike Ribeiro",20102011,DAL,C,82,"1,213",565,648,46.6,838,390,448,305,151,154,70,24,46,537,252,285,434,205,229,242,108,134
"Mike Ribeiro",20112012,DAL,C,74,808,341,467,42.2,634,270,364,129,55,74,45,16,29,310,126,184,296,125,171,202,90,112
"Mike Ribeiro",20122013,WSH,C,48,505,226,279,44.8,473,213,260,23,11,12,9,2,7,157,64,93,204,98,106,144,64,80
"Mike Ribeiro",20132014,PHX,C,80,903,391,512,43.3,824,355,469,76,36,40,3,0,3,452,187,265,288,131,157,163,73,90
"Mike Ribeiro",20142015,NSH,C,82,"1,348",582,766,43.2,"1,132",481,651,214,101,113,2,0,2,673,298,375,458,189,269,217,95,122
"Mike Ribeiro",20152016,NSH,C,81,760,288,472,37.9,653,249,404,105,39,66,2,0,2,353,140,213,332,126,206,75,22,53
"Mike Ribeiro",20162017,NSH,C,46,444,183,261,41.2,375,154,221,67,28,39,2,1,1,219,91,128,176,70,106,49,22,27
"Anthony Richard",20182019,NSH,C,1,0,0,0,--,0,0,0,0,0,0,0,0,0,0,0,0,0,0,0,0,0,0
"Tanner Richard",20162017,TBL,C,3,30,13,17,43.3,30,13,17,0,0,0,0,0,0,8,5,3,13,6,7,9,2,7
"Brad Richards",20092010,DAL,C,80,"1,140",587,553,51.5,993,498,495,67,43,24,80,46,34,347,189,158,390,185,205,402,212,190
"Brad Richards",20102011,DAL,C,72,990,501,489,50.6,898,461,437,68,32,36,24,8,16,397,210,187,356,177,179,237,114,123
"Brad Richards",20112012,NYR,C,82,"1,316",682,634,51.8,"1,116",581,535,176,92,84,24,9,15,521,273,248,460,237,223,335,172,163
"Brad Richards",20122013,NYR,C,46,773,391,382,50.6,666,338,328,97,48,49,10,5,5,355,178,177,246,113,133,172,100,72
"Brad Richards",20132014,NYR,C,82,"1,029",512,517,49.8,969,483,486,55,28,27,5,1,4,472,238,234,343,153,190,214,121,93
"Brad Richards",20142015,CHI,C,76,825,399,426,48.4,773,378,395,49,19,30,3,2,1,378,182,196,286,127,159,161,90,71
"Brad Richards",20152016,DET,C,68,250,124,126,49.6,221,105,116,29,19,10,0,0,0,141,79,62,63,29,34,46,16,30
"Mike Richards",20092010,PHI,C,82,"1,373",696,677,50.7,"1,071",547,524,159,82,77,143,67,76,415,211,204,494,256,238,463,229,234
"Mike Richards",20102011,PHI,C,81,"1,216",606,610,49.8,980,466,514,142,88,54,94,52,42,377,191,186,444,214,230,395,201,194
"Mike Richards",20112012,LAK,C,74,"1,067",539,528,50.5,805,406,399,124,59,65,138,74,64,335,172,163,357,161,196,375,206,169
"Mike Richards",20122013,LAK,C,48,441,216,225,49,373,187,186,30,15,15,38,14,24,154,73,81,152,75,77,135,68,67
"Mike Richards",20132014,LAK,C,82,907,489,418,53.9,760,404,356,82,46,36,65,39,26,350,191,159,298,159,139,259,139,120
"Mike Richards",20142015,LAK,C,53,593,289,304,48.7,531,263,268,36,16,20,26,10,16,207,96,111,197,101,96,189,92,97
"Mike Richards",20152016,WSH,C,39,475,235,240,49.5,357,176,181,6,2,4,112,57,55,120,72,48,152,73,79,203,90,113
"Brad Richardson",20092010,LAK,C,81,391,188,203,48.1,365,178,187,6,2,4,20,8,12,142,61,81,147,69,78,101,56,45
"Brad Richardson",20102011,LAK,C,68,181,92,89,50.8,174,91,83,4,1,3,3,0,3,62,28,34,76,42,34,43,22,21
"Brad Richardson",20112012,LAK,C,59,56,33,23,58.9,48,28,20,2,0,2,6,5,1,22,12,10,18,10,8,16,11,5
"Brad Richardson",20122013,LAK,C,16,56,27,29,48.2,50,24,26,4,2,2,2,1,1,32,11,21,18,10,8,6,6,0
"Brad Richardson",20132014,VAN,C,73,966,533,433,55.2,808,459,349,12,6,6,146,68,78,203,110,93,248,143,105,515,280,235
"Brad Richardson",20142015,VAN,C,45,578,276,302,47.8,451,224,227,5,2,3,122,50,72,152,58,94,160,96,64,266,122,144
"Brad Richardson",20152016,ARI,C,82,961,523,438,54.4,867,468,399,18,15,3,76,40,36,205,108,97,427,251,176,329,164,165
"Brad Richardson",20162017,ARI,C,16,230,121,109,52.6,180,96,84,4,1,3,46,24,22,21,14,7,88,46,42,121,61,60
"Brad Richardson",20172018,ARI,C,76,"1,043",543,500,52.1,848,463,385,11,3,8,184,77,107,195,102,93,320,169,151,528,272,256
"Brad Richardson",20182019,ARI,C,66,"1,051",577,474,54.9,843,472,371,20,10,10,188,95,93,192,109,83,303,181,122,556,287,269
"Tobias Rieder",20142015,ARI,C,72,5,1,4,20,3,1,2,0,0,0,2,0,2,1,1,0,2,0,2,2,0,2
"Tobias Rieder",20152016,ARI,C,82,29,10,19,34.5,21,5,16,7,5,2,1,0,1,20,7,13,6,2,4,3,1,2
"Tobias Rieder",20162017,ARI,C,80,13,4,9,30.8,7,3,4,0,0,0,6,1,5,4,1,3,1,0,1,8,3,5
"Tobias Rieder",20172018,"ARI,LAK",C,78,46,22,24,47.8,37,18,19,5,3,2,4,1,3,27,17,10,6,1,5,13,4,9
"Tobias Rieder",20182019,EDM,C,67,25,5,20,20,21,4,17,0,0,0,4,1,3,7,1,6,7,1,6,11,3,8
"Morgan Rielly",20132014,TOR,D,73,0,0,0,--,0,0,0,0,0,0,0,0,0,0,0,0,0,0,0,0,0,0
"Morgan Rielly",20142015,TOR,D,81,0,0,0,--,0,0,0,0,0,0,0,0,0,0,0,0,0,0,0,0,0,0
"Morgan Rielly",20152016,TOR,D,82,0,0,0,--,0,0,0,0,0,0,0,0,0,0,0,0,0,0,0,0,0,0
"Morgan Rielly",20162017,TOR,D,76,0,0,0,--,0,0,0,0,0,0,0,0,0,0,0,0,0,0,0,0,0,0
"Morgan Rielly",20172018,TOR,D,76,2,0,2,0,1,0,1,0,0,0,1,0,1,0,0,0,1,0,1,1,0,1
"Morgan Rielly",20182019,TOR,D,82,1,0,1,0,1,0,1,0,0,0,0,0,0,0,0,0,1,0,1,0,0,0
"Juuso Riikola",20182019,PIT,D,37,0,0,0,--,0,0,0,0,0,0,0,0,0,0,0,0,0,0,0,0,0,0
"Zac Rinaldo",20112012,PHI,C,66,9,6,3,66.7,9,6,3,0,0,0,0,0,0,4,2,2,3,3,0,2,1,1
"Zac Rinaldo",20122013,PHI,C,32,2,1,1,50,2,1,1,0,0,0,0,0,0,1,0,1,0,0,0,1,1,0
"Zac Rinaldo",20132014,PHI,C,67,3,2,1,66.7,3,2,1,0,0,0,0,0,0,0,0,0,2,1,1,1,1,0
"Zac Rinaldo",20142015,PHI,C,58,3,1,2,33.3,2,0,2,0,0,0,1,1,0,0,0,0,3,1,2,0,0,0
"Zac Rinaldo",20152016,BOS,C,52,1,0,1,0,1,0,1,0,0,0,0,0,0,1,0,1,0,0,0,0,0,0
"Zac Rinaldo",20172018,ARI,C,53,15,4,11,26.7,15,4,11,0,0,0,0,0,0,9,2,7,4,1,3,2,1,1
"Zac Rinaldo",20182019,NSH,C,23,5,1,4,20,5,1,4,0,0,0,0,0,0,4,1,3,1,0,1,0,0,0
"Rasmus Rissanen",20142015,CAR,D,6,0,0,0,--,0,0,0,0,0,0,0,0,0,0,0,0,0,0,0,0,0,0
"Patrick Rissmiller",20102011,"ATL,FLA",L,10,4,2,2,50,1,1,0,2,1,1,1,0,1,1,1,0,1,0,1,2,1,1
"Rasmus Ristolainen",20132014,BUF,D,34,1,0,1,0,0,0,0,0,0,0,1,0,1,0,0,0,0,0,0,1,0,1
"Rasmus Ristolainen",20142015,BUF,D,78,1,1,0,100,1,1,0,0,0,0,0,0,0,0,0,0,0,0,0,1,1,0
"Rasmus Ristolainen",20152016,BUF,D,82,0,0,0,--,0,0,0,0,0,0,0,0,0,0,0,0,0,0,0,0,0,0
"Rasmus Ristolainen",20162017,BUF,D,79,0,0,0,--,0,0,0,0,0,0,0,0,0,0,0,0,0,0,0,0,0,0
"Rasmus Ristolainen",20172018,BUF,D,73,0,0,0,--,0,0,0,0,0,0,0,0,0,0,0,0,0,0,0,0,0,0
"Rasmus Ristolainen",20182019,BUF,D,78,0,0,0,--,0,0,0,0,0,0,0,0,0,0,0,0,0,0,0,0,0,0
"Brett Ritchie",20142015,DAL,R,31,4,1,3,25,4,1,3,0,0,0,0,0,0,2,0,2,2,1,1,0,0,0
"Brett Ritchie",20152016,DAL,R,8,0,0,0,--,0,0,0,0,0,0,0,0,0,0,0,0,0,0,0,0,0,0
"Brett Ritchie",20162017,DAL,R,78,2,1,1,50,1,0,1,1,1,0,0,0,0,2,1,1,0,0,0,0,0,0
"Brett Ritchie",20172018,DAL,R,71,1,0,1,0,1,0,1,0,0,0,0,0,0,0,0,0,1,0,1,0,0,0
"Brett Ritchie",20182019,DAL,R,53,9,2,7,22.2,9,2,7,0,0,0,0,0,0,3,1,2,4,0,4,2,1,1
"Nick Ritchie",20152016,ANA,L,33,3,1,2,33.3,3,1,2,0,0,0,0,0,0,3,1,2,0,0,0,0,0,0
"Nick Ritchie",20162017,ANA,L,77,8,4,4,50,6,3,3,1,1,0,1,0,1,6,3,3,2,1,1,0,0,0
"Nick Ritchie",20172018,ANA,L,76,17,6,11,35.3,13,5,8,2,0,2,2,1,1,9,1,8,5,3,2,3,2,1
"Nick Ritchie",20182019,ANA,L,60,12,4,8,33.3,8,3,5,3,1,2,1,0,1,6,2,4,2,0,2,4,2,2
"Mattias Ritola",20092010,DET,C,5,3,0,3,0,3,0,3,0,0,0,0,0,0,3,0,3,0,0,0,0,0,0
"Mattias Ritola",20102011,TBL,C,31,44,19,25,43.2,37,15,22,7,4,3,0,0,0,16,8,8,18,6,12,10,5,5
"Mattias Ritola",20112012,TBL,C,5,3,2,1,66.7,1,1,0,1,0,1,1,1,0,1,0,1,2,2,0,0,0,0
"Craig Rivet",20092010,BUF,D,78,0,0,0,--,0,0,0,0,0,0,0,0,0,0,0,0,0,0,0,0,0,0
"Craig Rivet",20102011,"BUF,CBJ",D,37,0,0,0,--,0,0,0,0,0,0,0,0,0,0,0,0,0,0,0,0,0,0
"Colby Robak",20112012,FLA,D,3,0,0,0,--,0,0,0,0,0,0,0,0,0,0,0,0,0,0,0,0,0,0
"Colby Robak",20122013,FLA,D,16,0,0,0,--,0,0,0,0,0,0,0,0,0,0,0,0,0,0,0,0,0,0
"Colby Robak",20132014,FLA,D,16,0,0,0,--,0,0,0,0,0,0,0,0,0,0,0,0,0,0,0,0,0,0
"Colby Robak",20142015,"FLA,ANA",D,12,0,0,0,--,0,0,0,0,0,0,0,0,0,0,0,0,0,0,0,0,0,0
"Stephane Robidas",20092010,DAL,D,82,0,0,0,--,0,0,0,0,0,0,0,0,0,0,0,0,0,0,0,0,0,0
"Stephane Robidas",20102011,DAL,D,81,0,0,0,--,0,0,0,0,0,0,0,0,0,0,0,0,0,0,0,0,0,0
"Stephane Robidas",20112012,DAL,D,75,0,0,0,--,0,0,0,0,0,0,0,0,0,0,0,0,0,0,0,0,0,0
"Stephane Robidas",20122013,DAL,D,48,0,0,0,--,0,0,0,0,0,0,0,0,0,0,0,0,0,0,0,0,0,0
"Stephane Robidas",20132014,"DAL,ANA",D,38,0,0,0,--,0,0,0,0,0,0,0,0,0,0,0,0,0,0,0,0,0,0
"Stephane Robidas",20142015,TOR,D,52,0,0,0,--,0,0,0,0,0,0,0,0,0,0,0,0,0,0,0,0,0,0
"Bobby Robins",20142015,BOS,R,3,0,0,0,--,0,0,0,0,0,0,0,0,0,0,0,0,0,0,0,0,0,0
"Buddy Robinson",20152016,OTT,R,3,1,0,1,0,1,0,1,0,0,0,0,0,0,1,0,1,0,0,0,0,0,0
"Buddy Robinson",20162017,OTT,R,4,0,0,0,--,0,0,0,0,0,0,0,0,0,0,0,0,0,0,0,0,0,0
"Eric Robinson",20172018,CBJ,L,1,0,0,0,--,0,0,0,0,0,0,0,0,0,0,0,0,0,0,0,0,0,0
"Eric Robinson",20182019,CBJ,L,13,0,0,0,--,0,0,0,0,0,0,0,0,0,0,0,0,0,0,0,0,0,0
"Jack Rodewald",20172018,OTT,R,4,2,0,2,0,2,0,2,0,0,0,0,0,0,0,0,0,0,0,0,2,0,2
"Jack Rodewald",20182019,OTT,R,6,0,0,0,--,0,0,0,0,0,0,0,0,0,0,0,0,0,0,0,0,0,0
"Anton Rodin",20162017,VAN,R,3,0,0,0,--,0,0,0,0,0,0,0,0,0,0,0,0,0,0,0,0,0,0
"Bryan Rodney",20092010,CAR,D,22,0,0,0,--,0,0,0,0,0,0,0,0,0,0,0,0,0,0,0,0,0,0
"Bryan Rodney",20102011,CAR,D,3,0,0,0,--,0,0,0,0,0,0,0,0,0,0,0,0,0,0,0,0,0,0
"Bryan Rodney",20112012,EDM,D,1,0,0,0,--,0,0,0,0,0,0,0,0,0,0,0,0,0,0,0,0,0,0
"Evan Rodrigues",20152016,BUF,C,2,0,0,0,--,0,0,0,0,0,0,0,0,0,0,0,0,0,0,0,0,0,0
"Evan Rodrigues",20162017,BUF,C,30,250,104,146,41.6,235,96,139,9,5,4,6,3,3,96,40,56,90,37,53,64,27,37
"Evan Rodrigues",20172018,BUF,C,48,368,156,212,42.4,339,140,199,26,14,12,3,2,1,129,53,76,124,54,70,115,49,66
"Evan Rodrigues",20182019,BUF,C,74,655,304,351,46.4,565,262,303,54,24,30,36,18,18,215,87,128,175,78,97,265,139,126
"Brian Rolston",20092010,NJD,R,80,63,32,31,50.8,49,24,25,6,2,4,8,6,2,37,18,19,13,7,6,13,7,6
"Brian Rolston",20102011,NJD,R,65,135,52,83,38.5,81,28,53,11,7,4,43,17,26,61,20,41,29,14,15,45,18,27
"Brian Rolston",20112012,"NYI,BOS",R,70,77,37,40,48,67,33,34,4,2,2,6,2,4,27,15,12,22,10,12,28,12,16
"Aaron Rome",20092010,VAN,D,49,0,0,0,--,0,0,0,0,0,0,0,0,0,0,0,0,0,0,0,0,0,0
"Aaron Rome",20102011,VAN,D,56,0,0,0,--,0,0,0,0,0,0,0,0,0,0,0,0,0,0,0,0,0,0
"Aaron Rome",20112012,VAN,D,43,0,0,0,--,0,0,0,0,0,0,0,0,0,0,0,0,0,0,0,0,0,0
"Aaron Rome",20122013,DAL,D,27,0,0,0,--,0,0,0,0,0,0,0,0,0,0,0,0,0,0,0,0,0,0
"Aaron Rome",20132014,DAL,D,25,0,0,0,--,0,0,0,0,0,0,0,0,0,0,0,0,0,0,0,0,0,0
"Kevin Rooney",20162017,NJD,C,4,27,10,17,37,26,10,16,0,0,0,1,0,1,5,2,3,14,7,7,8,1,7
"Kevin Rooney",20172018,NJD,C,1,3,1,2,33.3,3,1,2,0,0,0,0,0,0,2,1,1,1,0,1,0,0,0
"Kevin Rooney",20182019,NJD,C,41,379,187,192,49.3,337,163,174,5,2,3,37,22,15,73,32,41,142,72,70,164,83,81
"Jay Rosehill",20092010,TOR,L,15,3,1,2,33.3,3,1,2,0,0,0,0,0,0,1,1,0,1,0,1,0,0,0
"Jay Rosehill",20102011,TOR,L,26,0,0,0,--,0,0,0,0,0,0,0,0,0,0,0,0,0,0,0,0,0,0
"Jay Rosehill",20112012,TOR,L,31,4,1,3,25,4,1,3,0,0,0,0,0,0,1,0,1,1,1,0,2,0,2
"Jay Rosehill",20122013,PHI,L,11,0,0,0,--,0,0,0,0,0,0,0,0,0,0,0,0,0,0,0,0,0,0
"Jay Rosehill",20132014,PHI,L,34,1,0,1,0,1,0,1,0,0,0,0,0,0,0,0,0,0,0,0,1,0,1
"Calle Rosen",20172018,TOR,D,4,0,0,0,--,0,0,0,0,0,0,0,0,0,0,0,0,0,0,0,0,0,0
"Calle Rosen",20182019,TOR,D,4,0,0,0,--,0,0,0,0,0,0,0,0,0,0,0,0,0,0,0,0,0,0
"Jack Roslovic",20162017,WPG,C,1,6,1,5,16.7,6,1,5,0,0,0,0,0,0,3,1,2,3,0,3,0,0,0
"Jack Roslovic",20172018,WPG,C,31,39,18,21,46.1,32,15,17,7,3,4,0,0,0,23,12,11,8,3,5,8,3,5
"Jack Roslovic",20182019,WPG,C,77,209,91,118,43.5,207,90,117,2,1,1,0,0,0,80,32,48,86,39,47,43,20,23
"Jared Ross",20092010,PHI,C,3,11,6,5,54.5,11,6,5,0,0,0,0,0,0,2,1,1,7,4,3,2,1,1
"Antoine Roussel",20122013,DAL,L,39,55,30,25,54.5,48,28,20,2,1,1,5,1,4,16,6,10,17,12,5,22,12,10
"Antoine Roussel",20132014,DAL,L,81,44,19,25,43.2,36,16,20,0,0,0,8,3,5,13,5,8,14,7,7,17,7,10
"Antoine Roussel",20142015,DAL,L,80,17,3,14,17.6,14,3,11,1,0,1,2,0,2,9,0,9,3,1,2,5,2,3
"Antoine Roussel",20152016,DAL,L,80,35,15,20,42.9,29,12,17,2,1,1,4,2,2,17,9,8,11,3,8,7,3,4
"Antoine Roussel",20162017,DAL,L,60,16,7,9,43.8,16,7,9,0,0,0,0,0,0,8,4,4,5,1,4,3,2,1
"Antoine Roussel",20172018,DAL,L,73,38,22,16,57.9,33,18,15,1,0,1,4,4,0,15,6,9,9,6,3,14,10,4
"Antoine Roussel",20182019,VAN,L,65,34,17,17,50,20,11,9,0,0,0,14,6,8,11,5,6,9,4,5,14,8,6
"Carter Rowney",20162017,PIT,C,27,198,95,103,48,177,85,92,0,0,0,21,10,11,59,28,31,70,37,33,69,30,39
"Carter Rowney",20172018,PIT,C,44,310,164,146,52.9,222,117,105,0,0,0,88,47,41,47,25,22,90,47,43,173,92,81
"Carter Rowney",20182019,ANA,C,62,347,171,176,49.3,299,149,150,3,2,1,45,20,25,113,51,62,114,63,51,120,57,63
"Derek Roy",20092010,BUF,C,80,"1,225",617,608,50.4,878,425,453,201,119,82,146,73,73,446,235,211,383,190,193,387,187,200
"Derek Roy",20102011,BUF,C,35,528,245,283,46.4,389,171,218,99,52,47,40,22,18,233,116,117,167,70,97,128,59,69
"Derek Roy",20112012,BUF,C,80,"1,329",672,657,50.6,"1,044",522,522,156,83,73,129,67,62,425,218,207,457,223,234,447,231,216
"Derek Roy",20122013,"DAL,VAN",C,42,647,295,352,45.6,513,230,283,69,40,29,65,25,40,191,90,101,207,87,120,249,118,131
"Derek Roy",20132014,STL,C,75,466,219,247,47,354,153,201,103,63,40,9,3,6,252,125,127,149,64,85,65,30,35
"Derek Roy",20142015,"NSH,EDM",C,72,909,407,502,44.8,795,359,436,103,44,59,11,4,7,366,177,189,319,137,182,224,93,131
"Kevin Roy",20172018,ANA,C,25,9,0,9,0,6,0,6,3,0,3,0,0,0,4,0,4,3,0,3,2,0,2
"Kevin Roy",20182019,ANA,C,3,0,0,0,--,0,0,0,0,0,0,0,0,0,0,0,0,0,0,0,0,0,0
"Mathieu Roy",20092010,CBJ,D,31,1,1,0,100,1,1,0,0,0,0,0,0,0,1,1,0,0,0,0,0,0,0
"Mathieu Roy",20102011,TBL,D,4,0,0,0,--,0,0,0,0,0,0,0,0,0,0,0,0,0,0,0,0,0,0
"Mathieu Roy",20122013,TBL,D,1,0,0,0,--,0,0,0,0,0,0,0,0,0,0,0,0,0,0,0,0,0,0
"Matt Roy",20182019,LAK,D,25,0,0,0,--,0,0,0,0,0,0,0,0,0,0,0,0,0,0,0,0,0,0
"Nicolas Roy",20172018,CAR,C,1,10,6,4,60,10,6,4,0,0,0,0,0,0,5,3,2,4,3,1,1,0,1
"Nicolas Roy",20182019,CAR,C,6,39,21,18,53.9,37,20,17,0,0,0,2,1,1,7,3,4,15,10,5,17,8,9
"Michal Rozsival",20092010,NYR,D,82,1,1,0,100,1,1,0,0,0,0,0,0,0,0,0,0,0,0,0,1,1,0
"Michal Rozsival",20102011,"NYR,PHX",D,65,0,0,0,--,0,0,0,0,0,0,0,0,0,0,0,0,0,0,0,0,0,0
"Michal Rozsival",20112012,PHX,D,54,0,0,0,--,0,0,0,0,0,0,0,0,0,0,0,0,0,0,0,0,0,0
"Michal Rozsival",20122013,CHI,D,27,2,0,2,0,1,0,1,1,0,1,0,0,0,0,0,0,1,0,1,1,0,1
"Michal Rozsival",20132014,CHI,D,42,0,0,0,--,0,0,0,0,0,0,0,0,0,0,0,0,0,0,0,0,0,0
"Michal Rozsival",20142015,CHI,D,65,0,0,0,--,0,0,0,0,0,0,0,0,0,0,0,0,0,0,0,0,0,0
"Michal Rozsival",20152016,CHI,D,51,0,0,0,--,0,0,0,0,0,0,0,0,0,0,0,0,0,0,0,0,0,0
"Michal Rozsival",20162017,CHI,D,22,0,0,0,--,0,0,0,0,0,0,0,0,0,0,0,0,0,0,0,0,0,0
"Chad Ruhwedel",20122013,BUF,D,7,0,0,0,--,0,0,0,0,0,0,0,0,0,0,0,0,0,0,0,0,0,0
"Chad Ruhwedel",20132014,BUF,D,21,0,0,0,--,0,0,0,0,0,0,0,0,0,0,0,0,0,0,0,0,0,0
"Chad Ruhwedel",20142015,BUF,D,4,0,0,0,--,0,0,0,0,0,0,0,0,0,0,0,0,0,0,0,0,0,0
"Chad Ruhwedel",20152016,BUF,D,1,0,0,0,--,0,0,0,0,0,0,0,0,0,0,0,0,0,0,0,0,0,0
"Chad Ruhwedel",20162017,PIT,D,34,0,0,0,--,0,0,0,0,0,0,0,0,0,0,0,0,0,0,0,0,0,0
"Chad Ruhwedel",20172018,PIT,D,44,0,0,0,--,0,0,0,0,0,0,0,0,0,0,0,0,0,0,0,0,0,0
"Chad Ruhwedel",20182019,PIT,D,18,0,0,0,--,0,0,0,0,0,0,0,0,0,0,0,0,0,0,0,0,0,0
"David Rundblad",20112012,"OTT,PHX",D,30,0,0,0,--,0,0,0,0,0,0,0,0,0,0,0,0,0,0,0,0,0,0
"David Rundblad",20122013,PHX,D,8,0,0,0,--,0,0,0,0,0,0,0,0,0,0,0,0,0,0,0,0,0,0
"David Rundblad",20132014,"PHX,CHI",D,17,0,0,0,--,0,0,0,0,0,0,0,0,0,0,0,0,0,0,0,0,0,0
"David Rundblad",20142015,CHI,D,49,0,0,0,--,0,0,0,0,0,0,0,0,0,0,0,0,0,0,0,0,0,0
"David Rundblad",20152016,CHI,D,9,0,0,0,--,0,0,0,0,0,0,0,0,0,0,0,0,0,0,0,0,0,0
"Mike Rupp",20092010,PIT,L,81,143,63,80,44,136,59,77,5,3,2,2,1,1,57,24,33,49,21,28,36,18,18
"Mike Rupp",20102011,PIT,L,81,162,82,80,50.6,125,64,61,34,16,18,3,2,1,71,35,36,42,21,21,49,26,23
"Mike Rupp",20112012,NYR,L,60,34,19,15,55.9,34,19,15,0,0,0,0,0,0,6,4,2,9,4,5,19,11,8
"Mike Rupp",20122013,"NYR,MIN",L,40,27,16,11,59.3,27,16,11,0,0,0,0,0,0,8,5,3,14,9,5,5,2,3
"Mike Rupp",20132014,MIN,L,13,3,0,3,0,3,0,3,0,0,0,0,0,0,1,0,1,1,0,1,1,0,1
"Kris Russell",20092010,CBJ,D,70,0,0,0,--,0,0,0,0,0,0,0,0,0,0,0,0,0,0,0,0,0,0
"Kris Russell",20102011,CBJ,D,73,0,0,0,--,0,0,0,0,0,0,0,0,0,0,0,0,0,0,0,0,0,0
"Kris Russell",20112012,"CBJ,STL",D,55,0,0,0,--,0,0,0,0,0,0,0,0,0,0,0,0,0,0,0,0,0,0
"Kris Russell",20122013,STL,D,33,0,0,0,--,0,0,0,0,0,0,0,0,0,0,0,0,0,0,0,0,0,0
"Kris Russell",20132014,CGY,D,68,0,0,0,--,0,0,0,0,0,0,0,0,0,0,0,0,0,0,0,0,0,0
"Kris Russell",20142015,CGY,D,79,0,0,0,--,0,0,0,0,0,0,0,0,0,0,0,0,0,0,0,0,0,0
"Kris Russell",20152016,"CGY,DAL",D,62,1,0,1,0,1,0,1,0,0,0,0,0,0,1,0,1,0,0,0,0,0,0
"Kris Russell",20162017,EDM,D,68,0,0,0,--,0,0,0,0,0,0,0,0,0,0,0,0,0,0,0,0,0,0
"Kris Russell",20172018,EDM,D,78,0,0,0,--,0,0,0,0,0,0,0,0,0,0,0,0,0,0,0,0,0,0
"Kris Russell",20182019,EDM,D,72,0,0,0,--,0,0,0,0,0,0,0,0,0,0,0,0,0,0,0,0,0,0
"Patrick Russell",20182019,EDM,R,6,0,0,0,--,0,0,0,0,0,0,0,0,0,0,0,0,0,0,0,0,0,0
"Ryan Russell",20112012,CBJ,L,41,5,0,5,0,1,0,1,0,0,0,4,0,4,0,0,0,5,0,5,0,0,0
"Robbie Russo",20162017,DET,D,19,0,0,0,--,0,0,0,0,0,0,0,0,0,0,0,0,0,0,0,0,0,0
"Bryan Rust",20142015,PIT,R,14,0,0,0,--,0,0,0,0,0,0,0,0,0,0,0,0,0,0,0,0,0,0
"Bryan Rust",20152016,PIT,R,41,4,1,3,25,3,1,2,1,0,1,0,0,0,2,1,1,0,0,0,2,0,2
"Bryan Rust",20162017,PIT,R,57,5,2,3,40,4,2,2,0,0,0,1,0,1,2,0,2,1,1,0,2,1,1
"Bryan Rust",20172018,PIT,R,69,31,8,23,25.8,21,5,16,2,1,1,8,2,6,10,4,6,13,3,10,8,1,7
"Bryan Rust",20182019,PIT,R,72,24,8,16,33.3,11,2,9,0,0,0,13,6,7,10,3,7,2,1,1,12,4,8
"Jan Rutta",20172018,CHI,D,57,0,0,0,--,0,0,0,0,0,0,0,0,0,0,0,0,0,0,0,0,0,0
"Jan Rutta",20182019,"CHI,TBL",D,37,0,0,0,--,0,0,0,0,0,0,0,0,0,0,0,0,0,0,0,0,0,0
"Jarkko Ruutu",20092010,OTT,L,82,24,5,19,20.8,11,1,10,0,0,0,13,4,9,7,1,6,12,4,8,5,0,5
"Jarkko Ruutu",20102011,"OTT,ANA",L,73,20,8,12,40,8,3,5,0,0,0,12,5,7,8,2,6,6,3,3,6,3,3
"Tuomo Ruutu",20092010,CAR,L,54,47,19,28,40.4,36,15,21,11,4,7,0,0,0,20,5,15,18,10,8,9,4,5
"Tuomo Ruutu",20102011,CAR,L,82,643,265,378,41.2,555,230,325,81,33,48,7,2,5,234,96,138,235,89,146,174,80,94
"Tuomo Ruutu",20112012,CAR,L,72,124,44,80,35.5,89,32,57,34,11,23,1,1,0,63,27,36,36,12,24,25,5,20
"Tuomo Ruutu",20122013,CAR,L,17,8,1,7,12.5,7,1,6,0,0,0,1,0,1,6,1,5,1,0,1,1,0,1
"Tuomo Ruutu",20132014,"CAR,NJD",L,76,37,14,23,37.8,30,12,18,7,2,5,0,0,0,19,5,14,9,5,4,9,4,5
"Tuomo Ruutu",20142015,NJD,L,77,9,4,5,44.4,9,4,5,0,0,0,0,0,0,2,1,1,3,1,2,4,2,2
"Tuomo Ruutu",20152016,NJD,L,33,5,2,3,40,5,2,3,0,0,0,0,0,0,3,1,2,1,1,0,1,0,1
"Bobby Ryan",20092010,ANA,R,81,93,41,52,44.1,67,27,40,26,14,12,0,0,0,50,18,32,27,15,12,16,8,8
"Bobby Ryan",20102011,ANA,R,82,219,87,132,39.7,166,70,96,39,14,25,14,3,11,98,36,62,78,31,47,43,20,23
"Bobby Ryan",20112012,ANA,R,82,69,20,49,29,51,12,39,12,7,5,6,1,5,41,12,29,13,4,9,15,4,11
"Bobby Ryan",20122013,ANA,R,46,81,25,56,30.9,74,24,50,6,1,5,1,0,1,42,12,30,31,9,22,8,4,4
"Bobby Ryan",20132014,OTT,R,70,13,8,5,61.5,10,7,3,2,1,1,1,0,1,10,6,4,1,1,0,2,1,1
"Bobby Ryan",20142015,OTT,R,78,11,4,7,36.4,10,3,7,0,0,0,1,1,0,5,1,4,4,2,2,2,1,1
"Bobby Ryan",20152016,OTT,R,81,11,3,8,27.3,11,3,8,0,0,0,0,0,0,8,1,7,2,1,1,1,1,0
"Bobby Ryan",20162017,OTT,R,62,9,6,3,66.7,7,4,3,2,2,0,0,0,0,4,2,2,4,3,1,1,1,0
"Bobby Ryan",20172018,OTT,R,62,22,12,10,54.5,20,12,8,1,0,1,1,0,1,13,5,8,4,3,1,5,4,1
"Bobby Ryan",20182019,OTT,R,78,26,8,18,30.8,22,6,16,2,1,1,2,1,1,14,4,10,6,2,4,6,2,4
"Derek Ryan",20152016,CAR,C,6,59,35,24,59.3,54,33,21,5,2,3,0,0,0,23,12,11,19,12,7,17,11,6
"Derek Ryan",20162017,CAR,C,67,707,391,316,55.3,581,319,262,107,64,43,19,8,11,332,188,144,194,110,84,181,93,88
"Derek Ryan",20172018,CAR,C,80,940,531,409,56.5,827,469,358,100,56,44,13,6,7,416,214,202,286,177,109,238,140,98
"Derek Ryan",20182019,CGY,C,81,756,440,316,58.2,607,356,251,50,24,26,99,60,39,222,126,96,243,153,90,291,161,130
"Joakim Ryan",20172018,SJS,D,62,0,0,0,--,0,0,0,0,0,0,0,0,0,0,0,0,0,0,0,0,0,0
"Joakim Ryan",20182019,SJS,D,44,0,0,0,--,0,0,0,0,0,0,0,0,0,0,0,0,0,0,0,0,0,0
"Kerby Rychel",20142015,CBJ,L,5,0,0,0,--,0,0,0,0,0,0,0,0,0,0,0,0,0,0,0,0,0,0
"Kerby Rychel",20152016,CBJ,L,32,3,1,2,33.3,3,1,2,0,0,0,0,0,0,1,0,1,1,1,0,1,0,1
"Kerby Rychel",20172018,MTL,L,4,4,2,2,50,3,2,1,1,0,1,0,0,0,3,1,2,0,0,0,1,1,0
"Kerby Rychel",20182019,CGY,L,2,1,0,1,0,1,0,1,0,0,0,0,0,0,0,0,0,1,0,1,0,0,0
"Michael Ryder",20092010,BOS,R,82,15,2,13,13.3,7,2,5,8,0,8,0,0,0,7,1,6,4,1,3,4,0,4
"Michael Ryder",20102011,BOS,R,79,8,5,3,62.5,8,5,3,0,0,0,0,0,0,1,1,0,2,1,1,5,3,2
"Michael Ryder",20112012,DAL,R,82,71,34,37,47.9,57,26,31,14,8,6,0,0,0,37,19,18,20,11,9,14,4,10
"Michael Ryder",20122013,"DAL,MTL",R,46,9,3,6,33.3,4,2,2,5,1,4,0,0,0,5,1,4,4,2,2,0,0,0
"Michael Ryder",20132014,NJD,R,82,12,4,8,33.3,8,4,4,4,0,4,0,0,0,8,3,5,4,1,3,0,0,0
"Michael Ryder",20142015,NJD,R,47,6,2,4,33.3,5,2,3,1,0,1,0,0,0,5,2,3,0,0,0,1,0,1
"Rick Rypien",20092010,VAN,C,69,153,66,87,43.1,145,62,83,5,3,2,3,1,2,49,22,27,64,29,35,36,14,22
"Rick Rypien",20102011,VAN,C,9,14,9,5,64.3,14,9,5,0,0,0,0,0,0,3,1,2,11,8,3,0,0,0
"Brandon Saad",20112012,CHI,L,2,0,0,0,--,0,0,0,0,0,0,0,0,0,0,0,0,0,0,0,0,0,0
"Brandon Saad",20122013,CHI,L,46,46,17,29,37,42,15,27,3,2,1,1,0,1,22,10,12,13,3,10,11,4,7
"Brandon Saad",20132014,CHI,L,78,122,50,72,41,91,37,54,28,12,16,3,1,2,83,35,48,19,6,13,20,9,11
"Brandon Saad",20142015,CHI,L,82,88,38,50,43.2,42,16,26,27,14,13,19,8,11,50,20,30,23,10,13,15,8,7
"Brandon Saad",20152016,CBJ,L,78,34,19,15,55.9,29,15,14,3,3,0,2,1,1,26,17,9,6,1,5,2,1,1
"Brandon Saad",20162017,CBJ,L,82,9,4,5,44.4,7,3,4,1,0,1,1,1,0,3,1,2,3,2,1,3,1,2
"Brandon Saad",20172018,CHI,L,82,121,56,65,46.3,91,41,50,9,5,4,21,10,11,57,25,32,29,12,17,35,19,16
"Brandon Saad",20182019,CHI,L,80,62,24,38,38.7,52,19,33,1,1,0,9,4,5,32,13,19,13,5,8,17,6,11
"Ruslan Salei",20092010,COL,D,14,0,0,0,--,0,0,0,0,0,0,0,0,0,0,0,0,0,0,0,0,0,0
"Ruslan Salei",20102011,DET,D,75,0,0,0,--,0,0,0,0,0,0,0,0,0,0,0,0,0,0,0,0,0,0
"Anssi Salmela",20092010,"ATL,NJD",D,38,0,0,0,--,0,0,0,0,0,0,0,0,0,0,0,0,0,0,0,0,0,0
"Anssi Salmela",20102011,NJD,D,48,0,0,0,--,0,0,0,0,0,0,0,0,0,0,0,0,0,0,0,0,0,0
"Sami Salo",20092010,VAN,D,68,0,0,0,--,0,0,0,0,0,0,0,0,0,0,0,0,0,0,0,0,0,0
"Sami Salo",20102011,VAN,D,27,0,0,0,--,0,0,0,0,0,0,0,0,0,0,0,0,0,0,0,0,0,0
"Sami Salo",20112012,VAN,D,69,0,0,0,--,0,0,0,0,0,0,0,0,0,0,0,0,0,0,0,0,0,0
"Sami Salo",20122013,TBL,D,46,0,0,0,--,0,0,0,0,0,0,0,0,0,0,0,0,0,0,0,0,0,0
"Sami Salo",20132014,TBL,D,71,0,0,0,--,0,0,0,0,0,0,0,0,0,0,0,0,0,0,0,0,0,0
"Miikka Salomaki",20142015,NSH,R,1,0,0,0,--,0,0,0,0,0,0,0,0,0,0,0,0,0,0,0,0,0,0
"Miikka Salomaki",20152016,NSH,R,61,3,2,1,66.7,3,2,1,0,0,0,0,0,0,0,0,0,2,1,1,1,1,0
"Miikka Salomaki",20162017,NSH,R,5,0,0,0,--,0,0,0,0,0,0,0,0,0,0,0,0,0,0,0,0,0,0
"Miikka Salomaki",20172018,NSH,R,58,12,5,7,41.7,11,5,6,1,0,1,0,0,0,7,2,5,1,0,1,4,3,1
"Miikka Salomaki",20182019,NSH,R,37,7,2,5,28.6,7,2,5,0,0,0,0,0,0,4,1,3,2,1,1,1,0,1
"Bryce Salvador",20092010,NJD,D,79,0,0,0,--,0,0,0,0,0,0,0,0,0,0,0,0,0,0,0,0,0,0
"Bryce Salvador",20112012,NJD,D,82,0,0,0,--,0,0,0,0,0,0,0,0,0,0,0,0,0,0,0,0,0,0
"Bryce Salvador",20122013,NJD,D,39,0,0,0,--,0,0,0,0,0,0,0,0,0,0,0,0,0,0,0,0,0,0
"Bryce Salvador",20132014,NJD,D,40,0,0,0,--,0,0,0,0,0,0,0,0,0,0,0,0,0,0,0,0,0,0
"Bryce Salvador",20142015,NJD,D,15,0,0,0,--,0,0,0,0,0,0,0,0,0,0,0,0,0,0,0,0,0,0
"Jerome Samson",20092010,CAR,R,7,1,0,1,0,1,0,1,0,0,0,0,0,0,0,0,0,0,0,0,1,0,1
"Jerome Samson",20102011,CAR,R,23,3,2,1,66.7,3,2,1,0,0,0,0,0,0,2,1,1,0,0,0,1,1,0
"Jerome Samson",20112012,CAR,R,16,0,0,0,--,0,0,0,0,0,0,0,0,0,0,0,0,0,0,0,0,0,0
"Sergei Samsonov",20092010,CAR,L,72,4,0,4,0,4,0,4,0,0,0,0,0,0,2,0,2,1,0,1,1,0,1
"Sergei Samsonov",20102011,"CAR,FLA",L,78,11,3,8,27.3,10,3,7,0,0,0,1,0,1,7,2,5,0,0,0,4,1,3
"Henrik Samuelsson",20142015,ARI,C,3,2,2,0,100,1,1,0,1,1,0,0,0,0,1,1,0,1,1,0,0,0,0
"Mikael Samuelsson",20092010,VAN,R,74,31,11,20,35.5,28,10,18,3,1,2,0,0,0,18,5,13,6,2,4,8,5,3
"Mikael Samuelsson",20102011,VAN,R,75,28,9,19,32.1,24,7,17,4,2,2,0,0,0,17,4,13,7,4,3,4,1,3
"Mikael Samuelsson",20112012,"VAN,FLA",R,54,33,12,21,36.4,28,10,18,5,2,3,0,0,0,18,4,14,7,5,2,8,3,5
"Mikael Samuelsson",20122013,DET,R,4,0,0,0,--,0,0,0,0,0,0,0,0,0,0,0,0,0,0,0,0,0,0
"Mikael Samuelsson",20132014,DET,R,26,2,0,2,0,2,0,2,0,0,0,0,0,0,2,0,2,0,0,0,0,0,0
"Philip Samuelsson",20132014,PIT,D,5,0,0,0,--,0,0,0,0,0,0,0,0,0,0,0,0,0,0,0,0,0,0
"Philip Samuelsson",20142015,ARI,D,4,0,0,0,--,0,0,0,0,0,0,0,0,0,0,0,0,0,0,0,0,0,0
"Philip Samuelsson",20152016,ARI,D,4,0,0,0,--,0,0,0,0,0,0,0,0,0,0,0,0,0,0,0,0,0,0
"Zach Sanford",20162017,"WSH,STL",L,39,39,17,22,43.6,39,17,22,0,0,0,0,0,0,23,10,13,8,4,4,8,3,5
"Zach Sanford",20182019,STL,L,60,13,8,5,61.5,12,7,5,0,0,0,1,1,0,2,1,1,7,5,2,4,2,2
"Bobby Sanguinetti",20092010,NYR,D,5,0,0,0,--,0,0,0,0,0,0,0,0,0,0,0,0,0,0,0,0,0,0
"Bobby Sanguinetti",20112012,CAR,D,3,0,0,0,--,0,0,0,0,0,0,0,0,0,0,0,0,0,0,0,0,0,0
"Bobby Sanguinetti",20122013,CAR,D,37,1,0,1,0,1,0,1,0,0,0,0,0,0,0,0,0,0,0,0,1,0,1
"Travis Sanheim",20172018,PHI,D,49,0,0,0,--,0,0,0,0,0,0,0,0,0,0,0,0,0,0,0,0,0,0
"Travis Sanheim",20182019,PHI,D,82,0,0,0,--,0,0,0,0,0,0,0,0,0,0,0,0,0,0,0,0,0,0
"Steven Santini",20152016,NJD,D,1,0,0,0,--,0,0,0,0,0,0,0,0,0,0,0,0,0,0,0,0,0,0
"Steven Santini",20162017,NJD,D,38,0,0,0,--,0,0,0,0,0,0,0,0,0,0,0,0,0,0,0,0,0,0
"Steven Santini",20172018,NJD,D,36,1,0,1,0,0,0,0,0,0,0,1,0,1,0,0,0,0,0,0,1,0,1
"Steven Santini",20182019,NJD,D,39,0,0,0,--,0,0,0,0,0,0,0,0,0,0,0,0,0,0,0,0,0,0
"Mike Santorelli",20092010,NSH,C,25,105,48,57,45.7,93,40,53,12,8,4,0,0,0,45,23,22,46,20,26,13,5,8
"Mike Santorelli",20102011,FLA,C,82,"1,032",518,514,50.2,771,374,397,178,104,74,83,40,43,404,220,184,334,177,157,294,121,173
"Mike Santorelli",20112012,FLA,C,60,389,176,213,45.2,356,162,194,32,14,18,1,0,1,139,61,78,161,77,84,89,38,51
"Mike Santorelli",20122013,"FLA,WPG",C,34,94,56,38,59.6,89,53,36,5,3,2,0,0,0,31,17,14,39,22,17,24,17,7
"Mike Santorelli",20132014,VAN,C,49,419,215,204,51.3,334,168,166,56,31,25,29,16,13,119,68,51,146,71,75,154,76,78
"Mike Santorelli",20142015,"TOR,NSH",C,79,186,86,100,46.2,160,72,88,14,9,5,12,5,7,58,18,40,78,37,41,50,31,19
"Mike Santorelli",20152016,ANA,C,70,158,75,83,47.5,151,71,80,7,4,3,0,0,0,62,36,26,62,24,38,34,15,19
"Cory Sarich",20092010,CGY,D,57,0,0,0,--,0,0,0,0,0,0,0,0,0,0,0,0,0,0,0,0,0,0
"Cory Sarich",20102011,CGY,D,76,1,0,1,0,0,0,0,0,0,0,1,0,1,0,0,0,0,0,0,1,0,1
"Cory Sarich",20112012,CGY,D,62,0,0,0,--,0,0,0,0,0,0,0,0,0,0,0,0,0,0,0,0,0,0
"Cory Sarich",20122013,CGY,D,28,0,0,0,--,0,0,0,0,0,0,0,0,0,0,0,0,0,0,0,0,0,0
"Cory Sarich",20132014,COL,D,54,1,0,1,0,1,0,1,0,0,0,0,0,0,0,0,0,0,0,0,1,0,1
"Miroslav Satan",20092010,BOS,R,38,26,15,11,57.7,11,7,4,15,8,7,0,0,0,14,10,4,9,4,5,3,1,2
"Kurt Sauer",20092010,PHX,D,1,0,0,0,--,0,0,0,0,0,0,0,0,0,0,0,0,0,0,0,0,0,0
"Michael Sauer",20102011,NYR,D,76,0,0,0,--,0,0,0,0,0,0,0,0,0,0,0,0,0,0,0,0,0,0
"Michael Sauer",20112012,NYR,D,19,0,0,0,--,0,0,0,0,0,0,0,0,0,0,0,0,0,0,0,0,0,0
"Ashton Sautner",20172018,VAN,D,5,0,0,0,--,0,0,0,0,0,0,0,0,0,0,0,0,0,0,0,0,0,0
"Ashton Sautner",20182019,VAN,D,17,0,0,0,--,0,0,0,0,0,0,0,0,0,0,0,0,0,0,0,0,0,0
"Max Sauve",20112012,BOS,C,1,0,0,0,--,0,0,0,0,0,0,0,0,0,0,0,0,0,0,0,0,0,0
"Yann Sauve",20102011,VAN,D,5,0,0,0,--,0,0,0,0,0,0,0,0,0,0,0,0,0,0,0,0,0,0
"Yann Sauve",20132014,VAN,D,3,0,0,0,--,0,0,0,0,0,0,0,0,0,0,0,0,0,0,0,0,0,0
"David Savard",20112012,CBJ,D,31,0,0,0,--,0,0,0,0,0,0,0,0,0,0,0,0,0,0,0,0,0,0
"David Savard",20122013,CBJ,D,4,0,0,0,--,0,0,0,0,0,0,0,0,0,0,0,0,0,0,0,0,0,0
"David Savard",20132014,CBJ,D,70,1,1,0,100,0,0,0,0,0,0,1,1,0,0,0,0,0,0,0,1,1,0
"David Savard",20142015,CBJ,D,82,1,1,0,100,1,1,0,0,0,0,0,0,0,0,0,0,1,1,0,0,0,0
"David Savard",20152016,CBJ,D,65,0,0,0,--,0,0,0,0,0,0,0,0,0,0,0,0,0,0,0,0,0,0
"David Savard",20162017,CBJ,D,74,0,0,0,--,0,0,0,0,0,0,0,0,0,0,0,0,0,0,0,0,0,0
"David Savard",20172018,CBJ,D,81,0,0,0,--,0,0,0,0,0,0,0,0,0,0,0,0,0,0,0,0,0,0
"David Savard",20182019,CBJ,D,82,0,0,0,--,0,0,0,0,0,0,0,0,0,0,0,0,0,0,0,0,0,0
"Marc Savard",20092010,BOS,C,41,648,316,332,48.8,499,234,265,111,62,49,38,20,18,262,141,121,196,96,100,190,79,111
"Marc Savard",20102011,BOS,C,25,328,167,161,50.9,260,131,129,65,35,30,3,1,2,123,60,63,110,54,56,95,53,42
"Raymond Sawada",20092010,DAL,R,5,0,0,0,--,0,0,0,0,0,0,0,0,0,0,0,0,0,0,0,0,0,0
"Raymond Sawada",20102011,DAL,R,1,0,0,0,--,0,0,0,0,0,0,0,0,0,0,0,0,0,0,0,0,0,0
"Luca Sbisa",20092010,ANA,D,8,0,0,0,--,0,0,0,0,0,0,0,0,0,0,0,0,0,0,0,0,0,0
"Luca Sbisa",20102011,ANA,D,68,0,0,0,--,0,0,0,0,0,0,0,0,0,0,0,0,0,0,0,0,0,0
"Luca Sbisa",20112012,ANA,D,80,0,0,0,--,0,0,0,0,0,0,0,0,0,0,0,0,0,0,0,0,0,0
"Luca Sbisa",20122013,ANA,D,41,0,0,0,--,0,0,0,0,0,0,0,0,0,0,0,0,0,0,0,0,0,0
"Luca Sbisa",20132014,ANA,D,30,0,0,0,--,0,0,0,0,0,0,0,0,0,0,0,0,0,0,0,0,0,0
"Luca Sbisa",20142015,VAN,D,76,0,0,0,--,0,0,0,0,0,0,0,0,0,0,0,0,0,0,0,0,0,0
"Luca Sbisa",20152016,VAN,D,41,0,0,0,--,0,0,0,0,0,0,0,0,0,0,0,0,0,0,0,0,0,0
"Luca Sbisa",20162017,VAN,D,82,0,0,0,--,0,0,0,0,0,0,0,0,0,0,0,0,0,0,0,0,0,0
"Luca Sbisa",20172018,VGK,D,30,0,0,0,--,0,0,0,0,0,0,0,0,0,0,0,0,0,0,0,0,0,0
"Luca Sbisa",20182019,NYI,D,9,0,0,0,--,0,0,0,0,0,0,0,0,0,0,0,0,0,0,0,0,0,0
"Marco Scandella",20102011,MIN,D,20,0,0,0,--,0,0,0,0,0,0,0,0,0,0,0,0,0,0,0,0,0,0
"Marco Scandella",20112012,MIN,D,63,0,0,0,--,0,0,0,0,0,0,0,0,0,0,0,0,0,0,0,0,0,0
"Marco Scandella",20122013,MIN,D,6,0,0,0,--,0,0,0,0,0,0,0,0,0,0,0,0,0,0,0,0,0,0
"Marco Scandella",20132014,MIN,D,76,0,0,0,--,0,0,0,0,0,0,0,0,0,0,0,0,0,0,0,0,0,0
"Marco Scandella",20142015,MIN,D,64,0,0,0,--,0,0,0,0,0,0,0,0,0,0,0,0,0,0,0,0,0,0
"Marco Scandella",20152016,MIN,D,73,0,0,0,--,0,0,0,0,0,0,0,0,0,0,0,0,0,0,0,0,0,0
"Marco Scandella",20162017,MIN,D,71,0,0,0,--,0,0,0,0,0,0,0,0,0,0,0,0,0,0,0,0,0,0
"Marco Scandella",20172018,BUF,D,82,0,0,0,--,0,0,0,0,0,0,0,0,0,0,0,0,0,0,0,0,0,0
"Marco Scandella",20182019,BUF,D,63,0,0,0,--,0,0,0,0,0,0,0,0,0,0,0,0,0,0,0,0,0,0
"Dave Scatchard",20092010,NSH,C,16,81,42,39,51.9,68,35,33,5,3,2,8,4,4,20,9,11,16,9,7,45,24,21
"Dave Scatchard",20102011,STL,C,8,26,12,14,46.1,25,11,14,1,1,0,0,0,0,6,2,4,18,9,9,2,1,1
"Colton Sceviour",20102011,DAL,C,1,0,0,0,--,0,0,0,0,0,0,0,0,0,0,0,0,0,0,0,0,0,0
"Colton Sceviour",20122013,DAL,C,1,3,1,2,33.3,3,1,2,0,0,0,0,0,0,0,0,0,0,0,0,3,1,2
"Colton Sceviour",20132014,DAL,C,26,43,17,26,39.5,34,16,18,7,1,6,2,0,2,17,5,12,13,5,8,13,7,6
"Colton Sceviour",20142015,DAL,C,71,71,30,41,42.3,53,22,31,16,7,9,2,1,1,46,20,26,19,7,12,6,3,3
"Colton Sceviour",20152016,DAL,C,71,24,9,15,37.5,21,8,13,2,1,1,1,0,1,9,2,7,10,5,5,5,2,3
"Colton Sceviour",20162017,FLA,C,80,58,31,27,53.5,44,25,19,4,3,1,10,3,7,26,13,13,10,6,4,22,12,10
"Colton Sceviour",20172018,FLA,C,76,158,77,81,48.7,120,64,56,4,3,1,34,10,24,68,34,34,55,27,28,35,16,19
"Colton Sceviour",20182019,FLA,C,59,110,39,71,35.5,96,37,59,1,0,1,13,2,11,37,13,24,39,15,24,34,11,23
"Peter Schaefer",20102011,VAN,L,16,33,13,20,39.4,31,13,18,0,0,0,2,0,2,8,0,8,19,9,10,6,4,2
"Tim Schaller",20142015,BUF,L,18,186,74,112,39.8,170,68,102,2,2,0,14,4,10,29,9,20,71,34,37,86,31,55
"Tim Schaller",20152016,BUF,L,17,113,40,73,35.4,100,36,64,0,0,0,13,4,9,31,12,19,49,17,32,33,11,22
"Tim Schaller",20162017,BOS,L,59,57,28,29,49.1,42,21,21,8,5,3,7,2,5,26,13,13,14,8,6,17,7,10
"Tim Schaller",20172018,BOS,L,82,166,76,90,45.8,97,45,52,1,1,0,68,30,38,33,11,22,42,19,23,91,46,45
"Reid Boucher",20132014,NJD,C,23,3,1,2,33.3,3,1,2,0,0,0,0,0,0,0,0,0,1,1,0,2,0,2
"Reid Boucher",20142015,NJD,C,11,0,0,0,--,0,0,0,0,0,0,0,0,0,0,0,0,0,0,0,0,0,0
"Reid Boucher",20152016,NJD,C,39,3,1,2,33.3,1,1,0,2,0,2,0,0,0,3,1,2,0,0,0,0,0,0
"Reid Boucher",20162017,"NJD,NSH,VAN",C,39,1,0,1,0,1,0,1,0,0,0,0,0,0,0,0,0,1,0,1,0,0,0
"Reid Boucher",20172018,VAN,C,20,3,1,2,33.3,3,1,2,0,0,0,0,0,0,0,0,0,2,0,2,1,1,0
"Reid Boucher",20182019,VAN,C,1,0,0,0,--,0,0,0,0,0,0,0,0,0,0,0,0,0,0,0,0,0,0
"Francis Bouillon",20092010,NSH,D,81,0,0,0,--,0,0,0,0,0,0,0,0,0,0,0,0,0,0,0,0,0,0
"Francis Bouillon",20102011,NSH,D,44,0,0,0,--,0,0,0,0,0,0,0,0,0,0,0,0,0,0,0,0,0,0
"Francis Bouillon",20112012,NSH,D,66,0,0,0,--,0,0,0,0,0,0,0,0,0,0,0,0,0,0,0,0,0,0
"Francis Bouillon",20122013,MTL,D,48,0,0,0,--,0,0,0,0,0,0,0,0,0,0,0,0,0,0,0,0,0,0
"Francis Bouillon",20132014,MTL,D,52,0,0,0,--,0,0,0,0,0,0,0,0,0,0,0,0,0,0,0,0,0,0
"Eric Boulton",20092010,ATL,L,62,4,2,2,50,4,2,2,0,0,0,0,0,0,2,1,1,0,0,0,2,1,1
"Eric Boulton",20102011,ATL,L,69,3,0,3,0,3,0,3,0,0,0,0,0,0,2,0,2,1,0,1,0,0,0
"Eric Boulton",20112012,NJD,L,51,3,1,2,33.3,3,1,2,0,0,0,0,0,0,2,1,1,0,0,0,1,0,1
"Eric Boulton",20122013,NYI,L,15,0,0,0,--,0,0,0,0,0,0,0,0,0,0,0,0,0,0,0,0,0,0
"Eric Boulton",20132014,NYI,L,23,0,0,0,--,0,0,0,0,0,0,0,0,0,0,0,0,0,0,0,0,0,0
"Eric Boulton",20142015,NYI,L,10,0,0,0,--,0,0,0,0,0,0,0,0,0,0,0,0,0,0,0,0,0,0
"Eric Boulton",20152016,NYI,L,6,0,0,0,--,0,0,0,0,0,0,0,0,0,0,0,0,0,0,0,0,0,0
"Lance Bouma",20102011,CGY,L,16,3,0,3,0,3,0,3,0,0,0,0,0,0,3,0,3,0,0,0,0,0,0
"Lance Bouma",20112012,CGY,L,27,22,11,11,50,18,10,8,1,1,0,3,0,3,6,4,2,9,3,6,7,4,3
"Lance Bouma",20132014,CGY,L,78,85,22,63,25.9,76,21,55,0,0,0,9,1,8,23,7,16,36,10,26,26,5,21
"Lance Bouma",20142015,CGY,L,78,74,29,45,39.2,65,29,36,1,0,1,8,0,8,23,12,11,31,12,19,20,5,15
"Lance Bouma",20152016,CGY,L,44,13,5,8,38.5,7,2,5,0,0,0,6,3,3,4,1,3,5,2,3,4,2,2
"Lance Bouma",20162017,CGY,L,61,12,4,8,33.3,8,3,5,1,0,1,3,1,2,3,0,3,3,2,1,6,2,4
"Lance Bouma",20172018,CHI,L,53,33,14,19,42.4,29,13,16,1,0,1,3,1,2,21,9,12,5,1,4,7,4,3
"Marc-Andre Bourdon",20112012,PHI,D,45,0,0,0,--,0,0,0,0,0,0,0,0,0,0,0,0,0,0,0,0,0,0
"Michael Bournival",20132014,MTL,L,60,61,28,33,45.9,55,27,28,0,0,0,6,1,5,15,7,8,30,15,15,16,6,10
"Michael Bournival",20142015,MTL,L,29,5,4,1,80,5,4,1,0,0,0,0,0,0,3,2,1,2,2,0,0,0,0
"Michael Bournival",20162017,TBL,L,19,3,1,2,33.3,3,1,2,0,0,0,0,0,0,3,1,2,0,0,0,0,0,0
"Michael Bournival",20172018,TBL,L,5,0,0,0,--,0,0,0,0,0,0,0,0,0,0,0,0,0,0,0,0,0,0
"Chris Bourque",20092010,"PIT,WSH",L,21,0,0,0,--,0,0,0,0,0,0,0,0,0,0,0,0,0,0,0,0,0,0
"Chris Bourque",20122013,BOS,L,18,1,0,1,0,1,0,1,0,0,0,0,0,0,0,0,0,0,0,0,1,0,1
"Gabriel Bourque",20112012,NSH,L,43,1,0,1,0,1,0,1,0,0,0,0,0,0,0,0,0,1,0,1,0,0,0
"Gabriel Bourque",20122013,NSH,L,34,6,4,2,66.7,4,3,1,0,0,0,2,1,1,3,2,1,1,0,1,2,2,0
"Gabriel Bourque",20132014,NSH,L,74,1,0,1,0,1,0,1,0,0,0,0,0,0,1,0,1,0,0,0,0,0,0
"Gabriel Bourque",20142015,NSH,L,69,6,3,3,50,4,3,1,0,0,0,2,0,2,0,0,0,1,0,1,5,3,2
"Gabriel Bourque",20152016,NSH,L,22,1,0,1,0,0,0,0,0,0,0,1,0,1,0,0,0,1,0,1,0,0,0
"Gabriel Bourque",20162017,COL,L,6,1,0,1,0,1,0,1,0,0,0,0,0,0,1,0,1,0,0,0,0,0,0
"Gabriel Bourque",20172018,COL,L,58,23,7,16,30.4,7,2,5,1,1,0,15,4,11,6,2,4,12,3,9,5,2,3
"Gabriel Bourque",20182019,COL,L,55,20,7,13,35,12,5,7,0,0,0,8,2,6,8,2,6,6,2,4,6,3,3
"Rene Bourque",20092010,CGY,R,73,25,8,17,32,19,6,13,5,1,4,1,1,0,11,2,9,3,2,1,12,4,8
"Rene Bourque",20102011,CGY,R,80,24,7,17,29.2,18,6,12,3,0,3,3,1,2,11,2,9,4,1,3,9,4,5
"Rene Bourque",20112012,"CGY,MTL",R,76,20,12,8,60,9,6,3,2,0,2,9,6,3,6,4,2,6,3,3,8,5,3
"Rene Bourque",20122013,MTL,R,27,1,0,1,0,1,0,1,0,0,0,0,0,0,1,0,1,0,0,0,0,0,0
"Rene Bourque",20132014,MTL,R,63,8,4,4,50,6,4,2,2,0,2,0,0,0,7,3,4,0,0,0,1,1,0
"Rene Bourque",20142015,"MTL,ANA,CBJ",R,51,10,4,6,40,10,4,6,0,0,0,0,0,0,7,2,5,2,2,0,1,0,1
"Rene Bourque",20152016,CBJ,R,49,9,3,6,33.3,6,2,4,1,1,0,2,0,2,4,1,3,4,1,3,1,1,0
"Rene Bourque",20162017,COL,R,65,5,0,5,0,5,0,5,0,0,0,0,0,0,3,0,3,1,0,1,1,0,1
"Ryan Bourque",20142015,NYR,C,1,0,0,0,--,0,0,0,0,0,0,0,0,0,0,0,0,0,0,0,0,0,0
"Jay Bouwmeester",20092010,CGY,D,82,0,0,0,--,0,0,0,0,0,0,0,0,0,0,0,0,0,0,0,0,0,0
"Jay Bouwmeester",20102011,CGY,D,82,0,0,0,--,0,0,0,0,0,0,0,0,0,0,0,0,0,0,0,0,0,0
"Jay Bouwmeester",20112012,CGY,D,82,0,0,0,--,0,0,0,0,0,0,0,0,0,0,0,0,0,0,0,0,0,0
"Jay Bouwmeester",20122013,"CGY,STL",D,47,0,0,0,--,0,0,0,0,0,0,0,0,0,0,0,0,0,0,0,0,0,0
"Jay Bouwmeester",20132014,STL,D,82,4,3,1,75,0,0,0,1,1,0,3,2,1,1,1,0,0,0,0,3,2,1
"Jay Bouwmeester",20142015,STL,D,72,0,0,0,--,0,0,0,0,0,0,0,0,0,0,0,0,0,0,0,0,0,0
"Jay Bouwmeester",20152016,STL,D,72,0,0,0,--,0,0,0,0,0,0,0,0,0,0,0,0,0,0,0,0,0,0
"Jay Bouwmeester",20162017,STL,D,81,0,0,0,--,0,0,0,0,0,0,0,0,0,0,0,0,0,0,0,0,0,0
"Jay Bouwmeester",20172018,STL,D,35,0,0,0,--,0,0,0,0,0,0,0,0,0,0,0,0,0,0,0,0,0,0
"Jay Bouwmeester",20182019,STL,D,78,0,0,0,--,0,0,0,0,0,0,0,0,0,0,0,0,0,0,0,0,0,0
"Madison Bowey",20172018,WSH,D,51,0,0,0,--,0,0,0,0,0,0,0,0,0,0,0,0,0,0,0,0,0,0
"Madison Bowey",20182019,"WSH,DET",D,50,0,0,0,--,0,0,0,0,0,0,0,0,0,0,0,0,0,0,0,0,0,0
"Drayson Bowman",20092010,CAR,L,9,0,0,0,--,0,0,0,0,0,0,0,0,0,0,0,0,0,0,0,0,0,0
"Drayson Bowman",20102011,CAR,L,23,0,0,0,--,0,0,0,0,0,0,0,0,0,0,0,0,0,0,0,0,0,0
"Drayson Bowman",20112012,CAR,L,37,0,0,0,--,0,0,0,0,0,0,0,0,0,0,0,0,0,0,0,0,0,0
"Drayson Bowman",20122013,CAR,L,37,10,4,6,40,10,4,6,0,0,0,0,0,0,3,1,2,4,2,2,3,1,2
"Drayson Bowman",20132014,CAR,L,70,10,6,4,60,9,6,3,0,0,0,1,0,1,2,1,1,2,2,0,6,3,3
"Drayson Bowman",20142015,MTL,L,3,0,0,0,--,0,0,0,0,0,0,0,0,0,0,0,0,0,0,0,0,0,0
"Darryl Boyce",20102011,TOR,C,46,457,212,245,46.4,433,203,230,16,7,9,8,2,6,125,54,71,189,88,101,143,70,73
"Darryl Boyce",20112012,"TOR,CBJ",C,37,163,84,79,51.5,140,73,67,2,0,2,21,11,10,42,23,19,52,23,29,69,38,31
"Johnny Boychuk",20092010,BOS,D,51,0,0,0,--,0,0,0,0,0,0,0,0,0,0,0,0,0,0,0,0,0,0
"Johnny Boychuk",20102011,BOS,D,69,0,0,0,--,0,0,0,0,0,0,0,0,0,0,0,0,0,0,0,0,0,0
"Johnny Boychuk",20112012,BOS,D,77,0,0,0,--,0,0,0,0,0,0,0,0,0,0,0,0,0,0,0,0,0,0
"Johnny Boychuk",20122013,BOS,D,44,0,0,0,--,0,0,0,0,0,0,0,0,0,0,0,0,0,0,0,0,0,0
"Johnny Boychuk",20132014,BOS,D,75,0,0,0,--,0,0,0,0,0,0,0,0,0,0,0,0,0,0,0,0,0,0
"Johnny Boychuk",20142015,NYI,D,72,2,2,0,100,1,1,0,0,0,0,1,1,0,0,0,0,0,0,0,2,2,0
"Johnny Boychuk",20152016,NYI,D,70,0,0,0,--,0,0,0,0,0,0,0,0,0,0,0,0,0,0,0,0,0,0
"Johnny Boychuk",20162017,NYI,D,66,1,1,0,100,0,0,0,0,0,0,1,1,0,0,0,0,0,0,0,1,1,0
"Johnny Boychuk",20172018,NYI,D,58,0,0,0,--,0,0,0,0,0,0,0,0,0,0,0,0,0,0,0,0,0,0
"Johnny Boychuk",20182019,NYI,D,74,0,0,0,--,0,0,0,0,0,0,0,0,0,0,0,0,0,0,0,0,0,0
"Zach Boychuk",20092010,CAR,L,31,9,5,4,55.5,9,5,4,0,0,0,0,0,0,1,0,1,8,5,3,0,0,0
"Zach Boychuk",20102011,CAR,L,23,5,1,4,20,4,1,3,1,0,1,0,0,0,3,0,3,0,0,0,2,1,1
"Zach Boychuk",20112012,CAR,L,16,4,2,2,50,4,2,2,0,0,0,0,0,0,0,0,0,1,1,0,3,1,2
"Zach Boychuk",20122013,"CAR,PIT,NSH",L,13,0,0,0,--,0,0,0,0,0,0,0,0,0,0,0,0,0,0,0,0,0,0
"Zach Boychuk",20132014,CAR,L,11,1,0,1,0,0,0,0,1,0,1,0,0,0,0,0,0,0,0,0,1,0,1
"Zach Boychuk",20142015,CAR,L,31,0,0,0,--,0,0,0,0,0,0,0,0,0,0,0,0,0,0,0,0,0,0
"Dustin Boyd",20092010,"CGY,NSH",C,78,473,244,229,51.6,416,217,199,25,16,9,32,11,21,150,75,75,178,95,83,143,73,70
"Dustin Boyd",20102011,MTL,C,10,55,23,32,41.8,45,20,25,0,0,0,10,3,7,16,6,10,22,10,12,17,7,10
"Travis Boyd",20172018,WSH,C,8,36,18,18,50,36,18,18,0,0,0,0,0,0,13,9,4,13,7,6,10,2,8
"Travis Boyd",20182019,WSH,C,53,210,76,134,36.2,184,66,118,13,6,7,13,4,9,61,21,40,69,27,42,80,28,52
"Brad Boyes",20092010,STL,R,82,311,138,173,44.4,222,93,129,83,44,39,6,1,5,184,83,101,44,23,21,83,32,51
"Brad Boyes",20102011,"STL,BUF",R,83,320,136,184,42.5,256,108,148,63,27,36,1,1,0,147,67,80,95,34,61,78,35,43
"Brad Boyes",20112012,BUF,R,65,267,126,141,47.2,250,118,132,13,8,5,4,0,4,94,42,52,100,46,54,73,38,35
"Brad Boyes",20122013,NYI,R,48,16,4,12,25,14,3,11,2,1,1,0,0,0,6,1,5,5,2,3,5,1,4
"Brad Boyes",20132014,FLA,R,78,69,37,32,53.6,45,24,21,22,12,10,2,1,1,56,30,26,3,2,1,10,5,5
"Brad Boyes",20142015,FLA,R,78,173,97,76,56.1,130,65,65,41,30,11,2,2,0,121,67,54,12,7,5,40,23,17
"Brad Boyes",20152016,TOR,R,60,14,9,5,64.3,11,6,5,3,3,0,0,0,0,10,6,4,0,0,0,4,3,1
"Brian Boyle",20092010,NYR,C,71,323,125,198,38.7,267,110,157,6,0,6,50,15,35,81,31,50,134,56,78,99,36,63
"Brian Boyle",20102011,NYR,C,82,"1,101",534,567,48.5,884,438,446,62,27,35,155,69,86,251,116,135,410,198,212,440,220,220
"Brian Boyle",20112012,NYR,C,82,"1,215",629,586,51.8,958,503,455,59,34,25,198,92,106,215,110,105,386,197,189,614,322,292
"Brian Boyle",20122013,NYR,C,38,381,215,166,56.4,289,163,126,23,10,13,69,42,27,92,51,41,108,58,50,181,106,75
"Tim Schaller",20182019,VAN,L,47,2,1,1,50,1,1,0,0,0,0,1,0,1,0,0,0,1,1,0,1,0,1
"Mark Scheifele",20112012,WPG,C,7,51,18,33,35.3,40,14,26,6,3,3,5,1,4,20,5,15,22,11,11,9,2,7
"Mark Scheifele",20122013,WPG,C,4,14,10,4,71.4,12,8,4,2,2,0,0,0,0,7,4,3,5,4,1,2,2,0
"Mark Scheifele",20132014,WPG,C,63,785,331,454,42.2,657,271,386,124,58,66,4,2,2,302,127,175,299,129,170,184,75,109
"Mark Scheifele",20142015,WPG,C,82,"1,148",492,656,42.9,951,401,550,162,82,80,35,9,26,411,174,237,384,153,231,353,165,188
"Mark Scheifele",20152016,WPG,C,71,"1,166",515,651,44.2,960,427,533,169,72,97,37,16,21,435,195,240,404,161,243,327,159,168
"Mark Scheifele",20162017,WPG,C,79,"1,461",635,826,43.5,"1,169",512,657,215,95,120,77,28,49,555,244,311,481,209,272,425,182,243
"Mark Scheifele",20172018,WPG,C,60,"1,159",594,565,51.3,902,457,445,195,113,82,62,24,38,449,243,206,390,194,196,320,157,163
"Mark Scheifele",20182019,WPG,C,82,"1,736",803,933,46.3,"1,312",597,715,322,163,159,102,43,59,733,368,365,548,242,306,455,193,262
"Brayden Schenn",20092010,LAK,C,1,14,4,10,28.6,14,4,10,0,0,0,0,0,0,5,1,4,5,1,4,4,2,2
"Brayden Schenn",20102011,LAK,C,8,51,17,34,33.3,49,16,33,1,1,0,1,0,1,16,2,14,24,9,15,11,6,5
"Brayden Schenn",20112012,PHI,C,54,436,201,235,46.1,404,185,219,30,14,16,2,2,0,154,73,81,164,71,93,118,57,61
"Brayden Schenn",20122013,PHI,C,47,453,206,247,45.5,417,191,226,33,14,19,3,1,2,148,62,86,177,86,91,128,58,70
"Brayden Schenn",20132014,PHI,C,82,685,296,389,43.2,639,272,367,33,16,17,13,8,5,242,99,143,273,120,153,170,77,93
"Brayden Schenn",20142015,PHI,C,82,184,86,98,46.7,159,71,88,25,15,10,0,0,0,88,43,45,50,20,30,46,23,23
"Brayden Schenn",20152016,PHI,C,80,116,52,64,44.8,102,47,55,14,5,9,0,0,0,53,22,31,37,18,19,26,12,14
"Brayden Schenn",20162017,PHI,C,79,494,232,262,47,471,220,251,23,12,11,0,0,0,208,99,109,172,73,99,114,60,54
"Brayden Schenn",20172018,STL,C,82,"1,374",660,714,48,"1,134",544,590,201,102,99,39,14,25,597,293,304,481,224,257,296,143,153
"Brayden Schenn",20182019,STL,C,72,680,323,357,47.5,618,291,327,39,22,17,23,10,13,266,130,136,220,109,111,194,84,110
"Luke Schenn",20092010,TOR,D,79,0,0,0,--,0,0,0,0,0,0,0,0,0,0,0,0,0,0,0,0,0,0
"Luke Schenn",20102011,TOR,D,82,0,0,0,--,0,0,0,0,0,0,0,0,0,0,0,0,0,0,0,0,0,0
"Luke Schenn",20112012,TOR,D,79,0,0,0,--,0,0,0,0,0,0,0,0,0,0,0,0,0,0,0,0,0,0
"Luke Schenn",20122013,PHI,D,47,0,0,0,--,0,0,0,0,0,0,0,0,0,0,0,0,0,0,0,0,0,0
"Luke Schenn",20132014,PHI,D,79,0,0,0,--,0,0,0,0,0,0,0,0,0,0,0,0,0,0,0,0,0,0
"Luke Schenn",20142015,PHI,D,58,0,0,0,--,0,0,0,0,0,0,0,0,0,0,0,0,0,0,0,0,0,0
"Luke Schenn",20152016,"PHI,LAK",D,72,2,1,1,50,2,1,1,0,0,0,0,0,0,1,0,1,0,0,0,1,1,0
"Luke Schenn",20162017,ARI,D,78,0,0,0,--,0,0,0,0,0,0,0,0,0,0,0,0,0,0,0,0,0,0
"Luke Schenn",20172018,ARI,D,64,0,0,0,--,0,0,0,0,0,0,0,0,0,0,0,0,0,0,0,0,0,0
"Luke Schenn",20182019,"ANA,VAN",D,26,0,0,0,--,0,0,0,0,0,0,0,0,0,0,0,0,0,0,0,0,0,0
"Nikita Scherbak",20162017,MTL,R,3,0,0,0,--,0,0,0,0,0,0,0,0,0,0,0,0,0,0,0,0,0,0
"Nikita Scherbak",20172018,MTL,R,26,2,2,0,100,1,1,0,1,1,0,0,0,0,1,1,0,1,1,0,0,0,0
"Nikita Scherbak",20182019,LAK,R,8,0,0,0,--,0,0,0,0,0,0,0,0,0,0,0,0,0,0,0,0,0,0
"Cameron Schilling",20122013,WSH,D,1,0,0,0,--,0,0,0,0,0,0,0,0,0,0,0,0,0,0,0,0,0,0
"Cameron Schilling",20132014,WSH,D,1,0,0,0,--,0,0,0,0,0,0,0,0,0,0,0,0,0,0,0,0,0,0
"Cameron Schilling",20142015,WSH,D,4,0,0,0,--,0,0,0,0,0,0,0,0,0,0,0,0,0,0,0,0,0,0
"Cameron Schilling",20182019,WPG,D,4,0,0,0,--,0,0,0,0,0,0,0,0,0,0,0,0,0,0,0,0,0,0
"David Schlemko",20092010,PHX,D,17,0,0,0,--,0,0,0,0,0,0,0,0,0,0,0,0,0,0,0,0,0,0
"David Schlemko",20102011,PHX,D,43,0,0,0,--,0,0,0,0,0,0,0,0,0,0,0,0,0,0,0,0,0,0
"David Schlemko",20112012,PHX,D,46,0,0,0,--,0,0,0,0,0,0,0,0,0,0,0,0,0,0,0,0,0,0
"David Schlemko",20122013,PHX,D,30,0,0,0,--,0,0,0,0,0,0,0,0,0,0,0,0,0,0,0,0,0,0
"David Schlemko",20132014,PHX,D,48,0,0,0,--,0,0,0,0,0,0,0,0,0,0,0,0,0,0,0,0,0,0
"David Schlemko",20142015,"ARI,DAL,CGY",D,44,0,0,0,--,0,0,0,0,0,0,0,0,0,0,0,0,0,0,0,0,0,0
"David Schlemko",20152016,NJD,D,67,0,0,0,--,0,0,0,0,0,0,0,0,0,0,0,0,0,0,0,0,0,0
"David Schlemko",20162017,SJS,D,62,0,0,0,--,0,0,0,0,0,0,0,0,0,0,0,0,0,0,0,0,0,0
"David Schlemko",20172018,MTL,D,37,0,0,0,--,0,0,0,0,0,0,0,0,0,0,0,0,0,0,0,0,0,0
"David Schlemko",20182019,MTL,D,18,0,0,0,--,0,0,0,0,0,0,0,0,0,0,0,0,0,0,0,0,0,0
"Jordan Schmaltz",20162017,STL,D,9,0,0,0,--,0,0,0,0,0,0,0,0,0,0,0,0,0,0,0,0,0,0
"Jordan Schmaltz",20172018,STL,D,13,0,0,0,--,0,0,0,0,0,0,0,0,0,0,0,0,0,0,0,0,0,0
"Jordan Schmaltz",20182019,STL,D,20,0,0,0,--,0,0,0,0,0,0,0,0,0,0,0,0,0,0,0,0,0,0
"Nick Schmaltz",20162017,CHI,C,61,272,84,188,30.9,254,75,179,18,9,9,0,0,0,120,44,76,115,32,83,37,8,29
"Nick Schmaltz",20172018,CHI,C,78,801,321,480,40.1,672,266,406,83,34,49,46,21,25,328,123,205,283,118,165,190,80,110
"Nick Schmaltz",20182019,"CHI,ARI",C,40,281,104,177,37,242,89,153,35,13,22,4,2,2,125,43,82,107,41,66,49,20,29
"Nate Schmidt",20132014,WSH,D,29,0,0,0,--,0,0,0,0,0,0,0,0,0,0,0,0,0,0,0,0,0,0
"Nate Schmidt",20142015,WSH,D,39,0,0,0,--,0,0,0,0,0,0,0,0,0,0,0,0,0,0,0,0,0,0
"Nate Schmidt",20152016,WSH,D,72,0,0,0,--,0,0,0,0,0,0,0,0,0,0,0,0,0,0,0,0,0,0
"Nate Schmidt",20162017,WSH,D,60,0,0,0,--,0,0,0,0,0,0,0,0,0,0,0,0,0,0,0,0,0,0
"Nate Schmidt",20172018,VGK,D,76,1,0,1,0,0,0,0,0,0,0,1,0,1,0,0,0,0,0,0,1,0,1
"Nate Schmidt",20182019,VGK,D,61,0,0,0,--,0,0,0,0,0,0,0,0,0,0,0,0,0,0,0,0,0,0
"Cole Schneider",20152016,BUF,L,2,0,0,0,--,0,0,0,0,0,0,0,0,0,0,0,0,0,0,0,0,0,0
"Cole Schneider",20162017,BUF,L,4,0,0,0,--,0,0,0,0,0,0,0,0,0,0,0,0,0,0,0,0,0,0
"Mathieu Schneider",20092010,"VAN,PHX",D,25,0,0,0,--,0,0,0,0,0,0,0,0,0,0,0,0,0,0,0,0,0,0
"Rob Schremp",20092010,NYI,C,44,395,187,208,47.3,367,173,194,28,14,14,0,0,0,145,72,73,149,65,84,101,50,51
"Rob Schremp",20102011,"NYI,ATL",C,63,486,224,262,46.1,420,192,228,64,31,33,2,1,1,152,66,86,172,87,85,162,71,91
"Jordan Schroeder",20122013,VAN,C,31,321,140,181,43.6,280,121,159,40,19,21,1,0,1,130,50,80,120,47,73,71,43,28
"Jordan Schroeder",20132014,VAN,C,25,244,112,132,45.9,218,102,116,23,9,14,3,1,2,91,38,53,82,40,42,71,34,37
"Jordan Schroeder",20142015,MIN,C,25,0,0,0,--,0,0,0,0,0,0,0,0,0,0,0,0,0,0,0,0,0,0
"Jordan Schroeder",20152016,MIN,C,26,3,1,2,33.3,3,1,2,0,0,0,0,0,0,0,0,0,1,0,1,2,1,1
"Jordan Schroeder",20162017,MIN,C,37,40,19,21,47.5,40,19,21,0,0,0,0,0,0,24,13,11,10,6,4,6,0,6
"Jordan Schroeder",20172018,CBJ,C,21,63,39,24,61.9,62,38,24,1,1,0,0,0,0,24,14,10,28,20,8,11,5,6
"Christoph Schubert",20092010,ATL,D,47,0,0,0,--,0,0,0,0,0,0,0,0,0,0,0,0,0,0,0,0,0,0
"Jimmy Schuldt",20182019,VGK,D,1,0,0,0,--,0,0,0,0,0,0,0,0,0,0,0,0,0,0,0,0,0,0
"Jeff Schultz",20092010,WSH,D,73,0,0,0,--,0,0,0,0,0,0,0,0,0,0,0,0,0,0,0,0,0,0
"Jeff Schultz",20102011,WSH,D,72,0,0,0,--,0,0,0,0,0,0,0,0,0,0,0,0,0,0,0,0,0,0
"Jeff Schultz",20112012,WSH,D,54,0,0,0,--,0,0,0,0,0,0,0,0,0,0,0,0,0,0,0,0,0,0
"Jeff Schultz",20122013,WSH,D,26,0,0,0,--,0,0,0,0,0,0,0,0,0,0,0,0,0,0,0,0,0,0
"Jeff Schultz",20142015,LAK,D,9,0,0,0,--,0,0,0,0,0,0,0,0,0,0,0,0,0,0,0,0,0,0
"Jeff Schultz",20152016,LAK,D,1,0,0,0,--,0,0,0,0,0,0,0,0,0,0,0,0,0,0,0,0,0,0
"Justin Schultz",20122013,EDM,D,48,1,0,1,0,0,0,0,0,0,0,1,0,1,0,0,0,0,0,0,1,0,1
"Justin Schultz",20132014,EDM,D,74,1,0,1,0,1,0,1,0,0,0,0,0,0,1,0,1,0,0,0,0,0,0
"Justin Schultz",20142015,EDM,D,81,1,1,0,100,1,1,0,0,0,0,0,0,0,0,0,0,1,1,0,0,0,0
"Justin Schultz",20152016,"EDM,PIT",D,63,2,0,2,0,0,0,0,2,0,2,0,0,0,0,0,0,2,0,2,0,0,0
"Justin Schultz",20162017,PIT,D,78,0,0,0,--,0,0,0,0,0,0,0,0,0,0,0,0,0,0,0,0,0,0
"Justin Schultz",20172018,PIT,D,63,0,0,0,--,0,0,0,0,0,0,0,0,0,0,0,0,0,0,0,0,0,0
"Justin Schultz",20182019,PIT,D,29,0,0,0,--,0,0,0,0,0,0,0,0,0,0,0,0,0,0,0,0,0,0
"Nick Schultz",20092010,MIN,D,80,0,0,0,--,0,0,0,0,0,0,0,0,0,0,0,0,0,0,0,0,0,0
"Nick Schultz",20102011,MIN,D,74,1,1,0,100,0,0,0,0,0,0,1,1,0,0,0,0,1,1,0,0,0,0
"Nick Schultz",20112012,"MIN,EDM",D,82,0,0,0,--,0,0,0,0,0,0,0,0,0,0,0,0,0,0,0,0,0,0
"Nick Schultz",20122013,EDM,D,48,2,0,2,0,2,0,2,0,0,0,0,0,0,0,0,0,0,0,0,2,0,2
"Nick Schultz",20132014,"EDM,CBJ",D,69,0,0,0,--,0,0,0,0,0,0,0,0,0,0,0,0,0,0,0,0,0,0
"Nick Schultz",20142015,PHI,D,80,0,0,0,--,0,0,0,0,0,0,0,0,0,0,0,0,0,0,0,0,0,0
"Nick Schultz",20152016,PHI,D,81,1,1,0,100,1,1,0,0,0,0,0,0,0,1,1,0,0,0,0,0,0,0
"Nick Schultz",20162017,PHI,D,28,0,0,0,--,0,0,0,0,0,0,0,0,0,0,0,0,0,0,0,0,0,0
"Jaden Schwartz",20112012,STL,L,7,2,1,1,50,2,1,1,0,0,0,0,0,0,1,0,1,0,0,0,1,1,0
"Jaden Schwartz",20122013,STL,L,45,27,15,12,55.5,24,13,11,2,2,0,1,0,1,11,6,5,8,4,4,8,5,3
"Jaden Schwartz",20132014,STL,L,80,78,44,34,56.4,55,30,25,12,6,6,11,8,3,36,18,18,20,13,7,22,13,9
"Jaden Schwartz",20142015,STL,L,75,146,68,78,46.6,98,41,57,39,25,14,9,2,7,71,38,33,44,15,29,31,15,16
"Jaden Schwartz",20152016,STL,L,33,32,15,17,46.9,28,14,14,3,1,2,1,0,1,22,8,14,7,5,2,3,2,1
"Jaden Schwartz",20162017,STL,L,78,140,67,73,47.9,105,52,53,26,11,15,9,4,5,81,38,43,35,16,19,24,13,11
"Jaden Schwartz",20172018,STL,L,62,73,30,43,41.1,57,22,35,16,8,8,0,0,0,58,24,34,10,4,6,5,2,3
"Jaden Schwartz",20182019,STL,L,69,37,18,19,48.6,31,15,16,5,3,2,1,0,1,23,13,10,5,2,3,9,3,6
"John Scott",20092010,MIN,L,51,0,0,0,--,0,0,0,0,0,0,0,0,0,0,0,0,0,0,0,0,0,0
"John Scott",20102011,CHI,L,40,3,0,3,0,3,0,3,0,0,0,0,0,0,0,0,0,2,0,2,1,0,1
"John Scott",20112012,"CHI,NYR",L,35,0,0,0,--,0,0,0,0,0,0,0,0,0,0,0,0,0,0,0,0,0,0
"John Scott",20122013,BUF,L,34,0,0,0,--,0,0,0,0,0,0,0,0,0,0,0,0,0,0,0,0,0,0
"John Scott",20132014,BUF,L,56,0,0,0,--,0,0,0,0,0,0,0,0,0,0,0,0,0,0,0,0,0,0
"John Scott",20142015,SJS,L,38,0,0,0,--,0,0,0,0,0,0,0,0,0,0,0,0,0,0,0,0,0,0
"John Scott",20152016,"ARI,MTL",L,12,0,0,0,--,0,0,0,0,0,0,0,0,0,0,0,0,0,0,0,0,0,0
"Rob Scuderi",20092010,LAK,D,73,0,0,0,--,0,0,0,0,0,0,0,0,0,0,0,0,0,0,0,0,0,0
"Rob Scuderi",20102011,LAK,D,82,0,0,0,--,0,0,0,0,0,0,0,0,0,0,0,0,0,0,0,0,0,0
"Rob Scuderi",20112012,LAK,D,82,0,0,0,--,0,0,0,0,0,0,0,0,0,0,0,0,0,0,0,0,0,0
"Rob Scuderi",20122013,LAK,D,48,1,0,1,0,1,0,1,0,0,0,0,0,0,0,0,0,0,0,0,1,0,1
"Rob Scuderi",20132014,PIT,D,53,0,0,0,--,0,0,0,0,0,0,0,0,0,0,0,0,0,0,0,0,0,0
"Rob Scuderi",20142015,PIT,D,82,0,0,0,--,0,0,0,0,0,0,0,0,0,0,0,0,0,0,0,0,0,0
"Rob Scuderi",20152016,"PIT,CHI,LAK",D,63,1,0,1,0,0,0,0,0,0,0,1,0,1,0,0,0,0,0,0,1,0,1
"Brent Seabrook",20092010,CHI,D,78,0,0,0,--,0,0,0,0,0,0,0,0,0,0,0,0,0,0,0,0,0,0
"Brent Seabrook",20102011,CHI,D,82,0,0,0,--,0,0,0,0,0,0,0,0,0,0,0,0,0,0,0,0,0,0
"Brent Seabrook",20112012,CHI,D,78,0,0,0,--,0,0,0,0,0,0,0,0,0,0,0,0,0,0,0,0,0,0
"Brent Seabrook",20122013,CHI,D,47,0,0,0,--,0,0,0,0,0,0,0,0,0,0,0,0,0,0,0,0,0,0
"Brent Seabrook",20132014,CHI,D,82,0,0,0,--,0,0,0,0,0,0,0,0,0,0,0,0,0,0,0,0,0,0
"Brent Seabrook",20142015,CHI,D,82,0,0,0,--,0,0,0,0,0,0,0,0,0,0,0,0,0,0,0,0,0,0
"Brent Seabrook",20152016,CHI,D,81,0,0,0,--,0,0,0,0,0,0,0,0,0,0,0,0,0,0,0,0,0,0
"Brent Seabrook",20162017,CHI,D,79,1,0,1,0,1,0,1,0,0,0,0,0,0,0,0,0,0,0,0,1,0,1
"Brent Seabrook",20172018,CHI,D,81,2,0,2,0,1,0,1,0,0,0,1,0,1,1,0,1,0,0,0,1,0,1
"Brent Seabrook",20182019,CHI,D,78,0,0,0,--,0,0,0,0,0,0,0,0,0,0,0,0,0,0,0,0,0,0
"Daniel Sedin",20092010,VAN,L,63,33,11,22,33.3,23,7,16,9,4,5,1,0,1,24,9,15,2,1,1,7,1,6
"Daniel Sedin",20102011,VAN,L,82,17,4,13,23.5,17,4,13,0,0,0,0,0,0,11,2,9,4,1,3,2,1,1
"Daniel Sedin",20112012,VAN,L,72,19,6,13,31.6,19,6,13,0,0,0,0,0,0,17,6,11,2,0,2,0,0,0
"Daniel Sedin",20122013,VAN,L,47,7,3,4,42.9,5,1,4,2,2,0,0,0,0,5,2,3,0,0,0,2,1,1
"Daniel Sedin",20132014,VAN,L,73,27,8,19,29.6,20,7,13,6,1,5,1,0,1,16,4,12,7,2,5,4,2,2
"Daniel Sedin",20142015,VAN,L,82,5,2,3,40,4,2,2,1,0,1,0,0,0,3,1,2,1,1,0,1,0,1
"Daniel Sedin",20152016,VAN,L,82,19,5,14,26.3,14,3,11,4,1,3,1,1,0,10,2,8,7,3,4,2,0,2
"Daniel Sedin",20162017,VAN,L,82,6,3,3,50,3,2,1,1,1,0,2,0,2,2,2,0,2,1,1,2,0,2
"Daniel Sedin",20172018,VAN,L,81,40,18,22,45,35,15,20,5,3,2,0,0,0,31,14,17,6,1,5,3,3,0
"Henrik Sedin",20092010,VAN,C,82,"1,527",756,771,49.5,"1,157",553,604,287,175,112,83,28,55,642,326,316,489,227,262,381,196,185
"Henrik Sedin",20102011,VAN,C,82,"1,387",721,666,52,"1,162",592,570,201,115,86,24,14,10,729,383,346,445,227,218,213,111,102
"Henrik Sedin",20112012,VAN,C,82,"1,302",652,650,50.1,"1,087",530,557,204,118,86,11,4,7,736,386,350,445,206,239,121,60,61
"Henrik Sedin",20122013,VAN,C,48,891,440,451,49.4,716,347,369,156,81,75,19,12,7,459,225,234,257,129,128,175,86,89
"Henrik Sedin",20132014,VAN,C,70,"1,097",574,523,52.3,915,475,440,144,83,61,38,16,22,475,246,229,381,193,188,241,135,106
"Henrik Sedin",20142015,VAN,C,82,"1,565",704,861,45,"1,260",568,692,230,113,117,75,23,52,595,283,312,571,248,323,399,173,226
"Henrik Sedin",20152016,VAN,C,74,"1,347",620,727,46,"1,057",474,583,235,125,110,55,21,34,572,296,276,467,186,281,308,138,170
"Henrik Sedin",20162017,VAN,C,82,"1,246",611,635,49,"1,100",533,567,130,71,59,16,7,9,538,273,265,417,197,220,291,141,150
"Henrik Sedin",20172018,VAN,C,82,942,438,504,46.5,837,381,456,103,56,47,2,1,1,495,239,256,309,139,170,138,60,78
"Lukas Sedlak",20162017,CBJ,C,62,443,232,211,52.4,417,217,200,3,3,0,23,12,11,113,63,50,147,75,72,183,94,89
"Lukas Sedlak",20172018,CBJ,C,53,371,191,180,51.5,344,177,167,7,3,4,20,11,9,92,42,50,135,70,65,144,79,65
"Lukas Sedlak",20182019,CBJ,C,47,87,43,44,49.4,80,41,39,3,1,2,4,1,3,31,14,17,37,19,18,19,10,9
"Nick Seeler",20172018,MIN,D,22,0,0,0,--,0,0,0,0,0,0,0,0,0,0,0,0,0,0,0,0,0,0
"Nick Seeler",20182019,MIN,D,71,0,0,0,--,0,0,0,0,0,0,0,0,0,0,0,0,0,0,0,0,0,0
"Brandon Segal",20092010,"LAK,DAL",R,44,3,0,3,0,3,0,3,0,0,0,0,0,0,0,0,0,2,0,2,1,0,1
"Brandon Segal",20102011,DAL,R,46,4,2,2,50,4,2,2,0,0,0,0,0,0,2,1,1,0,0,0,2,1,1
"Brandon Segal",20112012,TBL,R,10,4,1,3,25,4,1,3,0,0,0,0,0,0,1,1,0,2,0,2,1,0,1
"Brandon Segal",20122013,NYR,R,1,0,0,0,--,0,0,0,0,0,0,0,0,0,0,0,0,0,0,0,0,0,0
"Tyler Seguin",20102011,BOS,C,74,303,150,153,49.5,277,136,141,25,13,12,1,1,0,117,56,61,119,58,61,67,36,31
"Tyler Seguin",20112012,BOS,C,81,106,46,60,43.4,86,37,49,19,9,10,1,0,1,43,19,24,32,15,17,31,12,19
"Tyler Seguin",20122013,BOS,C,48,45,22,23,48.9,36,19,17,9,3,6,0,0,0,21,7,14,12,5,7,12,10,2
"Tyler Seguin",20132014,DAL,C,80,677,281,396,41.5,655,271,384,19,9,10,3,1,2,173,63,110,341,145,196,163,73,90
"Tyler Seguin",20142015,DAL,C,71,511,275,236,53.8,491,268,223,16,5,11,4,2,2,152,77,75,226,120,106,133,78,55
"Tyler Seguin",20152016,DAL,C,72,846,470,376,55.5,799,447,352,45,22,23,2,1,1,268,144,124,382,214,168,196,112,84
"Tyler Seguin",20162017,DAL,C,82,786,401,385,51,726,368,358,58,33,25,2,0,2,251,131,120,279,142,137,256,128,128
"Tyler Seguin",20172018,DAL,C,82,"1,440",790,650,54.9,"1,064",582,482,164,94,70,212,114,98,410,230,180,470,259,211,560,301,259
"Tyler Seguin",20182019,DAL,C,82,"1,255",676,579,53.9,"1,019",551,468,89,49,40,147,76,71,417,228,189,337,184,153,501,264,237
"Dennis Seidenberg",20092010,"FLA,BOS",D,79,1,0,1,0,1,0,1,0,0,0,0,0,0,0,0,0,1,0,1,0,0,0
"Dennis Seidenberg",20102011,BOS,D,81,0,0,0,--,0,0,0,0,0,0,0,0,0,0,0,0,0,0,0,0,0,0
"Dennis Seidenberg",20112012,BOS,D,80,0,0,0,--,0,0,0,0,0,0,0,0,0,0,0,0,0,0,0,0,0,0
"Dennis Seidenberg",20122013,BOS,D,46,0,0,0,--,0,0,0,0,0,0,0,0,0,0,0,0,0,0,0,0,0,0
"Dennis Seidenberg",20132014,BOS,D,34,0,0,0,--,0,0,0,0,0,0,0,0,0,0,0,0,0,0,0,0,0,0
"Dennis Seidenberg",20142015,BOS,D,82,0,0,0,--,0,0,0,0,0,0,0,0,0,0,0,0,0,0,0,0,0,0
"Dennis Seidenberg",20152016,BOS,D,61,0,0,0,--,0,0,0,0,0,0,0,0,0,0,0,0,0,0,0,0,0,0
"Dennis Seidenberg",20162017,NYI,D,73,0,0,0,--,0,0,0,0,0,0,0,0,0,0,0,0,0,0,0,0,0,0
"Dennis Seidenberg",20172018,NYI,D,28,0,0,0,--,0,0,0,0,0,0,0,0,0,0,0,0,0,0,0,0,0,0
"Jiri Sekac",20142015,"MTL,ANA",L,69,2,0,2,0,2,0,2,0,0,0,0,0,0,1,0,1,0,0,0,1,0,1
"Jiri Sekac",20152016,"ANA,CHI,ARI",L,39,4,2,2,50,3,2,1,1,0,1,0,0,0,3,1,2,1,1,0,0,0,0
"Andrej Sekera",20092010,BUF,D,49,1,0,1,0,1,0,1,0,0,0,0,0,0,0,0,0,0,0,0,1,0,1
"Andrej Sekera",20102011,BUF,D,76,0,0,0,--,0,0,0,0,0,0,0,0,0,0,0,0,0,0,0,0,0,0
"Andrej Sekera",20112012,BUF,D,69,1,0,1,0,0,0,0,0,0,0,1,0,1,0,0,0,0,0,0,1,0,1
"Andrej Sekera",20122013,BUF,D,37,0,0,0,--,0,0,0,0,0,0,0,0,0,0,0,0,0,0,0,0,0,0
"Andrej Sekera",20132014,CAR,D,74,0,0,0,--,0,0,0,0,0,0,0,0,0,0,0,0,0,0,0,0,0,0
"Andrej Sekera",20142015,"CAR,LAK",D,73,0,0,0,--,0,0,0,0,0,0,0,0,0,0,0,0,0,0,0,0,0,0
"Andrej Sekera",20152016,EDM,D,81,0,0,0,--,0,0,0,0,0,0,0,0,0,0,0,0,0,0,0,0,0,0
"Andrej Sekera",20162017,EDM,D,80,0,0,0,--,0,0,0,0,0,0,0,0,0,0,0,0,0,0,0,0,0,0
"Andrej Sekera",20172018,EDM,D,36,0,0,0,--,0,0,0,0,0,0,0,0,0,0,0,0,0,0,0,0,0,0
"Andrej Sekera",20182019,EDM,D,24,0,0,0,--,0,0,0,0,0,0,0,0,0,0,0,0,0,0,0,0,0,0
"Teemu Selanne",20092010,ANA,R,54,131,62,69,47.3,72,30,42,59,32,27,0,0,0,108,52,56,7,1,6,16,9,7
"Teemu Selanne",20102011,ANA,R,73,218,97,121,44.5,130,60,70,87,37,50,1,0,1,196,88,108,4,2,2,18,7,11
"Teemu Selanne",20112012,ANA,R,82,300,145,155,48.3,158,79,79,141,66,75,1,0,1,268,134,134,23,6,17,9,5,4
"Teemu Selanne",20122013,ANA,R,46,168,85,83,50.6,115,49,66,53,36,17,0,0,0,132,68,64,23,11,12,13,6,7
"Teemu Selanne",20132014,ANA,R,64,106,46,60,43.4,74,34,40,32,12,20,0,0,0,86,37,49,11,4,7,9,5,4
"Eric Selleck",20122013,FLA,L,2,0,0,0,--,0,0,0,0,0,0,0,0,0,0,0,0,0,0,0,0,0,0
"Eric Selleck",20152016,ARI,L,1,0,0,0,--,0,0,0,0,0,0,0,0,0,0,0,0,0,0,0,0,0,0
"Alexander Semin",20092010,WSH,R,73,16,6,10,37.5,9,2,7,5,3,2,2,1,1,11,3,8,1,1,0,4,2,2
"Alexander Semin",20102011,WSH,R,65,13,4,9,30.8,8,2,6,5,2,3,0,0,0,11,4,7,2,0,2,0,0,0
"Alexander Semin",20112012,WSH,R,77,11,1,10,9.1,11,1,10,0,0,0,0,0,0,5,1,4,2,0,2,4,0,4
"Alexander Semin",20122013,CAR,R,44,21,5,16,23.8,15,5,10,3,0,3,3,0,3,12,4,8,2,0,2,7,1,6
"Alexander Semin",20132014,CAR,R,65,10,1,9,10,5,0,5,1,0,1,4,1,3,5,0,5,4,1,3,1,0,1
"Alexander Semin",20142015,CAR,R,57,9,3,6,33.3,8,2,6,1,1,0,0,0,0,5,2,3,2,1,1,2,0,2
"Alexander Semin",20152016,MTL,R,15,1,1,0,100,0,0,0,1,1,0,0,0,0,1,1,0,0,0,0,0,0,0
"Brett Seney",20182019,NJD,L,51,260,98,162,37.7,258,98,160,1,0,1,1,0,1,66,24,42,100,43,57,94,31,63
"Zach Senyshyn",20182019,BOS,R,2,0,0,0,--,0,0,0,0,0,0,0,0,0,0,0,0,0,0,0,0,0,0
"Mikhail Sergachev",20162017,MTL,D,4,0,0,0,--,0,0,0,0,0,0,0,0,0,0,0,0,0,0,0,0,0,0
"Mikhail Sergachev",20172018,TBL,D,79,0,0,0,--,0,0,0,0,0,0,0,0,0,0,0,0,0,0,0,0,0,0
"Mikhail Sergachev",20182019,TBL,D,75,2,1,1,50,1,0,1,1,1,0,0,0,0,1,0,1,1,1,0,0,0,0
"Tim Sestito",20092010,NJD,L,9,64,34,30,53.1,61,31,30,1,1,0,2,2,0,20,9,11,25,14,11,19,11,8
"Tim Sestito",20102011,NJD,L,36,253,116,137,45.9,234,107,127,7,5,2,12,4,8,66,31,35,112,56,56,75,29,46
"Tim Sestito",20112012,NJD,L,18,75,31,44,41.3,74,30,44,0,0,0,1,1,0,21,9,12,28,11,17,26,11,15
"Tim Sestito",20122013,NJD,L,6,26,14,12,53.9,26,14,12,0,0,0,0,0,0,11,7,4,7,4,3,8,3,5
"Tim Sestito",20132014,NJD,L,16,47,20,27,42.5,44,20,24,0,0,0,3,0,3,14,5,9,15,7,8,18,8,10
"Tim Sestito",20142015,NJD,L,15,106,48,58,45.3,84,40,44,1,0,1,21,8,13,27,15,12,35,14,21,44,19,25
"Tom Sestito",20092010,CBJ,L,3,0,0,0,--,0,0,0,0,0,0,0,0,0,0,0,0,0,0,0,0,0,0
"Tom Sestito",20102011,CBJ,L,9,1,1,0,100,1,1,0,0,0,0,0,0,0,1,1,0,0,0,0,0,0,0
"Tom Sestito",20112012,PHI,L,14,4,2,2,50,4,2,2,0,0,0,0,0,0,3,1,2,1,1,0,0,0,0
"Tom Sestito",20122013,"PHI,VAN",L,30,2,1,1,50,2,1,1,0,0,0,0,0,0,1,1,0,0,0,0,1,0,1
"Tom Sestito",20132014,VAN,L,77,11,3,8,27.3,11,3,8,0,0,0,0,0,0,5,1,4,0,0,0,6,2,4
"Tom Sestito",20142015,VAN,L,3,0,0,0,--,0,0,0,0,0,0,0,0,0,0,0,0,0,0,0,0,0,0
"Tom Sestito",20152016,PIT,L,4,0,0,0,--,0,0,0,0,0,0,0,0,0,0,0,0,0,0,0,0,0,0
"Tom Sestito",20162017,PIT,L,13,0,0,0,--,0,0,0,0,0,0,0,0,0,0,0,0,0,0,0,0,0,0
"Devin Setoguchi",20092010,SJS,R,70,10,3,7,30,8,2,6,2,1,1,0,0,0,1,0,1,3,1,2,5,1,4
"Devin Setoguchi",20102011,SJS,R,72,11,5,6,45.5,9,5,4,2,0,2,0,0,0,6,3,3,1,1,0,4,1,3
"Devin Setoguchi",20112012,MIN,R,69,11,3,8,27.3,11,3,8,0,0,0,0,0,0,6,1,5,3,1,2,2,1,1
"Devin Setoguchi",20122013,MIN,R,48,17,7,10,41.2,16,6,10,1,1,0,0,0,0,5,4,1,4,0,4,8,3,5
"Devin Setoguchi",20132014,WPG,R,75,20,5,15,25,19,5,14,0,0,0,1,0,1,5,1,4,2,1,1,13,3,10
"Devin Setoguchi",20142015,CGY,R,12,2,1,1,50,2,1,1,0,0,0,0,0,0,1,1,0,0,0,0,1,0,1
"Devin Setoguchi",20162017,LAK,R,45,4,2,2,50,2,2,0,2,0,2,0,0,0,3,1,2,0,0,0,1,1,0
"Damon Severson",20142015,NJD,D,51,1,0,1,0,1,0,1,0,0,0,0,0,0,0,0,0,1,0,1,0,0,0
"Damon Severson",20152016,NJD,D,72,0,0,0,--,0,0,0,0,0,0,0,0,0,0,0,0,0,0,0,0,0,0
"Damon Severson",20162017,NJD,D,80,0,0,0,--,0,0,0,0,0,0,0,0,0,0,0,0,0,0,0,0,0,0
"Damon Severson",20172018,NJD,D,76,0,0,0,--,0,0,0,0,0,0,0,0,0,0,0,0,0,0,0,0,0,0
"Damon Severson",20182019,NJD,D,82,0,0,0,--,0,0,0,0,0,0,0,0,0,0,0,0,0,0,0,0,0,0
"Ben Sexton",20172018,OTT,C,2,5,3,2,60,5,3,2,0,0,0,0,0,0,1,0,1,3,3,0,1,0,1
"Dan Sexton",20092010,ANA,R,41,1,0,1,0,0,0,0,1,0,1,0,0,0,0,0,0,1,0,1,0,0,0
"Dan Sexton",20102011,ANA,R,47,4,1,3,25,4,1,3,0,0,0,0,0,0,2,1,1,1,0,1,1,0,1
"Michael Sgarbossa",20122013,COL,C,6,25,9,16,36,25,9,16,0,0,0,0,0,0,8,2,6,10,5,5,7,2,5
"Michael Sgarbossa",20142015,COL,C,3,20,9,11,45,20,9,11,0,0,0,0,0,0,8,4,4,9,5,4,3,0,3
"Michael Sgarbossa",20152016,ANA,C,1,4,2,2,50,4,2,2,0,0,0,0,0,0,1,1,0,3,1,2,0,0,0
"Michael Sgarbossa",20162017,"ANA,FLA",C,38,314,138,176,44,296,130,166,15,8,7,3,0,3,97,48,49,119,47,72,98,43,55
"Ryan Shannon",20092010,OTT,R,66,51,19,32,37.3,46,18,28,5,1,4,0,0,0,18,8,10,21,7,14,12,4,8
"Ryan Shannon",20102011,OTT,R,79,207,87,120,42,200,84,116,2,2,0,5,1,4,82,34,48,106,47,59,19,6,13
"Ryan Shannon",20112012,TBL,R,45,40,22,18,55,31,16,15,6,3,3,3,3,0,13,6,7,12,8,4,15,8,7
"MacGregor Sharp",20092010,ANA,C,8,28,15,13,53.6,28,15,13,0,0,0,0,0,0,8,4,4,16,10,6,4,1,3
"Patrick Sharp",20092010,CHI,L,82,466,241,225,51.7,368,194,174,73,36,37,25,11,14,215,115,100,188,96,92,62,30,32
"Patrick Sharp",20102011,CHI,L,74,508,244,264,48,445,216,229,33,15,18,30,13,17,229,112,117,186,93,93,93,39,54
"Patrick Sharp",20112012,CHI,L,74,291,139,152,47.8,241,114,127,45,24,21,5,1,4,190,95,95,59,23,36,42,21,21
"Patrick Sharp",20122013,CHI,L,28,62,40,22,64.5,49,33,16,13,7,6,0,0,0,46,30,16,12,8,4,4,2,2
"Patrick Sharp",20132014,CHI,L,82,152,83,69,54.6,129,74,55,19,6,13,4,3,1,118,60,58,27,20,7,7,3,4
"Patrick Sharp",20142015,CHI,L,68,108,53,55,49.1,96,49,47,12,4,8,0,0,0,89,43,46,16,8,8,3,2,1
"Patrick Sharp",20152016,DAL,L,76,33,16,17,48.5,21,10,11,10,6,4,2,0,2,21,10,11,8,3,5,4,3,1
"Patrick Sharp",20162017,DAL,L,48,61,29,32,47.5,38,16,22,21,12,9,2,1,1,45,24,21,13,5,8,3,0,3
"Patrick Sharp",20172018,CHI,L,70,96,53,43,55.2,77,40,37,18,13,5,1,0,1,68,35,33,18,15,3,10,3,7
"Kevin Shattenkirk",20102011,"COL,STL",D,72,0,0,0,--,0,0,0,0,0,0,0,0,0,0,0,0,0,0,0,0,0,0
"Kevin Shattenkirk",20112012,STL,D,81,4,1,3,25,3,0,3,1,1,0,0,0,0,3,0,3,1,1,0,0,0,0
"Kevin Shattenkirk",20122013,STL,D,48,0,0,0,--,0,0,0,0,0,0,0,0,0,0,0,0,0,0,0,0,0,0
"Kevin Shattenkirk",20132014,STL,D,81,0,0,0,--,0,0,0,0,0,0,0,0,0,0,0,0,0,0,0,0,0,0
"Kevin Shattenkirk",20142015,STL,D,56,0,0,0,--,0,0,0,0,0,0,0,0,0,0,0,0,0,0,0,0,0,0
"Kevin Shattenkirk",20152016,STL,D,72,0,0,0,--,0,0,0,0,0,0,0,0,0,0,0,0,0,0,0,0,0,0
"Kevin Shattenkirk",20162017,"STL,WSH",D,80,0,0,0,--,0,0,0,0,0,0,0,0,0,0,0,0,0,0,0,0,0,0
"Kevin Shattenkirk",20172018,NYR,D,46,0,0,0,--,0,0,0,0,0,0,0,0,0,0,0,0,0,0,0,0,0,0
"Kevin Shattenkirk",20182019,NYR,D,73,0,0,0,--,0,0,0,0,0,0,0,0,0,0,0,0,0,0,0,0,0,0
"Andrew Shaw",20112012,CHI,R,37,88,41,47,46.6,78,38,40,10,3,7,0,0,0,44,18,26,34,17,17,10,6,4
"Andrew Shaw",20122013,CHI,R,48,457,201,256,44,431,192,239,22,9,13,4,0,4,188,89,99,169,70,99,100,42,58
"Andrew Shaw",20132014,CHI,R,80,684,296,388,43.3,642,282,360,33,11,22,9,3,6,296,128,168,239,106,133,149,62,87
"Andrew Shaw",20142015,CHI,R,79,712,357,355,50.1,684,344,340,23,10,13,5,3,2,296,146,150,242,132,110,174,79,95
"Andrew Shaw",20152016,CHI,R,78,314,146,168,46.5,298,138,160,15,7,8,1,1,0,97,50,47,102,50,52,115,46,69
"Andrew Shaw",20162017,MTL,R,68,438,239,199,54.6,346,193,153,87,45,42,5,1,4,226,132,94,105,53,52,107,54,53
"Andrew Shaw",20172018,MTL,R,51,326,177,149,54.3,231,118,113,92,59,33,3,0,3,205,118,87,69,36,33,52,23,29
"Andrew Shaw",20182019,MTL,R,63,384,181,203,47.1,305,141,164,60,32,28,19,8,11,183,88,95,69,37,32,132,56,76
"Logan Shaw",20152016,FLA,R,53,37,16,21,43.2,30,15,15,1,0,1,6,1,5,23,10,13,10,5,5,4,1,3
"Logan Shaw",20162017,ANA,R,55,145,55,90,37.9,133,51,82,1,1,0,11,3,8,66,23,43,48,20,28,31,12,19
"Logan Shaw",20172018,"ANA,MTL",R,72,203,92,111,45.3,159,75,84,3,2,1,41,15,26,52,22,30,66,34,32,85,36,49
"Riley Sheahan",20112012,DET,C,1,0,0,0,--,0,0,0,0,0,0,0,0,0,0,0,0,0,0,0,0,0,0
"Riley Sheahan",20122013,DET,C,1,1,0,1,0,1,0,1,0,0,0,0,0,0,0,0,0,0,0,0,1,0,1
"Riley Sheahan",20132014,DET,C,42,512,251,261,49,433,205,228,77,46,31,2,0,2,260,129,131,138,74,64,114,48,66
"Riley Sheahan",20142015,DET,C,79,970,484,486,49.9,838,416,422,93,53,40,39,15,24,403,207,196,311,156,155,256,121,135
"Riley Sheahan",20152016,DET,C,81,782,358,424,45.8,626,289,337,40,17,23,116,52,64,241,100,141,267,126,141,274,132,142
"Riley Sheahan",20162017,DET,C,80,466,236,230,50.6,419,213,206,23,12,11,24,11,13,135,74,61,186,103,83,145,59,86
"Riley Sheahan",20172018,"DET,PIT",C,81,"1,033",560,473,54.2,769,433,336,26,13,13,238,114,124,180,84,96,285,162,123,568,314,254
"Riley Sheahan",20182019,"PIT,FLA",C,82,688,360,328,52.3,547,287,260,10,6,4,131,67,64,157,74,83,222,123,99,309,163,146
"Conor Sheary",20152016,PIT,L,44,8,1,7,12.5,6,1,5,2,0,2,0,0,0,5,0,5,2,1,1,1,0,1
"Conor Sheary",20162017,PIT,L,61,0,0,0,--,0,0,0,0,0,0,0,0,0,0,0,0,0,0,0,0,0,0
"Conor Sheary",20172018,PIT,L,79,11,4,7,36.4,9,3,6,2,1,1,0,0,0,7,2,5,4,2,2,0,0,0
"Conor Sheary",20182019,BUF,L,78,34,19,15,55.9,28,14,14,6,5,1,0,0,0,28,15,13,4,2,2,2,2,0
"Jody Shelley",20092010,"SJS,NYR",L,57,6,2,4,33.3,6,2,4,0,0,0,0,0,0,2,1,1,2,0,2,2,1,1
"Jody Shelley",20102011,PHI,L,58,4,2,2,50,4,2,2,0,0,0,0,0,0,2,1,1,1,1,0,1,0,1
"Jody Shelley",20112012,PHI,L,30,2,0,2,0,2,0,2,0,0,0,0,0,0,0,0,0,0,0,0,2,0,2
"Jody Shelley",20122013,PHI,L,1,0,0,0,--,0,0,0,0,0,0,0,0,0,0,0,0,0,0,0,0,0,0
"James Sheppard",20092010,MIN,C,64,343,155,188,45.2,317,141,176,12,5,7,14,9,5,79,29,50,140,68,72,121,58,63
"James Sheppard",20122013,SJS,C,32,6,2,4,33.3,5,2,3,1,0,1,0,0,0,2,0,2,2,1,1,2,1,1
"James Sheppard",20132014,SJS,C,67,233,105,128,45.1,221,98,123,11,7,4,1,0,1,85,36,49,89,42,47,59,27,32
"James Sheppard",20142015,"SJS,NYR",C,71,555,278,277,50.1,520,262,258,34,15,19,1,1,0,142,64,78,213,111,102,200,103,97
"Kiefer Sherwood",20182019,ANA,R,50,16,7,9,43.8,14,5,9,2,2,0,0,0,0,6,3,3,4,2,2,6,2,4
"Kole Sherwood",20182019,CBJ,R,2,0,0,0,--,0,0,0,0,0,0,0,0,0,0,0,0,0,0,0,0,0,0
"Hunter Shinkaruk",20152016,"VAN,CGY",C,8,1,0,1,0,1,0,1,0,0,0,0,0,0,1,0,1,0,0,0,0,0,0
"Hunter Shinkaruk",20162017,CGY,C,7,0,0,0,--,0,0,0,0,0,0,0,0,0,0,0,0,0,0,0,0,0,0
"Brendan Shinnimin",20142015,ARI,C,12,101,42,59,41.6,101,42,59,0,0,0,0,0,0,36,10,26,39,19,20,26,13,13
"Vadim Shipachyov",20172018,VGK,C,3,21,12,9,57.1,19,11,8,2,1,1,0,0,0,10,6,4,4,2,2,7,4,3
"Sergei Shirokov",20092010,VAN,L,6,2,1,1,50,1,0,1,1,1,0,0,0,0,2,1,1,0,0,0,0,0,0
"Sergei Shirokov",20102011,VAN,L,2,0,0,0,--,0,0,0,0,0,0,0,0,0,0,0,0,0,0,0,0,0,0
"Devin Shore",20152016,DAL,C,3,1,0,1,0,1,0,1,0,0,0,0,0,0,0,0,0,1,0,1,0,0,0
"Devin Shore",20162017,DAL,C,82,470,221,249,47,388,185,203,76,32,44,6,4,2,155,78,77,178,87,91,137,56,81
"Devin Shore",20172018,DAL,C,82,190,88,102,46.3,150,72,78,23,10,13,17,6,11,81,37,44,66,31,35,43,20,23
"Devin Shore",20182019,"DAL,ANA",C,76,209,86,123,41.1,170,68,102,24,11,13,15,7,8,62,22,40,96,42,54,51,22,29
"Drew Shore",20122013,FLA,C,43,443,212,231,47.9,387,183,204,38,20,18,18,9,9,190,87,103,170,88,82,83,37,46
"Drew Shore",20132014,FLA,C,24,208,86,122,41.4,170,69,101,12,8,4,26,9,17,63,24,39,73,32,41,72,30,42
"Drew Shore",20142015,CGY,C,11,59,29,30,49.1,57,28,29,2,1,1,0,0,0,15,7,8,25,14,11,19,8,11
"Drew Shore",20152016,CGY,C,2,10,4,6,40,6,3,3,1,0,1,3,1,2,2,1,1,3,1,2,5,2,3
"Drew Shore",20162017,VAN,C,14,71,38,33,53.5,66,34,32,0,0,0,5,4,1,25,15,10,26,12,14,20,11,9
"Nicholas Shore",20142015,LAK,C,34,236,127,109,53.8,222,122,100,10,5,5,4,0,4,98,48,50,74,43,31,64,36,28
"Nicholas Shore",20152016,LAK,C,68,741,384,357,51.8,661,343,318,21,15,6,59,26,33,252,136,116,237,126,111,252,122,130
"Nicholas Shore",20162017,LAK,C,70,721,362,359,50.2,640,330,310,16,7,9,65,25,40,242,132,110,242,117,125,237,113,124
"Nicholas Shore",20172018,"LAK,OTT,CGY",C,64,738,352,386,47.7,646,315,331,15,8,7,77,29,48,173,75,98,251,132,119,314,145,169
"Justin Shugg",20142015,CAR,R,3,0,0,0,--,0,0,0,0,0,0,0,0,0,0,0,0,0,0,0,0,0,0
"Jonas Siegenthaler",20182019,WSH,D,26,0,0,0,--,0,0,0,0,0,0,0,0,0,0,0,0,0,0,0,0,0,0
"Patrick Sieloff",20152016,CGY,D,1,0,0,0,--,0,0,0,0,0,0,0,0,0,0,0,0,0,0,0,0,0,0
"Patrick Sieloff",20172018,OTT,D,1,0,0,0,--,0,0,0,0,0,0,0,0,0,0,0,0,0,0,0,0,0,0
"Duncan Siemens",20142015,COL,D,1,0,0,0,--,0,0,0,0,0,0,0,0,0,0,0,0,0,0,0,0,0,0
"Duncan Siemens",20162017,COL,D,3,0,0,0,--,0,0,0,0,0,0,0,0,0,0,0,0,0,0,0,0,0,0
"Duncan Siemens",20172018,COL,D,16,0,0,0,--,0,0,0,0,0,0,0,0,0,0,0,0,0,0,0,0,0,0
"Jaime Sifers",20092010,MIN,D,14,0,0,0,--,0,0,0,0,0,0,0,0,0,0,0,0,0,0,0,0,0,0
"Dylan Sikura",20172018,CHI,R,5,1,0,1,0,1,0,1,0,0,0,0,0,0,1,0,1,0,0,0,0,0,0
"Dylan Sikura",20182019,CHI,R,33,5,0,5,0,5,0,5,0,0,0,0,0,0,3,0,3,0,0,0,2,0,2
"Jakob Silfverberg",20122013,OTT,R,48,13,5,8,38.5,10,4,6,1,0,1,2,1,1,9,3,6,2,0,2,2,2,0
"Jakob Silfverberg",20132014,ANA,R,52,12,1,11,8.3,6,1,5,2,0,2,4,0,4,5,0,5,3,1,2,4,0,4
"Jakob Silfverberg",20142015,ANA,R,81,50,23,27,46,29,13,16,2,0,2,19,10,9,20,5,15,24,15,9,6,3,3
"Jakob Silfverberg",20152016,ANA,R,82,20,4,16,20,12,2,10,3,1,2,5,1,4,12,3,9,6,1,5,2,0,2
"Jakob Silfverberg",20162017,ANA,R,79,7,1,6,14.3,3,0,3,3,1,2,1,0,1,6,1,5,1,0,1,0,0,0
"Jakob Silfverberg",20172018,ANA,R,77,53,18,35,34,35,11,24,7,4,3,11,3,8,22,7,15,21,6,15,10,5,5
"Jakob Silfverberg",20182019,ANA,R,73,51,19,32,37.3,39,15,24,9,3,6,3,1,2,23,7,16,20,6,14,8,6,2
"Zach Sill",20132014,PIT,C,20,90,34,56,37.8,74,29,45,1,0,1,15,5,10,15,5,10,35,10,25,40,19,21
"Zach Sill",20142015,"PIT,TOR",C,63,93,46,47,49.5,77,40,37,2,1,1,14,5,9,21,9,12,33,15,18,39,22,17
"Zach Sill",20152016,WSH,C,10,77,33,44,42.9,70,29,41,1,1,0,6,3,3,22,5,17,27,18,9,28,10,18
"Jon Sim",20092010,NYI,L,77,18,9,9,50,15,9,6,1,0,1,2,0,2,5,2,3,2,2,0,11,5,6
"Jon Sim",20102011,NYI,L,34,11,5,6,45.5,7,4,3,0,0,0,4,1,3,2,1,1,6,2,4,3,2,1
"Radim Simek",20182019,SJS,D,41,0,0,0,--,0,0,0,0,0,0,0,0,0,0,0,0,0,0,0,0,0,0
"Wayne Simmonds",20092010,LAK,R,78,10,3,7,30,7,2,5,0,0,0,3,1,2,3,1,2,3,2,1,4,0,4
"Wayne Simmonds",20102011,LAK,R,80,19,7,12,36.8,17,7,10,1,0,1,1,0,1,8,3,5,5,2,3,6,2,4
"Wayne Simmonds",20112012,PHI,R,82,17,7,10,41.2,8,4,4,9,3,6,0,0,0,12,4,8,2,1,1,3,2,1
"Wayne Simmonds",20122013,PHI,R,45,3,2,1,66.7,2,2,0,1,0,1,0,0,0,2,1,1,0,0,0,1,1,0
"Wayne Simmonds",20132014,PHI,R,82,2,1,1,50,1,0,1,1,1,0,0,0,0,1,1,0,1,0,1,0,0,0
"Wayne Simmonds",20142015,PHI,R,75,5,4,1,80,5,4,1,0,0,0,0,0,0,3,2,1,1,1,0,1,1,0
"Wayne Simmonds",20152016,PHI,R,81,7,5,2,71.4,7,5,2,0,0,0,0,0,0,4,3,1,2,1,1,1,1,0
"Wayne Simmonds",20162017,PHI,R,82,17,8,9,47.1,13,6,7,2,1,1,2,1,1,15,7,8,2,1,1,0,0,0
"Wayne Simmonds",20172018,PHI,R,75,21,12,9,57.1,15,8,7,2,2,0,4,2,2,7,5,2,7,4,3,7,3,4
"Wayne Simmonds",20182019,"PHI,NSH",R,79,17,4,13,23.5,13,3,10,2,1,1,2,0,2,7,3,4,6,0,6,4,1,3
"Dominik Simon",20152016,PIT,C,3,0,0,0,--,0,0,0,0,0,0,0,0,0,0,0,0,0,0,0,0,0,0
"Dominik Simon",20162017,PIT,C,2,0,0,0,--,0,0,0,0,0,0,0,0,0,0,0,0,0,0,0,0,0,0
"Dominik Simon",20172018,PIT,C,33,14,6,8,42.9,13,5,8,1,1,0,0,0,0,9,4,5,4,1,3,1,1,0
"Dominik Simon",20182019,PIT,C,71,19,6,13,31.6,18,6,12,1,0,1,0,0,0,7,2,5,4,2,2,8,2,6
"Dillon Simpson",20162017,EDM,D,3,0,0,0,--,0,0,0,0,0,0,0,0,0,0,0,0,0,0,0,0,0,0
"Shane Sims",20102011,NYI,D,1,0,0,0,--,0,0,0,0,0,0,0,0,0,0,0,0,0,0,0,0,0,0
"Mike Sislo",20132014,NJD,R,14,6,5,1,83.3,6,5,1,0,0,0,0,0,0,6,5,1,0,0,0,0,0,0
"Mike Sislo",20142015,NJD,R,10,0,0,0,--,0,0,0,0,0,0,0,0,0,0,0,0,0,0,0,0,0,0
"Mike Sislo",20152016,NJD,R,18,2,0,2,0,2,0,2,0,0,0,0,0,0,2,0,2,0,0,0,0,0,0
"Colton Sissons",20132014,NSH,C,17,144,70,74,48.6,136,68,68,0,0,0,8,2,6,47,17,30,58,36,22,39,17,22
"Colton Sissons",20152016,NSH,C,34,252,141,111,56,229,128,101,4,3,1,19,10,9,53,30,23,97,54,43,102,57,45
"Colton Sissons",20162017,NSH,C,58,384,192,192,50,334,166,168,5,2,3,45,24,21,71,34,37,125,67,58,188,91,97
"Colton Sissons",20172018,NSH,C,81,935,517,418,55.3,610,347,263,130,81,49,195,89,106,233,129,104,242,133,109,460,255,205
"Colton Sissons",20182019,NSH,C,75,793,421,372,53.1,591,324,267,69,37,32,133,60,73,172,84,88,225,132,93,396,205,191
"Fredrik Sjostrom",20092010,"CGY,TOR",L,65,7,0,7,0,4,0,4,0,0,0,3,0,3,1,0,1,3,0,3,3,0,3
"Fredrik Sjostrom",20102011,TOR,L,66,15,5,10,33.3,11,2,9,0,0,0,4,3,1,4,0,4,3,1,2,8,4,4
"Jack Skille",20092010,CHI,R,6,0,0,0,--,0,0,0,0,0,0,0,0,0,0,0,0,0,0,0,0,0,0
"Jack Skille",20102011,"CHI,FLA",R,62,10,3,7,30,10,3,7,0,0,0,0,0,0,4,2,2,2,0,2,4,1,3
"Jack Skille",20112012,FLA,R,46,16,8,8,50,16,8,8,0,0,0,0,0,0,6,3,3,4,2,2,6,3,3
"Jack Skille",20122013,FLA,R,40,16,8,8,50,13,8,5,1,0,1,2,0,2,7,4,3,6,3,3,3,1,2
"Jack Skille",20132014,CBJ,R,16,1,1,0,100,1,1,0,0,0,0,0,0,0,1,1,0,0,0,0,0,0,0
"Jack Skille",20142015,CBJ,R,45,8,3,5,37.5,7,2,5,1,1,0,0,0,0,7,3,4,0,0,0,1,0,1
"Jack Skille",20152016,COL,R,74,19,4,15,21.1,17,4,13,0,0,0,2,0,2,10,3,7,3,0,3,6,1,5
"Jack Skille",20162017,VAN,R,55,2,2,0,100,2,2,0,0,0,0,0,0,0,1,1,0,1,1,0,0,0,0
"Jeff Skinner",20102011,CAR,L,82,157,58,99,36.9,137,50,87,19,7,12,1,1,0,53,21,32,65,23,42,39,14,25
"Jeff Skinner",20112012,CAR,L,64,159,67,92,42.1,149,62,87,5,3,2,5,2,3,60,24,36,67,30,37,32,13,19
"Jeff Skinner",20122013,CAR,L,42,44,21,23,47.7,38,19,19,3,1,2,3,1,2,16,7,9,16,10,6,12,4,8
"Jeff Skinner",20132014,CAR,L,71,51,23,28,45.1,45,22,23,6,1,5,0,0,0,29,14,15,14,5,9,8,4,4
"Jeff Skinner",20142015,CAR,L,77,46,21,25,45.6,28,12,16,18,9,9,0,0,0,35,15,20,5,2,3,6,4,2
"Jeff Skinner",20152016,CAR,L,82,47,20,27,42.5,24,8,16,23,12,11,0,0,0,34,15,19,11,4,7,2,1,1
"Jeff Skinner",20162017,CAR,L,79,27,10,17,37,24,8,16,3,2,1,0,0,0,15,4,11,7,5,2,5,1,4
"Jeff Skinner",20172018,CAR,L,82,60,26,34,43.3,51,22,29,8,4,4,1,0,1,44,17,27,8,6,2,8,3,5
"Jeff Skinner",20182019,BUF,L,82,301,157,144,52.2,212,100,112,88,57,31,1,0,1,276,145,131,16,8,8,9,4,5
"Brady Skjei",20152016,NYR,D,7,0,0,0,--,0,0,0,0,0,0,0,0,0,0,0,0,0,0,0,0,0,0
"Brady Skjei",20162017,NYR,D,80,1,0,1,0,1,0,1,0,0,0,0,0,0,1,0,1,0,0,0,0,0,0
"Brady Skjei",20172018,NYR,D,82,0,0,0,--,0,0,0,0,0,0,0,0,0,0,0,0,0,0,0,0,0,0
"Brady Skjei",20182019,NYR,D,78,1,1,0,100,1,1,0,0,0,0,0,0,0,0,0,0,0,0,0,1,1,0
"Martin Skoula",20092010,"PIT,NJD",D,52,0,0,0,--,0,0,0,0,0,0,0,0,0,0,0,0,0,0,0,0,0,0
"Karlis Skrastins",20092010,DAL,D,79,0,0,0,--,0,0,0,0,0,0,0,0,0,0,0,0,0,0,0,0,0,0
"Karlis Skrastins",20102011,DAL,D,74,1,0,1,0,0,0,0,0,0,0,1,0,1,0,0,0,0,0,0,1,0,1
"Jim Slater",20092010,ATL,C,61,431,254,177,58.9,358,215,143,9,5,4,64,34,30,87,43,44,173,112,61,171,99,72
"Jim Slater",20102011,ATL,C,36,301,185,116,61.5,271,166,105,8,6,2,22,13,9,62,40,22,118,76,42,121,69,52
"Jim Slater",20112012,WPG,C,78,"1,165",634,531,54.4,919,511,408,15,10,5,231,113,118,156,93,63,377,222,155,632,319,313
"Jim Slater",20122013,WPG,C,26,267,145,122,54.3,194,109,85,1,0,1,72,36,36,32,21,11,71,37,34,164,87,77
"Jim Slater",20132014,WPG,C,27,281,163,118,58,198,120,78,7,4,3,76,39,37,65,41,24,70,38,32,146,84,62
"Jim Slater",20142015,WPG,C,82,751,448,303,59.6,451,291,160,4,3,1,296,154,142,136,92,44,181,109,72,434,247,187
"Jaccob Slavin",20152016,CAR,D,63,0,0,0,--,0,0,0,0,0,0,0,0,0,0,0,0,0,0,0,0,0,0
"Jaccob Slavin",20162017,CAR,D,82,0,0,0,--,0,0,0,0,0,0,0,0,0,0,0,0,0,0,0,0,0,0
"Jaccob Slavin",20172018,CAR,D,82,0,0,0,--,0,0,0,0,0,0,0,0,0,0,0,0,0,0,0,0,0,0
"Jaccob Slavin",20182019,CAR,D,82,1,0,1,0,0,0,0,0,0,0,1,0,1,0,0,0,1,0,1,0,0,0
"Anton Slepyshev",20152016,EDM,L,11,1,1,0,100,1,1,0,0,0,0,0,0,0,0,0,0,1,1,0,0,0,0
"Anton Slepyshev",20162017,EDM,L,41,5,2,3,40,5,2,3,0,0,0,0,0,0,5,2,3,0,0,0,0,0,0
"Anton Slepyshev",20172018,EDM,L,50,7,1,6,14.3,7,1,6,0,0,0,0,0,0,3,0,3,0,0,0,4,1,3
"Tyler Sloan",20092010,WSH,D,40,3,2,1,66.7,3,2,1,0,0,0,0,0,0,0,0,0,1,1,0,2,1,1
"Tyler Sloan",20102011,WSH,D,33,0,0,0,--,0,0,0,0,0,0,0,0,0,0,0,0,0,0,0,0,0,0
"Matt Smaby",20092010,TBL,D,33,0,0,0,--,0,0,0,0,0,0,0,0,0,0,0,0,0,0,0,0,0,0
"Matt Smaby",20102011,TBL,D,32,0,0,0,--,0,0,0,0,0,0,0,0,0,0,0,0,0,0,0,0,0,0
"Ladislav Smid",20092010,EDM,D,51,0,0,0,--,0,0,0,0,0,0,0,0,0,0,0,0,0,0,0,0,0,0
"Ladislav Smid",20102011,EDM,D,78,0,0,0,--,0,0,0,0,0,0,0,0,0,0,0,0,0,0,0,0,0,0
"Ladislav Smid",20112012,EDM,D,78,0,0,0,--,0,0,0,0,0,0,0,0,0,0,0,0,0,0,0,0,0,0
"Ladislav Smid",20122013,EDM,D,48,0,0,0,--,0,0,0,0,0,0,0,0,0,0,0,0,0,0,0,0,0,0
"Ladislav Smid",20132014,"EDM,CGY",D,73,0,0,0,--,0,0,0,0,0,0,0,0,0,0,0,0,0,0,0,0,0,0
"Ladislav Smid",20142015,CGY,D,31,0,0,0,--,0,0,0,0,0,0,0,0,0,0,0,0,0,0,0,0,0,0
"Ladislav Smid",20152016,CGY,D,22,0,0,0,--,0,0,0,0,0,0,0,0,0,0,0,0,0,0,0,0,0,0
"Ben Smith",20102011,CHI,R,6,8,6,2,75,6,4,2,2,2,0,0,0,0,6,4,2,1,1,0,1,1,0
"Ben Smith",20112012,CHI,R,13,14,7,7,50,13,7,6,1,0,1,0,0,0,3,2,1,9,3,6,2,2,0
"Ben Smith",20122013,CHI,R,1,2,0,2,0,2,0,2,0,0,0,0,0,0,2,0,2,0,0,0,0,0,0
"Ben Smith",20132014,CHI,R,75,394,200,194,50.8,329,173,156,14,9,5,51,18,33,73,39,34,133,69,64,188,92,96
"Ben Smith",20142015,"CHI,SJS",R,80,594,310,284,52.2,480,259,221,6,1,5,108,50,58,109,50,59,146,90,56,339,170,169
"Ben Smith",20152016,"SJS,TOR",R,22,185,100,85,54,127,66,61,2,2,0,56,32,24,21,11,10,67,35,32,97,54,43
"Ben Smith",20162017,"COL,TOR",R,40,468,241,227,51.5,321,175,146,1,1,0,146,65,81,54,38,16,134,75,59,280,128,152
"Brendan Smith",20112012,DET,D,14,0,0,0,--,0,0,0,0,0,0,0,0,0,0,0,0,0,0,0,0,0,0
"Brendan Smith",20122013,DET,D,34,0,0,0,--,0,0,0,0,0,0,0,0,0,0,0,0,0,0,0,0,0,0
"Brendan Smith",20132014,DET,D,71,0,0,0,--,0,0,0,0,0,0,0,0,0,0,0,0,0,0,0,0,0,0
"Brendan Smith",20142015,DET,D,76,0,0,0,--,0,0,0,0,0,0,0,0,0,0,0,0,0,0,0,0,0,0
"Brendan Smith",20152016,DET,D,63,0,0,0,--,0,0,0,0,0,0,0,0,0,0,0,0,0,0,0,0,0,0
"Brendan Smith",20162017,"DET,NYR",D,51,0,0,0,--,0,0,0,0,0,0,0,0,0,0,0,0,0,0,0,0,0,0
"Brendan Smith",20172018,NYR,D,44,0,0,0,--,0,0,0,0,0,0,0,0,0,0,0,0,0,0,0,0,0,0
"Brendan Smith",20182019,NYR,D,63,1,0,1,0,1,0,1,0,0,0,0,0,0,1,0,1,0,0,0,0,0,0
"C.J. Smith",20162017,BUF,L,2,0,0,0,--,0,0,0,0,0,0,0,0,0,0,0,0,0,0,0,0,0,0
"C.J. Smith",20182019,BUF,L,11,0,0,0,--,0,0,0,0,0,0,0,0,0,0,0,0,0,0,0,0,0,0
"Colin Smith",20142015,COL,C,1,10,4,6,40,10,4,6,0,0,0,0,0,0,6,3,3,3,1,2,1,0,1
"Craig Smith",20112012,NSH,R,72,393,173,220,44,334,148,186,55,22,33,4,3,1,176,79,97,135,61,74,82,33,49
"Craig Smith",20122013,NSH,R,44,200,79,121,39.5,163,61,102,37,18,19,0,0,0,94,39,55,58,21,37,48,19,29
"Craig Smith",20132014,NSH,R,79,19,3,16,15.8,18,3,15,1,0,1,0,0,0,12,1,11,3,0,3,4,2,2
"Craig Smith",20142015,NSH,R,82,30,12,18,40,18,8,10,12,4,8,0,0,0,23,9,14,3,1,2,4,2,2
"Craig Smith",20152016,NSH,R,82,230,76,154,33,181,60,121,48,16,32,1,0,1,214,67,147,15,8,7,1,1,0
"Craig Smith",20162017,NSH,R,78,111,51,60,46,95,43,52,14,7,7,2,1,1,98,43,55,7,3,4,6,5,1
"Craig Smith",20172018,NSH,R,79,94,40,54,42.5,82,38,44,12,2,10,0,0,0,59,24,35,26,11,15,9,5,4
"Craig Smith",20182019,NSH,R,76,54,26,28,48.1,49,21,28,5,5,0,0,0,0,38,19,19,8,3,5,8,4,4
"Derek Smith",20092010,OTT,D,2,0,0,0,--,0,0,0,0,0,0,0,0,0,0,0,0,0,0,0,0,0,0
"Derek Smith",20102011,OTT,D,9,0,0,0,--,0,0,0,0,0,0,0,0,0,0,0,0,0,0,0,0,0,0
"Derek Smith",20112012,CGY,D,47,0,0,0,--,0,0,0,0,0,0,0,0,0,0,0,0,0,0,0,0,0,0
"Derek Smith",20122013,CGY,D,22,0,0,0,--,0,0,0,0,0,0,0,0,0,0,0,0,0,0,0,0,0,0
"Derek Smith",20132014,CGY,D,14,3,2,1,66.7,3,2,1,0,0,0,0,0,0,1,1,0,1,0,1,1,1,0
"Gemel Smith",20162017,DAL,C,17,59,25,34,42.4,55,24,31,0,0,0,4,1,3,15,7,8,28,10,18,16,8,8
"Gemel Smith",20172018,DAL,C,46,94,43,51,45.7,90,41,49,2,2,0,2,0,2,26,11,15,49,24,25,19,8,11
"Gemel Smith",20182019,"DAL,BOS",C,17,4,2,2,50,4,2,2,0,0,0,0,0,0,1,0,1,1,0,1,2,2,0
"Nathan Smith",20092010,MIN,C,9,49,26,23,53.1,44,24,20,2,1,1,3,1,2,6,4,2,22,13,9,19,9,10
"Reilly Smith",20112012,DAL,R,3,1,1,0,100,1,1,0,0,0,0,0,0,0,0,0,0,0,0,0,1,1,0
"Reilly Smith",20122013,DAL,R,37,4,3,1,75,4,3,1,0,0,0,0,0,0,2,2,0,1,1,0,1,0,1
"Reilly Smith",20132014,BOS,R,82,2,0,2,0,2,0,2,0,0,0,0,0,0,0,0,0,0,0,0,2,0,2
"Reilly Smith",20142015,BOS,R,81,8,2,6,25,7,1,6,1,1,0,0,0,0,4,1,3,1,0,1,3,1,2
"Reilly Smith",20152016,FLA,R,82,2,0,2,0,2,0,2,0,0,0,0,0,0,0,0,0,1,0,1,1,0,1
"Reilly Smith",20162017,FLA,R,80,6,3,3,50,4,3,1,0,0,0,2,0,2,2,2,0,1,0,1,3,1,2
"Reilly Smith",20172018,VGK,R,67,13,4,9,30.8,4,2,2,1,0,1,8,2,6,2,0,2,3,2,1,8,2,6
"Reilly Smith",20182019,VGK,R,74,7,5,2,71.4,4,3,1,0,0,0,3,2,1,2,1,1,5,4,1,0,0,0
"Trevor Smith",20112012,TBL,C,16,83,34,49,41,71,28,43,6,4,2,6,2,4,14,8,6,41,16,25,28,10,18
"Trevor Smith",20122013,PIT,C,1,0,0,0,--,0,0,0,0,0,0,0,0,0,0,0,0,0,0,0,0,0,0
"Trevor Smith",20132014,TOR,C,28,258,115,143,44.6,244,109,135,6,2,4,8,4,4,70,30,40,98,38,60,90,47,43
"Trevor Smith",20142015,TOR,C,54,561,293,268,52.2,448,242,206,10,8,2,103,43,60,152,83,69,163,90,73,246,120,126
"Trevor Smith",20162017,NSH,C,1,8,0,8,0,8,0,8,0,0,0,0,0,0,3,0,3,3,0,3,2,0,2
"Zack Smith",20092010,OTT,C,15,61,29,32,47.5,57,28,29,2,1,1,2,0,2,21,10,11,20,10,10,19,8,11
"Zack Smith",20102011,OTT,C,55,388,209,179,53.9,326,189,137,16,6,10,46,14,32,130,68,62,119,61,58,139,80,59
"Zack Smith",20112012,OTT,C,81,990,484,506,48.9,770,371,399,24,16,8,196,97,99,224,110,114,369,178,191,397,196,201
"Zack Smith",20122013,OTT,C,48,731,379,352,51.9,642,339,303,41,18,23,48,22,26,224,115,109,261,142,119,246,122,124
"Zack Smith",20132014,OTT,C,82,"1,291",680,611,52.7,"1,056",561,495,43,24,19,192,95,97,300,157,143,440,252,188,551,271,280
"Zack Smith",20142015,OTT,C,37,231,103,128,44.6,191,86,105,9,3,6,31,14,17,63,31,32,76,25,51,92,47,45
"Zack Smith",20152016,OTT,C,81,729,380,349,52.1,565,304,261,63,33,30,101,43,58,207,115,92,244,119,125,278,146,132
"Zack Smith",20162017,OTT,C,74,609,317,292,52,439,234,205,64,31,33,106,52,54,243,133,110,129,64,65,237,120,117
"Zack Smith",20172018,OTT,C,68,620,297,323,47.9,491,243,248,45,21,24,84,33,51,190,90,100,215,107,108,215,100,115
"Zack Smith",20182019,OTT,C,70,820,403,417,49.1,675,342,333,9,6,3,136,55,81,164,94,70,318,161,157,338,148,190
"Devante Smith-Pelly",20112012,ANA,R,49,21,6,15,28.6,18,5,13,1,1,0,2,0,2,13,3,10,4,1,3,4,2,2
"Devante Smith-Pelly",20122013,ANA,R,7,0,0,0,--,0,0,0,0,0,0,0,0,0,0,0,0,0,0,0,0,0,0
"Devante Smith-Pelly",20132014,ANA,R,19,4,0,4,0,4,0,4,0,0,0,0,0,0,1,0,1,1,0,1,2,0,2
"Devante Smith-Pelly",20142015,"ANA,MTL",R,74,83,23,60,27.7,70,22,48,6,0,6,7,1,6,30,9,21,40,11,29,13,3,10
"Devante Smith-Pelly",20152016,"MTL,NJD",R,64,5,2,3,40,4,1,3,1,1,0,0,0,0,2,1,1,3,1,2,0,0,0
"Devante Smith-Pelly",20162017,NJD,R,53,71,29,42,40.8,42,18,24,16,8,8,13,3,10,34,13,21,21,9,12,16,7,9
"Devante Smith-Pelly",20172018,WSH,R,75,33,16,17,48.5,22,10,12,2,1,1,9,5,4,13,5,8,11,6,5,9,5,4
"Devante Smith-Pelly",20182019,WSH,R,54,41,16,25,39,26,8,18,0,0,0,15,8,7,11,2,9,10,5,5,20,9,11
"Jerred Smithson",20092010,NSH,C,69,548,301,247,54.9,409,222,187,11,7,4,128,72,56,108,61,47,124,69,55,313,168,145
"Jerred Smithson",20102011,NSH,C,82,"1,006",578,428,57.5,795,471,324,19,11,8,192,96,96,193,112,81,260,170,90,553,296,257
"Jerred Smithson",20112012,"NSH,FLA",C,69,645,362,283,56.1,527,304,223,9,3,6,109,55,54,133,82,51,184,108,76,328,172,156
"Jerred Smithson",20122013,"FLA,EDM",C,45,478,265,213,55.4,374,208,166,5,4,1,99,53,46,120,56,64,149,88,61,209,121,88
"Jerred Smithson",20132014,TOR,C,18,216,126,90,58.3,176,105,71,2,1,1,38,20,18,42,25,17,54,29,25,120,72,48
"Radek Smolenak",20092010,CHI,L,1,0,0,0,--,0,0,0,0,0,0,0,0,0,0,0,0,0,0,0,0,0,0
"Ryan Smyth",20092010,LAK,L,67,62,31,31,50,41,20,21,18,8,10,3,3,0,46,23,23,5,3,2,11,5,6
"Ryan Smyth",20102011,LAK,L,82,132,57,75,43.2,65,30,35,61,25,36,6,2,4,74,33,41,29,12,17,29,12,17
"Ryan Smyth",20112012,EDM,L,82,150,66,84,44,92,37,55,46,28,18,12,1,11,80,37,43,26,14,12,44,15,29
"Ryan Smyth",20122013,EDM,L,47,202,87,115,43.1,155,67,88,28,14,14,19,6,13,67,29,38,65,27,38,70,31,39
"Ryan Smyth",20132014,EDM,L,72,182,91,91,50,145,72,73,31,18,13,6,1,5,72,37,35,64,28,36,46,26,20
"Carl Sneep",20112012,PIT,D,1,0,0,0,--,0,0,0,0,0,0,0,0,0,0,0,0,0,0,0,0,0,0
"Vladimir Sobotka",20092010,BOS,C,61,361,196,165,54.3,345,187,158,10,6,4,6,3,3,132,78,54,133,77,56,96,41,55
"Vladimir Sobotka",20102011,STL,C,65,419,216,203,51.5,334,183,151,23,11,12,62,22,40,120,63,57,138,68,70,161,85,76
"Vladimir Sobotka",20112012,STL,C,73,501,281,220,56.1,376,210,166,21,12,9,104,59,45,163,87,76,142,81,61,196,113,83
"Vladimir Sobotka",20122013,STL,C,48,506,286,220,56.5,403,231,172,36,23,13,67,32,35,162,95,67,145,78,67,199,113,86
"Vladimir Sobotka",20132014,STL,C,61,813,503,310,61.9,647,401,246,85,52,33,81,50,31,285,168,117,248,165,83,280,170,110
"Vladimir Sobotka",20162017,STL,C,1,12,6,6,50,5,3,2,7,3,4,0,0,0,11,5,6,0,0,0,1,1,0
"Vladimir Sobotka",20172018,STL,C,81,352,191,161,54.3,302,169,133,24,12,12,26,10,16,119,65,54,88,49,39,145,77,68
"Vladimir Sobotka",20182019,BUF,C,69,613,318,295,51.9,533,279,254,7,4,3,73,35,38,140,65,75,193,100,93,280,153,127
"Carl Soderberg",20122013,BOS,C,6,13,7,6,53.9,13,7,6,0,0,0,0,0,0,3,1,2,9,6,3,1,0,1
"Carl Soderberg",20132014,BOS,C,73,328,139,189,42.4,320,136,184,7,3,4,1,0,1,147,63,84,128,60,68,53,16,37
"Carl Soderberg",20142015,BOS,C,82,766,369,397,48.2,719,344,375,46,24,22,1,1,0,260,119,141,318,157,161,188,93,95
"Carl Soderberg",20152016,COL,C,82,719,339,380,47.1,571,267,304,72,46,26,76,26,50,187,93,94,246,128,118,286,118,168
"Carl Soderberg",20162017,COL,C,80,702,365,337,52,636,337,299,28,14,14,38,14,24,186,101,85,251,133,118,265,131,134
"Carl Soderberg",20172018,COL,C,77,939,425,514,45.3,719,336,383,57,26,31,163,63,100,137,58,79,292,144,148,510,223,287
"Carl Soderberg",20182019,COL,C,82,"1,070",528,542,49.3,768,388,380,82,45,37,220,95,125,233,122,111,336,176,160,501,230,271
"Brent Sopel",20092010,CHI,D,73,0,0,0,--,0,0,0,0,0,0,0,0,0,0,0,0,0,0,0,0,0,0
"Brent Sopel",20102011,"ATL,MTL",D,71,0,0,0,--,0,0,0,0,0,0,0,0,0,0,0,0,0,0,0,0,0,0
"Marcus Sorensen",20162017,SJS,L,19,4,3,1,75,2,2,0,2,1,1,0,0,0,1,0,1,3,3,0,0,0,0
"Marcus Sorensen",20172018,SJS,L,32,4,2,2,50,3,2,1,0,0,0,1,0,1,2,1,1,1,0,1,1,1,0
"Marcus Sorensen",20182019,SJS,L,80,31,12,19,38.7,26,12,14,1,0,1,4,0,4,17,6,11,7,5,2,7,1,6
"Nick Sorensen",20162017,ANA,R,5,1,1,0,100,1,1,0,0,0,0,0,0,0,0,0,0,1,1,0,0,0,0
"Nikita Soshnikov",20152016,TOR,R,11,1,0,1,0,1,0,1,0,0,0,0,0,0,0,0,0,0,0,0,1,0,1
"Nikita Soshnikov",20162017,TOR,R,56,17,2,15,11.8,11,2,9,0,0,0,6,0,6,7,1,6,8,0,8,2,1,1
"Nikita Soshnikov",20172018,"TOR,STL",R,15,1,0,1,0,1,0,1,0,0,0,0,0,0,0,0,0,1,0,1,0,0,0
"Nikita Soshnikov",20182019,STL,R,5,0,0,0,--,0,0,0,0,0,0,0,0,0,0,0,0,0,0,0,0,0,0
"Carson Soucy",20172018,MIN,D,3,0,0,0,--,0,0,0,0,0,0,0,0,0,0,0,0,0,0,0,0,0,0
"Sheldon Souray",20092010,EDM,D,37,0,0,0,--,0,0,0,0,0,0,0,0,0,0,0,0,0,0,0,0,0,0
"Sheldon Souray",20112012,DAL,D,64,0,0,0,--,0,0,0,0,0,0,0,0,0,0,0,0,0,0,0,0,0,0
"Sheldon Souray",20122013,ANA,D,44,1,1,0,100,0,0,0,1,1,0,0,0,0,1,1,0,0,0,0,0,0,0
"Jaroslav Spacek",20092010,MTL,D,74,0,0,0,--,0,0,0,0,0,0,0,0,0,0,0,0,0,0,0,0,0,0
"Jaroslav Spacek",20102011,MTL,D,59,0,0,0,--,0,0,0,0,0,0,0,0,0,0,0,0,0,0,0,0,0,0
"Jaroslav Spacek",20112012,"MTL,CAR",D,46,0,0,0,--,0,0,0,0,0,0,0,0,0,0,0,0,0,0,0,0,0,0
"Nick Spaling",20092010,NSH,C,28,95,39,56,41,88,39,49,0,0,0,7,0,7,26,9,17,42,18,24,26,11,15
"Nick Spaling",20102011,NSH,C,74,497,253,244,50.9,358,185,173,6,3,3,133,65,68,125,62,63,140,75,65,232,116,116
"Nick Spaling",20112012,NSH,C,77,894,448,446,50.1,759,378,381,16,5,11,119,65,54,257,116,141,298,142,156,339,190,149
"Nick Spaling",20122013,NSH,C,47,482,223,259,46.3,419,203,216,10,3,7,53,17,36,145,67,78,183,93,90,154,63,91
"Nick Spaling",20132014,NSH,C,71,167,88,79,52.7,120,68,52,4,1,3,43,19,24,51,29,22,55,26,29,61,33,28
"Nick Spaling",20142015,PIT,C,82,174,84,90,48.3,155,73,82,4,2,2,15,9,6,71,32,39,65,35,30,38,17,21
"Nick Spaling",20152016,"TOR,SJS",C,58,601,309,292,51.4,468,247,221,8,5,3,125,57,68,122,65,57,251,137,114,228,107,121
"Blake Speers",20162017,NJD,C,3,2,0,2,0,1,0,1,0,0,0,1,0,1,0,0,0,1,0,1,1,0,1
"Jason Spezza",20092010,OTT,C,60,"1,018",514,504,50.5,766,375,391,209,118,91,43,21,22,408,220,188,350,161,189,255,132,123
"Jason Spezza",20102011,OTT,C,62,"1,210",681,529,56.3,828,463,365,206,118,88,176,100,76,400,222,178,395,218,177,415,241,174
"Jason Spezza",20112012,OTT,C,80,"1,700",909,791,53.5,"1,326",711,615,295,159,136,79,39,40,725,386,339,570,314,256,405,209,196
"Jason Spezza",20122013,OTT,C,5,119,68,51,57.1,88,48,40,16,12,4,15,8,7,44,27,17,44,24,20,31,17,14
"Jason Spezza",20132014,OTT,C,75,"1,436",775,661,54,"1,115",597,518,236,133,103,85,45,40,623,334,289,406,213,193,407,228,179
"Jason Spezza",20142015,DAL,C,82,"1,262",682,580,54,"1,030",549,481,222,129,93,10,4,6,563,319,244,419,210,209,280,153,127
"Jason Spezza",20152016,DAL,C,75,981,538,443,54.8,783,419,364,182,111,71,16,8,8,452,256,196,289,165,124,240,117,123
"Jason Spezza",20162017,DAL,C,68,678,354,324,52.2,542,278,264,111,63,48,25,13,12,302,172,130,190,101,89,186,81,105
"Jason Spezza",20172018,DAL,C,78,747,417,330,55.8,667,374,293,74,40,34,6,3,3,307,172,135,236,132,104,204,113,91
"Jason Spezza",20182019,DAL,C,76,807,470,337,58.2,718,417,301,86,51,35,3,2,1,328,192,136,246,138,108,233,140,93
"Ryan Spooner",20122013,BOS,C,4,24,11,13,45.8,21,8,13,3,3,0,0,0,0,9,5,4,8,3,5,7,3,4
"Ryan Spooner",20132014,BOS,C,23,145,59,86,40.7,138,57,81,3,1,2,4,1,3,63,26,37,62,25,37,20,8,12
"Ryan Spooner",20142015,BOS,C,29,220,100,120,45.5,212,95,117,6,4,2,2,1,1,109,53,56,85,38,47,26,9,17
"Ryan Spooner",20152016,BOS,C,80,711,304,407,42.8,687,295,392,15,6,9,9,3,6,259,104,155,266,119,147,186,81,105
"Ryan Spooner",20162017,BOS,C,78,203,79,124,38.9,195,74,121,6,3,3,2,2,0,82,30,52,102,41,61,19,8,11
"Ryan Spooner",20172018,"BOS,NYR",C,59,210,91,119,43.3,194,85,109,16,6,10,0,0,0,112,53,59,62,25,37,36,13,23
"Ryan Spooner",20182019,"NYR,EDM,VAN",C,52,113,59,54,52.2,99,52,47,13,6,7,1,1,0,56,28,28,34,21,13,23,10,13
"Daniel Sprong",20152016,PIT,R,18,2,1,1,50,2,1,1,0,0,0,0,0,0,2,1,1,0,0,0,0,0,0
"Daniel Sprong",20172018,PIT,R,8,0,0,0,--,0,0,0,0,0,0,0,0,0,0,0,0,0,0,0,0,0,0
"Daniel Sprong",20182019,"PIT,ANA",R,63,14,4,10,28.6,13,4,9,1,0,1,0,0,0,11,2,9,0,0,0,3,2,1
"Ryan Sproul",20132014,DET,D,1,0,0,0,--,0,0,0,0,0,0,0,0,0,0,0,0,0,0,0,0,0,0
"Ryan Sproul",20162017,DET,D,27,0,0,0,--,0,0,0,0,0,0,0,0,0,0,0,0,0,0,0,0,0,0
"Ryan Sproul",20172018,NYR,D,16,0,0,0,--,0,0,0,0,0,0,0,0,0,0,0,0,0,0,0,0,0,0
"Jared Spurgeon",20102011,MIN,D,53,0,0,0,--,0,0,0,0,0,0,0,0,0,0,0,0,0,0,0,0,0,0
"Jared Spurgeon",20112012,MIN,D,70,0,0,0,--,0,0,0,0,0,0,0,0,0,0,0,0,0,0,0,0,0,0
"Jared Spurgeon",20122013,MIN,D,39,0,0,0,--,0,0,0,0,0,0,0,0,0,0,0,0,0,0,0,0,0,0
"Jared Spurgeon",20132014,MIN,D,67,0,0,0,--,0,0,0,0,0,0,0,0,0,0,0,0,0,0,0,0,0,0
"Jared Spurgeon",20142015,MIN,D,66,0,0,0,--,0,0,0,0,0,0,0,0,0,0,0,0,0,0,0,0,0,0
"Jared Spurgeon",20152016,MIN,D,77,0,0,0,--,0,0,0,0,0,0,0,0,0,0,0,0,0,0,0,0,0,0
"Jared Spurgeon",20162017,MIN,D,76,0,0,0,--,0,0,0,0,0,0,0,0,0,0,0,0,0,0,0,0,0,0
"Jared Spurgeon",20172018,MIN,D,61,1,0,1,0,1,0,1,0,0,0,0,0,0,0,0,0,1,0,1,0,0,0
"Jared Spurgeon",20182019,MIN,D,82,1,1,0,100,1,1,0,0,0,0,0,0,0,1,1,0,0,0,0,0,0,0
"Martin St Pierre",20092010,OTT,C,3,20,9,11,45,20,9,11,0,0,0,0,0,0,9,3,6,5,2,3,7,5,2
"Martin St Pierre",20132014,MTL,C,1,3,2,1,66.7,3,2,1,0,0,0,0,0,0,2,1,1,1,1,0,0,0,0
"Frédéric St-Denis",20112012,MTL,D,17,0,0,0,--,0,0,0,0,0,0,0,0,0,0,0,0,0,0,0,0,0,0
"Frédéric St-Denis",20142015,CBJ,D,4,0,0,0,--,0,0,0,0,0,0,0,0,0,0,0,0,0,0,0,0,0,0
"Martin St. Louis",20092010,TBL,R,82,157,71,86,45.2,130,64,66,15,4,11,12,3,9,72,30,42,63,30,33,22,11,11
"Martin St. Louis",20102011,TBL,R,82,131,50,81,38.2,120,47,73,6,2,4,5,1,4,55,22,33,33,9,24,43,19,24
"Martin St. Louis",20112012,TBL,R,77,41,18,23,43.9,36,16,20,2,0,2,3,2,1,21,10,11,13,5,8,7,3,4
"Martin St. Louis",20122013,TBL,R,48,28,12,16,42.9,25,10,15,2,1,1,1,1,0,18,7,11,5,4,1,5,1,4
"Martin St. Louis",20132014,"TBL,NYR",R,81,167,68,99,40.7,147,66,81,10,0,10,10,2,8,96,37,59,35,14,21,36,17,19
"Martin St. Louis",20142015,NYR,R,74,110,51,59,46.4,93,42,51,17,9,8,0,0,0,46,21,25,37,18,19,27,12,15
"Eric Staal",20092010,CAR,C,70,"1,162",486,676,41.8,903,376,527,217,95,122,42,15,27,431,183,248,425,179,246,307,124,183
"Eric Staal",20102011,CAR,C,81,"1,751",840,911,48,"1,271",602,669,347,173,174,133,65,68,673,317,356,557,278,279,521,245,276
"Eric Staal",20112012,CAR,C,82,"1,681",882,799,52.5,"1,275",671,604,277,152,125,129,59,70,652,338,314,530,292,238,499,252,247
"Eric Staal",20122013,CAR,C,48,"1,014",527,487,52,808,423,385,155,83,72,51,21,30,414,215,199,341,179,162,259,133,126
"Eric Staal",20132014,CAR,C,79,"1,430",754,676,52.7,"1,136",591,545,234,132,102,60,31,29,679,367,312,479,248,231,272,139,133
"Eric Staal",20142015,CAR,C,77,669,343,326,51.3,525,259,266,138,81,57,6,3,3,298,154,144,230,115,115,141,74,67
"Eric Staal",20152016,"CAR,NYR",C,83,842,446,396,53,722,381,341,100,57,43,20,8,12,320,183,137,290,145,145,232,118,114
"Eric Staal",20162017,MIN,C,82,"1,174",577,597,49.1,964,471,493,144,74,70,66,32,34,410,213,197,409,208,201,355,156,199
"Eric Staal",20172018,MIN,C,82,"1,115",571,544,51.2,946,486,460,119,63,56,50,22,28,372,189,183,399,206,193,344,176,168
"Eric Staal",20182019,MIN,C,81,"1,257",642,615,51.1,"1,047",531,516,195,105,90,15,6,9,507,275,232,432,221,211,318,146,172
"Jared Staal",20122013,CAR,R,2,0,0,0,--,0,0,0,0,0,0,0,0,0,0,0,0,0,0,0,0,0,0
"Jordan Staal",20092010,PIT,C,82,"1,324",639,685,48.3,963,468,495,95,53,42,266,118,148,334,154,180,511,252,259,478,232,246
"Jordan Staal",20102011,PIT,C,42,801,376,425,46.9,591,285,306,111,55,56,99,36,63,239,110,129,310,153,157,252,113,139
"Jordan Staal",20112012,PIT,C,62,"1,158",591,567,51,848,445,403,101,52,49,209,94,115,286,154,132,430,208,222,442,229,213
"Jordan Staal",20122013,CAR,C,48,914,458,456,50.1,675,337,338,95,56,39,144,65,79,288,155,133,262,132,130,364,171,193
"Jordan Staal",20132014,CAR,C,82,"1,477",803,674,54.4,"1,188",654,534,167,96,71,122,53,69,513,290,223,497,269,228,467,244,223
"Jordan Staal",20142015,CAR,C,46,885,499,386,56.4,792,448,344,83,48,35,10,3,7,334,190,144,300,171,129,251,138,113
"Jordan Staal",20152016,CAR,C,82,"1,395",806,589,57.8,"1,106",627,479,124,83,41,165,96,69,375,229,146,507,291,216,513,286,227
"Jordan Staal",20162017,CAR,C,75,"1,166",689,477,59.1,904,532,372,111,78,33,151,79,72,356,221,135,418,237,181,392,231,161
"Jordan Staal",20172018,CAR,C,79,"1,338",757,581,56.6,"1,049",591,458,131,86,45,158,80,78,425,248,177,444,255,189,469,254,215
"Jordan Staal",20182019,CAR,C,50,"1,023",571,452,55.8,792,446,346,97,63,34,134,62,72,331,194,137,308,178,130,384,199,185
"Marc Staal",20092010,NYR,D,82,0,0,0,--,0,0,0,0,0,0,0,0,0,0,0,0,0,0,0,0,0,0
"Marc Staal",20102011,NYR,D,77,0,0,0,--,0,0,0,0,0,0,0,0,0,0,0,0,0,0,0,0,0,0
"Marc Staal",20112012,NYR,D,46,0,0,0,--,0,0,0,0,0,0,0,0,0,0,0,0,0,0,0,0,0,0
"Marc Staal",20122013,NYR,D,21,0,0,0,--,0,0,0,0,0,0,0,0,0,0,0,0,0,0,0,0,0,0
"Marc Staal",20132014,NYR,D,72,1,1,0,100,1,1,0,0,0,0,0,0,0,0,0,0,1,1,0,0,0,0
"Marc Staal",20142015,NYR,D,80,2,1,1,50,0,0,0,0,0,0,2,1,1,0,0,0,1,1,0,1,0,1
"Marc Staal",20152016,NYR,D,77,4,1,3,25,1,0,1,0,0,0,3,1,2,0,0,0,2,0,2,2,1,1
"Marc Staal",20162017,NYR,D,72,1,0,1,0,1,0,1,0,0,0,0,0,0,0,0,0,1,0,1,0,0,0
"Marc Staal",20172018,NYR,D,72,0,0,0,--,0,0,0,0,0,0,0,0,0,0,0,0,0,0,0,0,0,0
"Marc Staal",20182019,NYR,D,79,0,0,0,--,0,0,0,0,0,0,0,0,0,0,0,0,0,0,0,0,0,0
"Drew Stafford",20092010,BUF,R,71,86,41,45,47.7,58,29,29,28,12,16,0,0,0,38,17,21,24,13,11,24,11,13
"Drew Stafford",20102011,BUF,R,62,56,17,39,30.4,28,8,20,25,9,16,3,0,3,31,7,24,10,5,5,15,5,10
"Drew Stafford",20112012,BUF,R,80,86,45,41,52.3,59,31,28,22,13,9,5,1,4,46,21,25,20,12,8,20,12,8
"Drew Stafford",20122013,BUF,R,46,84,37,47,44,59,29,30,19,7,12,6,1,5,39,17,22,18,7,11,27,13,14
"Drew Stafford",20132014,BUF,R,70,197,106,91,53.8,157,88,69,20,10,10,20,8,12,95,57,38,18,11,7,84,38,46
"Drew Stafford",20142015,"BUF,WPG",R,76,174,86,88,49.4,102,56,46,56,26,30,16,4,12,85,42,43,24,11,13,65,33,32
"Drew Stafford",20152016,WPG,R,78,101,51,50,50.5,68,35,33,7,3,4,26,13,13,57,30,27,41,20,21,3,1,2
"Drew Stafford",20162017,"WPG,BOS",R,58,22,7,15,31.8,21,7,14,0,0,0,1,0,1,14,4,10,4,1,3,4,2,2
"Drew Stafford",20172018,NJD,R,59,81,41,40,50.6,55,23,32,26,18,8,0,0,0,53,31,22,17,6,11,11,4,7
"Drew Stafford",20182019,NJD,R,57,39,16,23,41,29,12,17,10,4,6,0,0,0,27,12,15,5,1,4,7,3,4
"Garrett Stafford",20102011,PHX,D,2,0,0,0,--,0,0,0,0,0,0,0,0,0,0,0,0,0,0,0,0,0,0
"Steve Staios",20092010,"EDM,CGY",D,58,0,0,0,--,0,0,0,0,0,0,0,0,0,0,0,0,0,0,0,0,0,0
"Steve Staios",20102011,CGY,D,39,1,1,0,100,1,1,0,0,0,0,0,0,0,0,0,0,1,1,0,0,0,0
"Steve Staios",20112012,NYI,D,65,1,1,0,100,0,0,0,0,0,0,1,1,0,0,0,0,0,0,0,1,1,0
"Matt Stajan",20092010,"TOR,CGY",C,82,"1,334",690,644,51.7,"1,016",522,494,215,114,101,103,54,49,455,245,210,499,252,247,372,190,182
"Matt Stajan",20102011,CGY,C,76,845,436,409,51.6,738,384,354,59,27,32,48,25,23,270,140,130,313,170,143,262,126,136
"Matt Stajan",20112012,CGY,C,61,639,331,308,51.8,513,270,243,29,13,16,97,48,49,160,85,75,213,112,101,266,134,132
"Matt Stajan",20122013,CGY,C,43,770,356,414,46.2,629,293,336,14,8,6,127,55,72,174,68,106,259,128,131,337,160,177
"Matt Stajan",20132014,CGY,C,63,"1,096",527,569,48.1,904,448,456,21,5,16,171,74,97,233,129,104,360,167,193,503,231,272
"Matt Stajan",20142015,CGY,C,59,602,303,299,50.3,504,258,246,6,2,4,92,43,49,102,39,63,209,99,110,291,165,126
"Matt Stajan",20152016,CGY,C,80,788,373,415,47.3,677,324,353,8,3,5,103,46,57,128,66,62,302,158,144,358,149,209
"Matt Stajan",20162017,CGY,C,81,768,385,383,50.1,632,321,311,15,6,9,121,58,63,143,68,75,267,147,120,358,170,188
"Matt Stajan",20172018,CGY,C,68,482,248,234,51.5,398,209,189,5,3,2,79,36,43,79,38,41,170,91,79,233,119,114
"Viktor Stalberg",20092010,TOR,L,40,9,3,6,33.3,5,2,3,2,1,1,2,0,2,5,1,4,3,2,1,1,0,1
"Viktor Stalberg",20102011,CHI,L,77,9,5,4,55.5,8,4,4,1,1,0,0,0,0,4,3,1,2,1,1,3,1,2
"Viktor Stalberg",20112012,CHI,L,79,11,5,6,45.5,11,5,6,0,0,0,0,0,0,4,2,2,2,1,1,5,2,3
"Viktor Stalberg",20122013,CHI,L,47,1,0,1,0,1,0,1,0,0,0,0,0,0,0,0,0,0,0,0,1,0,1
"Viktor Stalberg",20132014,NSH,L,70,3,1,2,33.3,3,1,2,0,0,0,0,0,0,1,0,1,2,1,1,0,0,0
"Viktor Stalberg",20142015,NSH,L,25,1,1,0,100,1,1,0,0,0,0,0,0,0,0,0,0,1,1,0,0,0,0
"Viktor Stalberg",20152016,NYR,L,75,6,2,4,33.3,3,0,3,0,0,0,3,2,1,4,1,3,1,0,1,1,1,0
"Viktor Stalberg",20162017,"CAR,OTT",L,75,3,0,3,0,0,0,0,0,0,0,3,0,3,1,0,1,1,0,1,1,0,1
"Steven Stamkos",20092010,TBL,C,82,"1,004",481,523,47.9,795,379,416,156,81,75,53,21,32,339,171,168,426,191,235,225,112,113
"Steven Stamkos",20102011,TBL,C,82,927,431,496,46.5,776,356,420,128,63,65,23,12,11,287,113,174,369,185,184,271,133,138
"Steven Stamkos",20112012,TBL,C,82,"1,227",558,669,45.5,"1,075",487,588,119,55,64,33,16,17,441,202,239,479,206,273,307,150,157
"Steven Stamkos",20122013,TBL,C,48,819,406,413,49.6,670,323,347,110,64,46,39,19,20,299,136,163,299,145,154,221,125,96
"Steven Stamkos",20132014,TBL,C,37,529,260,269,49.1,436,212,224,69,38,31,24,10,14,195,107,88,198,87,111,136,66,70
"Steven Stamkos",20142015,TBL,C,82,943,469,474,49.7,842,409,433,80,44,36,21,16,5,365,186,179,343,155,188,235,128,107
"Steven Stamkos",20152016,TBL,C,77,927,463,464,50,787,394,393,62,34,28,78,35,43,351,192,159,257,114,143,319,157,162
"Steven Stamkos",20162017,TBL,C,17,198,106,92,53.5,181,99,82,4,2,2,13,5,8,64,36,28,72,37,35,62,33,29
"Steven Stamkos",20172018,TBL,C,78,892,466,426,52.2,728,375,353,122,66,56,42,25,17,343,174,169,330,166,164,219,126,93
"Steven Stamkos",20182019,TBL,C,82,953,506,447,53.1,751,396,355,69,36,33,133,74,59,343,186,157,240,120,120,370,200,170
"Ryan Stanton",20122013,CHI,D,1,0,0,0,--,0,0,0,0,0,0,0,0,0,0,0,0,0,0,0,0,0,0
"Ryan Stanton",20132014,VAN,D,64,1,1,0,100,1,1,0,0,0,0,0,0,0,0,0,0,0,0,0,1,1,0
"Ryan Stanton",20142015,VAN,D,54,0,0,0,--,0,0,0,0,0,0,0,0,0,0,0,0,0,0,0,0,0,0
"Ryan Stanton",20152016,WSH,D,1,0,0,0,--,0,0,0,0,0,0,0,0,0,0,0,0,0,0,0,0,0,0
"Tim Stapleton",20092010,ATL,C,6,36,22,14,61.1,35,21,14,1,1,0,0,0,0,9,5,4,15,9,6,12,8,4
"Tim Stapleton",20102011,ATL,C,45,225,109,116,48.4,214,101,113,8,6,2,3,2,1,83,44,39,99,50,49,43,15,28
"Tim Stapleton",20112012,WPG,C,63,216,97,119,44.9,210,94,116,3,2,1,3,1,2,89,44,45,80,38,42,47,15,32
"Paul Stastny",20092010,COL,C,81,"1,703",851,852,50,"1,215",596,619,339,195,144,149,60,89,613,323,290,541,261,280,546,269,277
"Paul Stastny",20102011,COL,C,74,"1,524",810,714,53.1,"1,166",610,556,232,142,90,126,58,68,568,321,247,475,236,239,481,253,228
"Paul Stastny",20112012,COL,C,79,"1,424",789,635,55.4,"1,180",648,532,188,111,77,56,30,26,527,297,230,479,273,206,418,219,199
"Paul Stastny",20122013,COL,C,40,781,409,372,52.4,599,305,294,95,58,37,87,46,41,239,126,113,251,123,128,291,160,131
"Paul Stastny",20132014,COL,C,71,"1,210",655,555,54.1,"1,020",539,481,147,89,58,43,27,16,410,209,201,407,229,178,393,217,176
"Paul Stastny",20142015,STL,C,74,"1,158",671,487,57.9,972,561,411,120,72,48,66,38,28,413,227,186,362,215,147,383,229,154
"Paul Stastny",20152016,STL,C,64,"1,220",684,536,56.1,"1,001",565,436,110,65,45,109,54,55,449,263,186,341,187,154,430,234,196
"Paul Stastny",20162017,STL,C,66,"1,410",786,624,55.7,"1,046",578,468,183,110,73,181,98,83,471,251,220,410,250,160,529,285,244
"Paul Stastny",20172018,"STL,WPG",C,82,"1,515",832,683,54.9,"1,187",651,536,200,116,84,128,65,63,587,304,283,436,268,168,492,260,232
"Paul Stastny",20182019,VGK,C,50,847,463,384,54.7,687,365,322,96,57,39,64,41,23,330,188,142,252,135,117,265,140,125
"Yan Stastny",20092010,STL,C,4,15,9,6,60,14,8,6,1,1,0,0,0,0,2,2,0,4,1,3,9,6,3
"Brad Staubitz",20092010,SJS,R,47,4,0,4,0,4,0,4,0,0,0,0,0,0,1,0,1,2,0,2,1,0,1
"Brad Staubitz",20102011,MIN,R,71,4,0,4,0,4,0,4,0,0,0,0,0,0,1,0,1,2,0,2,1,0,1
"Brad Staubitz",20112012,"MIN,MTL",R,62,6,3,3,50,6,3,3,0,0,0,0,0,0,0,0,0,5,2,3,1,1,0
"Brad Staubitz",20122013,ANA,R,15,0,0,0,--,0,0,0,0,0,0,0,0,0,0,0,0,0,0,0,0,0,0
"Troy Stecher",20162017,VAN,D,71,0,0,0,--,0,0,0,0,0,0,0,0,0,0,0,0,0,0,0,0,0,0
"Troy Stecher",20172018,VAN,D,68,1,0,1,0,1,0,1,0,0,0,0,0,0,0,0,0,1,0,1,0,0,0
"Troy Stecher",20182019,VAN,D,78,0,0,0,--,0,0,0,0,0,0,0,0,0,0,0,0,0,0,0,0,0,0
"David Steckel",20092010,WSH,C,79,"1,076",637,439,59.2,722,442,280,18,9,9,336,186,150,179,99,80,308,186,122,586,353,233
"David Steckel",20102011,"WSH,NJD",C,75,820,511,309,62.3,627,388,239,20,14,6,173,109,64,164,101,63,242,145,97,414,265,149
"David Steckel",20112012,TOR,C,76,"1,108",643,465,58,796,458,338,25,16,9,287,169,118,217,127,90,325,180,145,566,336,230
"David Steckel",20122013,"TOR,ANA",C,34,321,175,146,54.5,267,142,125,3,1,2,51,32,19,77,37,40,91,52,39,153,86,67
"David Steckel",20132014,ANA,C,6,68,44,24,64.7,57,37,20,1,1,0,10,6,4,26,14,12,20,15,5,22,15,7
"Sam Steel",20182019,ANA,C,22,220,108,112,49.1,206,103,103,7,4,3,7,1,6,75,34,41,78,41,37,67,33,34
"Alexander Steen",20092010,STL,L,68,73,30,43,41.1,55,20,35,4,3,1,14,7,7,23,10,13,27,17,10,23,3,20
"Alexander Steen",20102011,STL,L,72,106,41,65,38.7,87,37,50,1,1,0,18,3,15,43,15,28,24,14,10,39,12,27
"Alexander Steen",20112012,STL,L,43,95,53,42,55.8,72,41,31,3,2,1,20,10,10,31,18,13,18,11,7,46,24,22
"Alexander Steen",20122013,STL,L,40,204,94,110,46.1,177,85,92,10,3,7,17,6,11,78,34,44,71,35,36,55,25,30
"Alexander Steen",20132014,STL,L,68,541,265,276,49,405,205,200,36,15,21,100,45,55,178,87,91,130,63,67,233,115,118
"Alexander Steen",20142015,STL,L,74,433,218,215,50.4,320,153,167,5,4,1,108,61,47,126,59,67,106,50,56,201,109,92
"Alexander Steen",20152016,STL,L,67,357,159,198,44.5,255,122,133,6,2,4,96,35,61,82,39,43,104,48,56,171,72,99
"Alexander Steen",20162017,STL,L,76,247,101,146,40.9,201,83,118,7,3,4,39,15,24,86,30,56,86,39,47,75,32,43
"Alexander Steen",20172018,STL,L,76,59,24,35,40.7,38,17,21,9,4,5,12,3,9,30,14,16,11,3,8,18,7,11
"Alexander Steen",20182019,STL,L,65,29,11,18,37.9,22,10,12,2,0,2,5,1,4,9,3,6,9,5,4,11,3,8
"Lee Stempniak",20092010,"TOR,PHX",R,80,39,17,22,43.6,26,11,15,5,3,2,8,3,5,15,6,9,14,7,7,11,5,6
"Lee Stempniak",20102011,PHX,R,82,45,18,27,40,35,15,20,9,2,7,1,1,0,16,5,11,10,4,6,19,9,10
"Lee Stempniak",20112012,CGY,R,61,26,7,19,26.9,20,6,14,1,0,1,5,1,4,10,5,5,7,1,6,9,1,8
"Lee Stempniak",20122013,CGY,R,47,23,3,20,13,15,1,14,4,1,3,4,1,3,12,1,11,4,1,3,7,1,6
"Lee Stempniak",20132014,"CGY,PIT",R,73,33,10,23,30.3,19,7,12,5,2,3,9,1,8,13,6,7,9,3,6,11,1,10
"Lee Stempniak",20142015,"NYR,WPG",R,71,32,12,20,37.5,25,11,14,5,0,5,2,1,1,13,4,9,13,5,8,6,3,3
"Lee Stempniak",20152016,"NJD,BOS",R,82,13,2,11,15.4,10,1,9,1,1,0,2,0,2,4,0,4,6,2,4,3,0,3
"Lee Stempniak",20162017,CAR,R,82,8,3,5,37.5,8,3,5,0,0,0,0,0,0,5,3,2,2,0,2,1,0,1
"Lee Stempniak",20172018,CAR,R,37,14,3,11,21.4,14,3,11,0,0,0,0,0,0,2,1,1,7,1,6,5,1,4
"Lee Stempniak",20182019,BOS,R,2,0,0,0,--,0,0,0,0,0,0,0,0,0,0,0,0,0,0,0,0,0,0
"Kevin Stenlund",20182019,CBJ,C,4,6,3,3,50,6,3,3,0,0,0,0,0,0,5,2,3,1,1,0,0,0,0
"Derek Stepan",20102011,NYR,C,82,719,277,442,38.5,635,243,392,63,29,34,21,5,16,291,119,172,313,119,194,115,39,76
"Derek Stepan",20112012,NYR,C,82,867,386,481,44.5,701,311,390,115,59,56,51,16,35,320,137,183,376,169,207,171,80,91
"Derek Stepan",20122013,NYR,C,48,977,448,529,45.9,763,362,401,104,41,63,110,45,65,361,164,197,329,152,177,287,132,155
"Derek Stepan",20132014,NYR,C,82,"1,512",683,829,45.2,"1,168",518,650,242,122,120,102,43,59,574,258,316,477,202,275,461,223,238
"Derek Stepan",20142015,NYR,C,68,"1,232",543,689,44.1,962,418,544,153,76,77,117,49,68,443,195,248,371,150,221,418,198,220
"Derek Stepan",20152016,NYR,C,72,"1,103",515,588,46.7,898,419,479,107,49,58,98,47,51,363,176,187,377,166,211,363,173,190
"Derek Stepan",20162017,NYR,C,81,"1,522",716,806,47,"1,189",574,615,174,82,92,159,60,99,568,263,305,459,209,250,495,244,251
"Derek Stepan",20172018,ARI,C,82,"1,550",740,810,47.7,"1,255",594,661,199,101,98,96,45,51,585,287,298,472,208,264,493,245,248
"Derek Stepan",20182019,ARI,C,72,"1,376",651,725,47.3,"1,018",476,542,202,98,104,156,77,79,476,222,254,397,184,213,503,245,258
"Chandler Stephenson",20152016,WSH,C,9,55,30,25,54.5,55,30,25,0,0,0,0,0,0,25,15,10,16,7,9,14,8,6
"Chandler Stephenson",20162017,WSH,C,4,25,12,13,48,24,12,12,0,0,0,1,0,1,7,3,4,5,2,3,13,7,6
"Chandler Stephenson",20172018,WSH,C,67,73,40,33,54.8,60,35,25,0,0,0,13,5,8,29,17,12,16,9,7,28,14,14
"Chandler Stephenson",20182019,WSH,C,64,95,47,48,49.5,73,39,34,1,0,1,21,8,13,34,15,19,25,11,14,36,21,15
"Brett Sterling",20102011,PIT,L,7,3,2,1,66.7,2,1,1,1,1,0,0,0,0,1,1,0,0,0,0,2,1,1
"Brett Sterling",20112012,STL,L,4,4,3,1,75,2,1,1,2,2,0,0,0,0,4,3,1,0,0,0,0,0,0
"Anthony Stewart",20102011,ATL,R,80,18,7,11,38.9,14,5,9,2,1,1,2,1,1,7,3,4,4,2,2,7,2,5
"Anthony Stewart",20112012,CAR,R,77,17,3,14,17.6,15,3,12,2,0,2,0,0,0,6,1,5,7,1,6,4,1,3
"Chris Stewart",20092010,COL,R,77,8,3,5,37.5,6,3,3,2,0,2,0,0,0,7,3,4,1,0,1,0,0,0
"Chris Stewart",20102011,"COL,STL",R,62,32,13,19,40.6,22,11,11,9,2,7,1,0,1,17,7,10,7,2,5,8,4,4
"Chris Stewart",20112012,STL,R,79,13,3,10,23.1,13,3,10,0,0,0,0,0,0,5,1,4,3,1,2,5,1,4
"Chris Stewart",20122013,STL,R,48,27,8,19,29.6,23,8,15,4,0,4,0,0,0,21,5,16,4,3,1,2,0,2
"Chris Stewart",20132014,"STL,BUF",R,63,35,12,23,34.3,29,12,17,6,0,6,0,0,0,20,8,12,9,3,6,6,1,5
"Chris Stewart",20142015,"BUF,MIN",R,81,41,10,31,24.4,34,10,24,7,0,7,0,0,0,27,6,21,4,2,2,10,2,8
"Chris Stewart",20152016,ANA,R,56,9,3,6,33.3,8,2,6,1,1,0,0,0,0,6,1,5,2,1,1,1,1,0
"Chris Stewart",20162017,MIN,R,79,11,2,9,18.2,11,2,9,0,0,0,0,0,0,10,2,8,1,0,1,0,0,0
"Chris Stewart",20172018,"MIN,CGY",R,54,10,3,7,30,9,3,6,1,0,1,0,0,0,6,3,3,3,0,3,1,0,1
"Gregory Stewart",20092010,MTL,L,5,1,0,1,0,1,0,1,0,0,0,0,0,0,0,0,0,0,0,0,1,0,1
"Cory Stillman",20092010,FLA,L,58,29,18,11,62.1,24,15,9,4,3,1,1,0,1,14,10,4,5,2,3,10,6,4
"Cory Stillman",20102011,"FLA,CAR",L,65,37,17,20,46,21,9,12,14,7,7,2,1,1,17,9,8,9,3,6,11,5,6
"Riley Stillman",20182019,FLA,D,1,0,0,0,--,0,0,0,0,0,0,0,0,0,0,0,0,0,0,0,0,0,0
"Ryan Stoa",20092010,COL,C,12,0,0,0,--,0,0,0,0,0,0,0,0,0,0,0,0,0,0,0,0,0,0
"Ryan Stoa",20102011,COL,C,25,5,2,3,40,2,0,2,3,2,1,0,0,0,4,2,2,1,0,1,0,0,0
"Ryan Stoa",20132014,WSH,C,3,9,0,9,0,9,0,9,0,0,0,0,0,0,0,0,0,5,0,5,4,0,4
"Jarret Stoll",20092010,LAK,C,73,"1,105",619,486,56,823,457,366,109,67,42,173,95,78,377,218,159,329,176,153,400,225,175
"Jarret Stoll",20102011,LAK,C,82,"1,310",753,557,57.5,"1,016",577,439,123,78,45,171,98,73,430,248,182,367,205,162,513,300,213
"Jarret Stoll",20112012,LAK,C,78,"1,204",662,542,55,880,487,393,128,71,57,196,104,92,399,201,198,335,200,135,470,261,209
"Jarret Stoll",20122013,LAK,C,48,746,418,328,56,546,320,226,63,35,28,137,63,74,206,114,92,233,137,96,307,167,140
"Jarret Stoll",20132014,LAK,C,78,"1,239",678,561,54.7,923,523,400,85,46,39,231,109,122,380,200,180,373,214,159,486,264,222
"Jarret Stoll",20142015,LAK,C,73,"1,161",592,569,51,960,494,466,62,33,29,139,65,74,380,176,204,369,198,171,412,218,194
"Jarret Stoll",20152016,"NYR,MIN",C,80,843,481,362,57.1,672,387,285,7,4,3,164,90,74,115,67,48,226,123,103,502,291,211
"Karl Stollery",20132014,COL,D,2,0,0,0,--,0,0,0,0,0,0,0,0,0,0,0,0,0,0,0,0,0,0
"Karl Stollery",20142015,"COL,SJS",D,10,0,0,0,--,0,0,0,0,0,0,0,0,0,0,0,0,0,0,0,0,0,0
"Karl Stollery",20162017,NJD,D,11,0,0,0,--,0,0,0,0,0,0,0,0,0,0,0,0,0,0,0,0,0,0
"Mark Stone",20122013,OTT,R,4,1,1,0,100,1,1,0,0,0,0,0,0,0,0,0,0,0,0,0,1,1,0
"Mark Stone",20132014,OTT,R,19,1,1,0,100,1,1,0,0,0,0,0,0,0,0,0,0,0,0,0,1,1,0
"Mark Stone",20142015,OTT,R,80,18,7,11,38.9,11,4,7,3,2,1,4,1,3,8,4,4,5,1,4,5,2,3
"Mark Stone",20152016,OTT,R,75,19,8,11,42.1,12,7,5,7,1,6,0,0,0,15,6,9,3,1,2,1,1,0
"Mark Stone",20162017,OTT,R,71,25,10,15,40,12,6,6,13,4,9,0,0,0,21,8,13,3,1,2,1,1,0
"Mark Stone",20172018,OTT,R,58,61,33,28,54.1,45,25,20,12,5,7,4,3,1,37,15,22,18,12,6,6,6,0
"Mark Stone",20182019,"OTT,VGK",R,77,62,28,34,45.2,49,22,27,11,6,5,2,0,2,28,12,16,18,12,6,16,4,12
"Michael Stone",20112012,PHX,D,13,0,0,0,--,0,0,0,0,0,0,0,0,0,0,0,0,0,0,0,0,0,0
"Michael Stone",20122013,PHX,D,40,0,0,0,--,0,0,0,0,0,0,0,0,0,0,0,0,0,0,0,0,0,0
"Michael Stone",20132014,PHX,D,70,0,0,0,--,0,0,0,0,0,0,0,0,0,0,0,0,0,0,0,0,0,0
"Michael Stone",20142015,ARI,D,81,1,1,0,100,1,1,0,0,0,0,0,0,0,0,0,0,1,1,0,0,0,0
"Michael Stone",20152016,ARI,D,75,2,0,2,0,1,0,1,0,0,0,1,0,1,1,0,1,0,0,0,1,0,1
"Michael Stone",20162017,"ARI,CGY",D,64,1,1,0,100,1,1,0,0,0,0,0,0,0,0,0,0,1,1,0,0,0,0
"Michael Stone",20172018,CGY,D,82,0,0,0,--,0,0,0,0,0,0,0,0,0,0,0,0,0,0,0,0,0,0
"Michael Stone",20182019,CGY,D,14,0,0,0,--,0,0,0,0,0,0,0,0,0,0,0,0,0,0,0,0,0,0
"Ryan Stone",20092010,EDM,C,27,21,7,14,33.3,20,7,13,1,0,1,0,0,0,3,1,2,8,3,5,10,3,7
"Clayton Stoner",20092010,MIN,D,8,0,0,0,--,0,0,0,0,0,0,0,0,0,0,0,0,0,0,0,0,0,0
"Clayton Stoner",20102011,MIN,D,57,0,0,0,--,0,0,0,0,0,0,0,0,0,0,0,0,0,0,0,0,0,0
"Clayton Stoner",20112012,MIN,D,51,0,0,0,--,0,0,0,0,0,0,0,0,0,0,0,0,0,0,0,0,0,0
"Clayton Stoner",20122013,MIN,D,48,0,0,0,--,0,0,0,0,0,0,0,0,0,0,0,0,0,0,0,0,0,0
"Clayton Stoner",20132014,MIN,D,63,0,0,0,--,0,0,0,0,0,0,0,0,0,0,0,0,0,0,0,0,0,0
"Clayton Stoner",20142015,ANA,D,69,0,0,0,--,0,0,0,0,0,0,0,0,0,0,0,0,0,0,0,0,0,0
"Clayton Stoner",20152016,ANA,D,50,0,0,0,--,0,0,0,0,0,0,0,0,0,0,0,0,0,0,0,0,0,0
"Clayton Stoner",20162017,ANA,D,14,0,0,0,--,0,0,0,0,0,0,0,0,0,0,0,0,0,0,0,0,0,0
"Zack Stortini",20092010,EDM,R,77,183,87,96,47.5,179,86,93,2,1,1,2,0,2,61,25,36,46,24,22,75,38,37
"Zack Stortini",20102011,EDM,R,32,33,14,19,42.4,33,14,19,0,0,0,0,0,0,19,10,9,7,2,5,7,2,5
"Zack Stortini",20112012,NSH,R,1,0,0,0,--,0,0,0,0,0,0,0,0,0,0,0,0,0,0,0,0,0,0
"Tyson Strachan",20092010,STL,D,8,0,0,0,--,0,0,0,0,0,0,0,0,0,0,0,0,0,0,0,0,0,0
"Tyson Strachan",20102011,STL,D,29,0,0,0,--,0,0,0,0,0,0,0,0,0,0,0,0,0,0,0,0,0,0
"Tyson Strachan",20112012,FLA,D,15,0,0,0,--,0,0,0,0,0,0,0,0,0,0,0,0,0,0,0,0,0,0
"Tyson Strachan",20122013,FLA,D,38,0,0,0,--,0,0,0,0,0,0,0,0,0,0,0,0,0,0,0,0,0,0
"Tyson Strachan",20132014,WSH,D,18,0,0,0,--,0,0,0,0,0,0,0,0,0,0,0,0,0,0,0,0,0,0
"Tyson Strachan",20142015,BUF,D,46,0,0,0,--,0,0,0,0,0,0,0,0,0,0,0,0,0,0,0,0,0,0
"Tyson Strachan",20152016,MIN,D,2,0,0,0,--,0,0,0,0,0,0,0,0,0,0,0,0,0,0,0,0,0,0
"Brian Strait",20102011,PIT,D,3,0,0,0,--,0,0,0,0,0,0,0,0,0,0,0,0,0,0,0,0,0,0
"Brian Strait",20112012,PIT,D,9,0,0,0,--,0,0,0,0,0,0,0,0,0,0,0,0,0,0,0,0,0,0
"Brian Strait",20122013,NYI,D,19,0,0,0,--,0,0,0,0,0,0,0,0,0,0,0,0,0,0,0,0,0,0
"Brian Strait",20132014,NYI,D,47,0,0,0,--,0,0,0,0,0,0,0,0,0,0,0,0,0,0,0,0,0,0
"Brian Strait",20142015,NYI,D,52,1,0,1,0,1,0,1,0,0,0,0,0,0,0,0,0,0,0,0,1,0,1
"Brian Strait",20152016,NYI,D,52,0,0,0,--,0,0,0,0,0,0,0,0,0,0,0,0,0,0,0,0,0,0
"Brian Strait",20162017,WPG,D,5,0,0,0,--,0,0,0,0,0,0,0,0,0,0,0,0,0,0,0,0,0,0
"Petr Straka",20142015,PHI,R,3,0,0,0,--,0,0,0,0,0,0,0,0,0,0,0,0,0,0,0,0,0,0
"Anton Stralman",20092010,CBJ,D,73,0,0,0,--,0,0,0,0,0,0,0,0,0,0,0,0,0,0,0,0,0,0
"Anton Stralman",20102011,CBJ,D,51,0,0,0,--,0,0,0,0,0,0,0,0,0,0,0,0,0,0,0,0,0,0
"Anton Stralman",20112012,NYR,D,53,0,0,0,--,0,0,0,0,0,0,0,0,0,0,0,0,0,0,0,0,0,0
"Anton Stralman",20122013,NYR,D,48,1,0,1,0,1,0,1,0,0,0,0,0,0,1,0,1,0,0,0,0,0,0
"Anton Stralman",20132014,NYR,D,81,0,0,0,--,0,0,0,0,0,0,0,0,0,0,0,0,0,0,0,0,0,0
"Anton Stralman",20142015,TBL,D,82,0,0,0,--,0,0,0,0,0,0,0,0,0,0,0,0,0,0,0,0,0,0
"Anton Stralman",20152016,TBL,D,73,0,0,0,--,0,0,0,0,0,0,0,0,0,0,0,0,0,0,0,0,0,0
"Anton Stralman",20162017,TBL,D,73,0,0,0,--,0,0,0,0,0,0,0,0,0,0,0,0,0,0,0,0,0,0
"Anton Stralman",20172018,TBL,D,80,0,0,0,--,0,0,0,0,0,0,0,0,0,0,0,0,0,0,0,0,0,0
"Anton Stralman",20182019,TBL,D,47,0,0,0,--,0,0,0,0,0,0,0,0,0,0,0,0,0,0,0,0,0,0
"Ben Street",20122013,CGY,C,6,51,24,27,47.1,49,24,25,1,0,1,1,0,1,16,6,10,15,7,8,20,11,9
"Ben Street",20132014,CGY,C,13,137,63,74,46,112,55,57,3,3,0,22,5,17,41,24,17,51,18,33,45,21,24
"Ben Street",20142015,COL,C,3,32,17,15,53.1,32,17,15,0,0,0,0,0,0,13,9,4,12,7,5,7,1,6
"Ben Street",20152016,COL,C,7,47,26,21,55.3,47,26,21,0,0,0,0,0,0,7,4,3,22,12,10,18,10,8
"Ben Street",20162017,DET,C,6,0,0,0,--,0,0,0,0,0,0,0,0,0,0,0,0,0,0,0,0,0,0
"Ben Street",20182019,ANA,C,21,43,16,27,37.2,31,10,21,0,0,0,12,6,6,14,3,11,19,10,9,10,3,7
"Mark Streit",20092010,NYI,D,82,1,0,1,0,0,0,0,0,0,0,1,0,1,0,0,0,0,0,0,1,0,1
"Mark Streit",20112012,NYI,D,82,1,0,1,0,1,0,1,0,0,0,0,0,0,0,0,0,1,0,1,0,0,0
"Mark Streit",20122013,NYI,D,48,0,0,0,--,0,0,0,0,0,0,0,0,0,0,0,0,0,0,0,0,0,0
"Mark Streit",20132014,PHI,D,82,0,0,0,--,0,0,0,0,0,0,0,0,0,0,0,0,0,0,0,0,0,0
"Mark Streit",20142015,PHI,D,81,0,0,0,--,0,0,0,0,0,0,0,0,0,0,0,0,0,0,0,0,0,0
"Mark Streit",20152016,PHI,D,62,0,0,0,--,0,0,0,0,0,0,0,0,0,0,0,0,0,0,0,0,0,0
"Mark Streit",20162017,"PHI,PIT",D,68,0,0,0,--,0,0,0,0,0,0,0,0,0,0,0,0,0,0,0,0,0,0
"Mark Streit",20172018,MTL,D,2,0,0,0,--,0,0,0,0,0,0,0,0,0,0,0,0,0,0,0,0,0,0
"Dylan Strome",20162017,ARI,C,7,77,31,46,40.3,67,28,39,10,3,7,0,0,0,36,10,26,30,15,15,11,6,5
"Dylan Strome",20172018,ARI,C,21,214,92,122,43,196,81,115,18,11,7,0,0,0,92,36,56,70,34,36,52,22,30
"Dylan Strome",20182019,"ARI,CHI",C,78,897,434,463,48.4,838,395,443,54,37,17,5,2,3,342,181,161,319,153,166,236,100,136
"Ryan Strome",20132014,NYI,C,37,374,165,209,44.1,338,143,195,34,21,13,2,1,1,133,61,72,119,52,67,122,52,70
"Ryan Strome",20142015,NYI,C,81,319,149,170,46.7,238,110,128,37,23,14,44,16,28,131,71,60,60,20,40,128,58,70
"Ryan Strome",20152016,NYI,C,71,95,39,56,41,76,33,43,18,6,12,1,0,1,52,20,32,26,11,15,17,8,9
"Ryan Strome",20162017,NYI,C,69,344,147,197,42.7,335,144,191,8,3,5,1,0,1,105,48,57,116,45,71,123,54,69
"Ryan Strome",20172018,EDM,C,82,671,297,374,44.3,569,253,316,60,31,29,42,13,29,249,119,130,215,87,128,207,91,116
"Ryan Strome",20182019,"EDM,NYR",C,81,767,365,402,47.6,642,304,338,58,35,23,67,26,41,255,124,131,245,108,137,267,133,134
"Jason Strudwick",20092010,EDM,D,72,0,0,0,--,0,0,0,0,0,0,0,0,0,0,0,0,0,0,0,0,0,0
"Jason Strudwick",20102011,EDM,D,43,0,0,0,--,0,0,0,0,0,0,0,0,0,0,0,0,0,0,0,0,0,0
"Brad Stuart",20092010,DET,D,82,2,1,1,50,1,1,0,0,0,0,1,0,1,1,0,1,1,1,0,0,0,0
"Brad Stuart",20102011,DET,D,67,0,0,0,--,0,0,0,0,0,0,0,0,0,0,0,0,0,0,0,0,0,0
"Brad Stuart",20112012,DET,D,81,0,0,0,--,0,0,0,0,0,0,0,0,0,0,0,0,0,0,0,0,0,0
"Brad Stuart",20122013,SJS,D,48,0,0,0,--,0,0,0,0,0,0,0,0,0,0,0,0,0,0,0,0,0,0
"Brad Stuart",20132014,SJS,D,61,0,0,0,--,0,0,0,0,0,0,0,0,0,0,0,0,0,0,0,0,0,0
"Brad Stuart",20142015,COL,D,65,1,1,0,100,1,1,0,0,0,0,0,0,0,0,0,0,1,1,0,0,0,0
"Brad Stuart",20152016,COL,D,6,0,0,0,--,0,0,0,0,0,0,0,0,0,0,0,0,0,0,0,0,0,0
"Colin Stuart",20102011,BUF,L,3,2,1,1,50,2,1,1,0,0,0,0,0,0,2,1,1,0,0,0,0,0,0
"Colin Stuart",20112012,BUF,L,2,0,0,0,--,0,0,0,0,0,0,0,0,0,0,0,0,0,0,0,0,0,0
"Mark Stuart",20092010,BOS,D,56,0,0,0,--,0,0,0,0,0,0,0,0,0,0,0,0,0,0,0,0,0,0
"Mark Stuart",20102011,"BOS,ATL",D,54,1,1,0,100,1,1,0,0,0,0,0,0,0,0,0,0,1,1,0,0,0,0
"Mark Stuart",20112012,WPG,D,80,0,0,0,--,0,0,0,0,0,0,0,0,0,0,0,0,0,0,0,0,0,0
"Mark Stuart",20122013,WPG,D,42,0,0,0,--,0,0,0,0,0,0,0,0,0,0,0,0,0,0,0,0,0,0
"Mark Stuart",20132014,WPG,D,69,0,0,0,--,0,0,0,0,0,0,0,0,0,0,0,0,0,0,0,0,0,0
"Mark Stuart",20142015,WPG,D,70,1,0,1,0,1,0,1,0,0,0,0,0,0,1,0,1,0,0,0,0,0,0
"Mark Stuart",20152016,WPG,D,64,0,0,0,--,0,0,0,0,0,0,0,0,0,0,0,0,0,0,0,0,0,0
"Mark Stuart",20162017,WPG,D,42,0,0,0,--,0,0,0,0,0,0,0,0,0,0,0,0,0,0,0,0,0,0
"Marco Sturm",20092010,BOS,L,76,11,2,9,18.2,4,0,4,2,0,2,5,2,3,4,0,4,1,0,1,6,2,4
"Marco Sturm",20102011,"LAK,WSH",L,35,15,6,9,40,14,5,9,0,0,0,1,1,0,6,1,5,8,4,4,1,1,0
"Marco Sturm",20112012,"VAN,FLA",L,48,13,9,4,69.2,12,9,3,0,0,0,1,0,1,5,5,0,4,3,1,4,1,3
"Nico Sturm",20182019,MIN,C,2,17,5,12,29.4,17,5,12,0,0,0,0,0,0,7,3,4,5,1,4,5,1,4
"P.K. Subban",20092010,MTL,D,2,0,0,0,--,0,0,0,0,0,0,0,0,0,0,0,0,0,0,0,0,0,0
"P.K. Subban",20102011,MTL,D,77,0,0,0,--,0,0,0,0,0,0,0,0,0,0,0,0,0,0,0,0,0,0
"P.K. Subban",20112012,MTL,D,81,0,0,0,--,0,0,0,0,0,0,0,0,0,0,0,0,0,0,0,0,0,0
"P.K. Subban",20122013,MTL,D,42,0,0,0,--,0,0,0,0,0,0,0,0,0,0,0,0,0,0,0,0,0,0
"P.K. Subban",20132014,MTL,D,82,0,0,0,--,0,0,0,0,0,0,0,0,0,0,0,0,0,0,0,0,0,0
"P.K. Subban",20142015,MTL,D,82,0,0,0,--,0,0,0,0,0,0,0,0,0,0,0,0,0,0,0,0,0,0
"P.K. Subban",20152016,MTL,D,68,0,0,0,--,0,0,0,0,0,0,0,0,0,0,0,0,0,0,0,0,0,0
"P.K. Subban",20162017,NSH,D,66,0,0,0,--,0,0,0,0,0,0,0,0,0,0,0,0,0,0,0,0,0,0
"P.K. Subban",20172018,NSH,D,82,3,1,2,33.3,0,0,0,0,0,0,3,1,2,0,0,0,0,0,0,3,1,2
"P.K. Subban",20182019,NSH,D,63,0,0,0,--,0,0,0,0,0,0,0,0,0,0,0,0,0,0,0,0,0,0
"Libor Sulak",20182019,DET,D,6,0,0,0,--,0,0,0,0,0,0,0,0,0,0,0,0,0,0,0,0,0,0
"Steve Sullivan",20092010,NSH,L,82,10,1,9,10,4,1,3,6,0,6,0,0,0,8,0,8,0,0,0,2,1,1
"Steve Sullivan",20102011,NSH,L,44,13,5,8,38.5,7,2,5,5,3,2,1,0,1,6,4,2,2,0,2,5,1,4
"Steve Sullivan",20112012,PIT,L,79,9,4,5,44.4,7,3,4,2,1,1,0,0,0,5,2,3,4,2,2,0,0,0
"Steve Sullivan",20122013,"PHX,NJD",L,42,6,3,3,50,4,2,2,1,0,1,1,1,0,3,1,2,2,1,1,1,1,0
"Alexander Sulzer",20092010,NSH,D,20,0,0,0,--,0,0,0,0,0,0,0,0,0,0,0,0,0,0,0,0,0,0
"Alexander Sulzer",20102011,"NSH,FLA",D,40,1,1,0,100,0,0,0,0,0,0,1,1,0,0,0,0,0,0,0,1,1,0
"Alexander Sulzer",20112012,"VAN,BUF",D,27,0,0,0,--,0,0,0,0,0,0,0,0,0,0,0,0,0,0,0,0,0,0
"Alexander Sulzer",20122013,BUF,D,17,0,0,0,--,0,0,0,0,0,0,0,0,0,0,0,0,0,0,0,0,0,0
"Alexander Sulzer",20132014,BUF,D,25,0,0,0,--,0,0,0,0,0,0,0,0,0,0,0,0,0,0,0,0,0,0
"Chris Summers",20102011,PHX,D,2,0,0,0,--,0,0,0,0,0,0,0,0,0,0,0,0,0,0,0,0,0,0
"Chris Summers",20112012,PHX,D,21,0,0,0,--,0,0,0,0,0,0,0,0,0,0,0,0,0,0,0,0,0,0
"Chris Summers",20122013,PHX,D,6,0,0,0,--,0,0,0,0,0,0,0,0,0,0,0,0,0,0,0,0,0,0
"Chris Summers",20132014,PHX,D,18,0,0,0,--,0,0,0,0,0,0,0,0,0,0,0,0,0,0,0,0,0,0
"Chris Summers",20142015,"ARI,NYR",D,20,0,0,0,--,0,0,0,0,0,0,0,0,0,0,0,0,0,0,0,0,0,0
"Chris Summers",20152016,NYR,D,3,0,0,0,--,0,0,0,0,0,0,0,0,0,0,0,0,0,0,0,0,0,0
"Oskar Sundqvist",20152016,PIT,C,18,139,64,75,46,131,58,73,2,2,0,6,4,2,42,15,27,65,31,34,32,18,14
"Oskar Sundqvist",20162017,PIT,C,10,44,16,28,36.4,42,15,27,0,0,0,2,1,1,12,4,8,15,7,8,17,5,12
"Oskar Sundqvist",20172018,STL,C,42,323,144,179,44.6,296,135,161,8,2,6,19,7,12,69,28,41,123,50,73,131,66,65
"Oskar Sundqvist",20182019,STL,C,74,541,227,314,42,509,220,289,2,0,2,30,7,23,151,59,92,192,76,116,198,92,106
"Johan Sundstrom",20132014,NYI,C,11,11,4,7,36.4,10,4,6,0,0,0,1,0,1,6,0,6,4,3,1,1,1,0
"Antti Suomela",20182019,SJS,C,27,229,102,127,44.5,224,101,123,3,1,2,2,0,2,74,33,41,97,44,53,58,25,33
"Andrej Sustr",20122013,TBL,D,2,0,0,0,--,0,0,0,0,0,0,0,0,0,0,0,0,0,0,0,0,0,0
"Andrej Sustr",20132014,TBL,D,43,0,0,0,--,0,0,0,0,0,0,0,0,0,0,0,0,0,0,0,0,0,0
"Andrej Sustr",20142015,TBL,D,72,0,0,0,--,0,0,0,0,0,0,0,0,0,0,0,0,0,0,0,0,0,0
"Andrej Sustr",20152016,TBL,D,77,0,0,0,--,0,0,0,0,0,0,0,0,0,0,0,0,0,0,0,0,0,0
"Andrej Sustr",20162017,TBL,D,80,1,0,1,0,1,0,1,0,0,0,0,0,0,1,0,1,0,0,0,0,0,0
"Andrej Sustr",20172018,TBL,D,44,0,0,0,--,0,0,0,0,0,0,0,0,0,0,0,0,0,0,0,0,0,0
"Andrej Sustr",20182019,ANA,D,5,0,0,0,--,0,0,0,0,0,0,0,0,0,0,0,0,0,0,0,0,0,0
"Ryan Suter",20092010,NSH,D,82,1,0,1,0,0,0,0,0,0,0,1,0,1,0,0,0,0,0,0,1,0,1
"Ryan Suter",20102011,NSH,D,70,1,0,1,0,0,0,0,1,0,1,0,0,0,1,0,1,0,0,0,0,0,0
"Ryan Suter",20112012,NSH,D,79,1,0,1,0,1,0,1,0,0,0,0,0,0,0,0,0,1,0,1,0,0,0
"Ryan Suter",20122013,MIN,D,48,0,0,0,--,0,0,0,0,0,0,0,0,0,0,0,0,0,0,0,0,0,0
"Ryan Suter",20132014,MIN,D,82,1,1,0,100,0,0,0,1,1,0,0,0,0,1,1,0,0,0,0,0,0,0
"Ryan Suter",20142015,MIN,D,77,0,0,0,--,0,0,0,0,0,0,0,0,0,0,0,0,0,0,0,0,0,0
"Ryan Suter",20152016,MIN,D,82,0,0,0,--,0,0,0,0,0,0,0,0,0,0,0,0,0,0,0,0,0,0
"Ryan Suter",20162017,MIN,D,82,0,0,0,--,0,0,0,0,0,0,0,0,0,0,0,0,0,0,0,0,0,0
"Ryan Suter",20172018,MIN,D,78,0,0,0,--,0,0,0,0,0,0,0,0,0,0,0,0,0,0,0,0,0,0
"Ryan Suter",20182019,MIN,D,82,1,1,0,100,1,1,0,0,0,0,0,0,0,0,0,0,0,0,0,1,1,0
"Brian Sutherby",20092010,DAL,C,46,41,18,23,43.9,39,18,21,0,0,0,2,0,2,17,7,10,16,7,9,8,4,4
"Brian Sutherby",20102011,DAL,C,51,32,19,13,59.4,27,16,11,1,1,0,4,2,2,13,6,7,13,9,4,6,4,2
"Brandon Sutter",20092010,CAR,C,72,997,489,508,49,796,400,396,97,44,53,104,45,59,279,123,156,363,187,176,354,180,174
"Brandon Sutter",20102011,CAR,C,82,"1,349",598,751,44.3,"1,068",482,586,61,25,36,220,91,129,322,142,180,498,216,282,529,240,289
"Brandon Sutter",20112012,CAR,C,82,"1,295",654,641,50.5,"1,046",538,508,43,15,28,206,101,105,245,116,129,471,250,221,579,288,291
"Brandon Sutter",20122013,PIT,C,48,761,382,379,50.2,579,291,288,64,32,32,118,59,59,187,83,104,249,134,115,325,165,160
"Brandon Sutter",20132014,PIT,C,81,"1,150",549,601,47.7,870,432,438,70,35,35,210,82,128,257,119,138,403,205,198,490,225,265
"Brandon Sutter",20142015,PIT,C,80,"1,359",688,671,50.6,"1,036",527,509,101,57,44,222,104,118,362,185,177,462,236,226,535,267,268
"Brandon Sutter",20152016,VAN,C,20,278,146,132,52.5,199,108,91,32,14,18,47,24,23,94,44,50,83,45,38,101,57,44
"Brandon Sutter",20162017,VAN,C,81,"1,452",788,664,54.3,"1,108",602,506,135,82,53,209,104,105,438,251,187,419,206,213,595,331,264
"Brandon Sutter",20172018,VAN,C,61,"1,102",570,532,51.7,860,452,408,13,8,5,229,110,119,133,73,60,363,171,192,606,326,280
"Brandon Sutter",20182019,VAN,C,26,462,224,238,48.5,349,169,180,14,9,5,99,46,53,82,42,40,142,76,66,238,106,132
"Brett Sutter",20092010,CGY,L,10,5,1,4,20,1,1,0,0,0,0,4,0,4,1,1,0,1,0,1,3,0,3
"Brett Sutter",20102011,"CGY,CAR",L,5,26,13,13,50,23,13,10,0,0,0,3,0,3,8,6,2,8,3,5,10,4,6
"Brett Sutter",20112012,CAR,L,15,21,14,7,66.7,18,12,6,0,0,0,3,2,1,7,5,2,7,4,3,7,5,2
"Brett Sutter",20122013,CAR,L,3,14,8,6,57.1,14,8,6,0,0,0,0,0,0,3,2,1,7,3,4,4,3,1
"Brett Sutter",20132014,CAR,L,17,73,37,36,50.7,69,36,33,1,0,1,3,1,2,17,7,10,19,10,9,37,20,17
"Brett Sutter",20142015,MIN,L,6,0,0,0,--,0,0,0,0,0,0,0,0,0,0,0,0,0,0,0,0,0,0
"Brody Sutter",20142015,CAR,C,4,14,7,7,50,14,7,7,0,0,0,0,0,0,5,2,3,3,2,1,6,3,3
"Brody Sutter",20152016,CAR,C,8,13,9,4,69.2,13,9,4,0,0,0,0,0,0,3,3,0,7,5,2,3,1,2
"Andy Sutton",20092010,"NYI,OTT",D,72,0,0,0,--,0,0,0,0,0,0,0,0,0,0,0,0,0,0,0,0,0,0
"Andy Sutton",20102011,ANA,D,39,0,0,0,--,0,0,0,0,0,0,0,0,0,0,0,0,0,0,0,0,0,0
"Andy Sutton",20112012,EDM,D,52,0,0,0,--,0,0,0,0,0,0,0,0,0,0,0,0,0,0,0,0,0,0
"Marek Svatos",20092010,COL,R,54,0,0,0,--,0,0,0,0,0,0,0,0,0,0,0,0,0,0,0,0,0,0
"Marek Svatos",20102011,"NSH,OTT",R,28,0,0,0,--,0,0,0,0,0,0,0,0,0,0,0,0,0,0,0,0,0,0
"Andrei Svechnikov",20182019,CAR,R,82,7,1,6,14.3,7,1,6,0,0,0,0,0,0,1,0,1,2,0,2,4,1,3
"Evgeny Svechnikov",20162017,DET,R,2,0,0,0,--,0,0,0,0,0,0,0,0,0,0,0,0,0,0,0,0,0,0
"Evgeny Svechnikov",20172018,DET,R,14,5,1,4,20,5,1,4,0,0,0,0,0,0,4,0,4,1,1,0,0,0,0
"Viktor Svedberg",20152016,CHI,D,27,0,0,0,--,0,0,0,0,0,0,0,0,0,0,0,0,0,0,0,0,0,0
"Bill Sweatt",20112012,VAN,L,2,0,0,0,--,0,0,0,0,0,0,0,0,0,0,0,0,0,0,0,0,0,0
"Bill Sweatt",20122013,VAN,L,1,0,0,0,--,0,0,0,0,0,0,0,0,0,0,0,0,0,0,0,0,0,0
"Lee Sweatt",20102011,VAN,D,3,0,0,0,--,0,0,0,0,0,0,0,0,0,0,0,0,0,0,0,0,0,0
"Darryl Sydor",20092010,STL,D,47,1,0,1,0,0,0,0,0,0,0,1,0,1,0,0,0,0,0,0,1,0,1
"Petr Sykora",20092010,MIN,R,14,4,2,2,50,4,2,2,0,0,0,0,0,0,1,1,0,1,1,0,1,0,1
"Petr Sykora",20112012,NJD,R,82,18,10,8,55.5,15,8,7,2,2,0,1,0,1,8,2,6,6,4,2,4,4,0
"Danny Syvret",20092010,PHI,D,21,0,0,0,--,0,0,0,0,0,0,0,0,0,0,0,0,0,0,0,0,0,0
"Danny Syvret",20102011,"ANA,PHI",D,10,0,0,0,--,0,0,0,0,0,0,0,0,0,0,0,0,0,0,0,0,0,0
"Paul Szczechura",20092010,TBL,C,52,403,186,217,46.1,297,149,148,8,4,4,98,33,65,70,31,39,136,65,71,188,88,100
"Paul Szczechura",20112012,BUF,C,9,67,28,39,41.8,66,27,39,1,1,0,0,0,0,23,9,14,24,11,13,20,8,12
"Jordan Szwarz",20132014,PHX,C,26,3,1,2,33.3,3,1,2,0,0,0,0,0,0,0,0,0,1,0,1,2,1,1
"Jordan Szwarz",20142015,ARI,C,9,0,0,0,--,0,0,0,0,0,0,0,0,0,0,0,0,0,0,0,0,0,0
"Jordan Szwarz",20172018,BOS,C,12,70,28,42,40,65,24,41,5,4,1,0,0,0,29,9,20,31,14,17,10,5,5
"Jeff Taffe",20092010,FLA,L,21,74,33,41,44.6,72,32,40,2,1,1,0,0,0,15,8,7,33,15,18,25,10,15
"Jeff Taffe",20102011,CHI,L,1,5,2,3,40,5,2,3,0,0,0,0,0,0,4,2,2,1,0,1,0,0,0
"Jeff Taffe",20112012,MIN,L,5,6,1,5,16.7,3,1,2,3,0,3,0,0,0,2,0,2,1,1,0,3,0,3
"Max Talbot",20092010,PIT,C,45,165,68,97,41.2,130,57,73,2,0,2,33,11,22,41,18,23,66,24,42,58,26,32
"Max Talbot",20102011,PIT,C,82,874,425,449,48.6,651,329,322,16,6,10,207,90,117,242,111,131,301,149,152,331,165,166
"Max Talbot",20112012,PHI,C,81,640,284,356,44.4,463,209,254,18,9,9,159,66,93,142,56,86,214,99,115,284,129,155
"Max Talbot",20122013,PHI,C,35,192,92,100,47.9,135,68,67,1,1,0,56,23,33,32,15,17,74,38,36,86,39,47
"Max Talbot",20132014,"PHI,COL",C,81,225,100,125,44.4,108,49,59,1,1,0,116,50,66,55,24,31,46,21,25,124,55,69
"Max Talbot",20142015,"COL,BOS",C,81,158,76,82,48.1,119,55,64,4,3,1,35,18,17,51,20,31,42,27,15,65,29,36
"Max Talbot",20152016,BOS,C,38,345,164,181,47.5,285,141,144,7,4,3,53,19,34,76,44,32,122,60,62,147,60,87
"Henrik Tallinder",20092010,BUF,D,82,0,0,0,--,0,0,0,0,0,0,0,0,0,0,0,0,0,0,0,0,0,0
"Henrik Tallinder",20102011,NJD,D,82,0,0,0,--,0,0,0,0,0,0,0,0,0,0,0,0,0,0,0,0,0,0
"Henrik Tallinder",20112012,NJD,D,39,0,0,0,--,0,0,0,0,0,0,0,0,0,0,0,0,0,0,0,0,0,0
"Henrik Tallinder",20122013,NJD,D,25,0,0,0,--,0,0,0,0,0,0,0,0,0,0,0,0,0,0,0,0,0,0
"Henrik Tallinder",20132014,BUF,D,64,1,1,0,100,1,1,0,0,0,0,0,0,0,1,1,0,0,0,0,0,0,0
"Jeff Tambellini",20092010,NYI,L,36,4,0,4,0,3,0,3,1,0,1,0,0,0,2,0,2,1,0,1,1,0,1
"Jeff Tambellini",20102011,VAN,L,62,35,19,16,54.3,30,17,13,4,1,3,1,1,0,9,6,3,20,11,9,6,2,4
"Brandon Tanev",20152016,WPG,L,3,0,0,0,--,0,0,0,0,0,0,0,0,0,0,0,0,0,0,0,0,0,0
"Brandon Tanev",20162017,WPG,L,51,1,1,0,100,1,1,0,0,0,0,0,0,0,0,0,0,1,1,0,0,0,0
"Brandon Tanev",20172018,WPG,L,61,11,3,8,27.3,3,2,1,0,0,0,8,1,7,2,1,1,0,0,0,9,2,7
"Brandon Tanev",20182019,WPG,L,80,8,3,5,37.5,0,0,0,0,0,0,8,3,5,0,0,0,0,0,0,8,3,5
"Christopher Tanev",20102011,VAN,D,29,0,0,0,--,0,0,0,0,0,0,0,0,0,0,0,0,0,0,0,0,0,0
"Christopher Tanev",20112012,VAN,D,25,0,0,0,--,0,0,0,0,0,0,0,0,0,0,0,0,0,0,0,0,0,0
"Christopher Tanev",20122013,VAN,D,38,0,0,0,--,0,0,0,0,0,0,0,0,0,0,0,0,0,0,0,0,0,0
"Christopher Tanev",20132014,VAN,D,64,0,0,0,--,0,0,0,0,0,0,0,0,0,0,0,0,0,0,0,0,0,0
"Christopher Tanev",20142015,VAN,D,70,0,0,0,--,0,0,0,0,0,0,0,0,0,0,0,0,0,0,0,0,0,0
"Christopher Tanev",20152016,VAN,D,69,0,0,0,--,0,0,0,0,0,0,0,0,0,0,0,0,0,0,0,0,0,0
"Christopher Tanev",20162017,VAN,D,53,0,0,0,--,0,0,0,0,0,0,0,0,0,0,0,0,0,0,0,0,0,0
"Christopher Tanev",20172018,VAN,D,42,0,0,0,--,0,0,0,0,0,0,0,0,0,0,0,0,0,0,0,0,0,0
"Christopher Tanev",20182019,VAN,D,55,0,0,0,--,0,0,0,0,0,0,0,0,0,0,0,0,0,0,0,0,0,0
"Eric Tangradi",20092010,PIT,L,1,0,0,0,--,0,0,0,0,0,0,0,0,0,0,0,0,0,0,0,0,0,0
"Eric Tangradi",20102011,PIT,L,15,3,1,2,33.3,3,1,2,0,0,0,0,0,0,1,1,0,1,0,1,1,0,1
"Eric Tangradi",20112012,PIT,L,24,2,0,2,0,1,0,1,1,0,1,0,0,0,1,0,1,1,0,1,0,0,0
"Eric Tangradi",20122013,"PIT,WPG",L,41,2,0,2,0,2,0,2,0,0,0,0,0,0,0,0,0,0,0,0,2,0,2
"Eric Tangradi",20132014,WPG,L,55,3,3,0,100,3,3,0,0,0,0,0,0,0,0,0,0,0,0,0,3,3,0
"Eric Tangradi",20142015,MTL,L,7,1,1,0,100,1,1,0,0,0,0,0,0,0,1,1,0,0,0,0,0,0,0
"Eric Tangradi",20152016,DET,L,1,1,0,1,0,1,0,1,0,0,0,0,0,0,0,0,0,1,0,1,0,0,0
"Eric Tangradi",20182019,NJD,L,6,6,3,3,50,6,3,3,0,0,0,0,0,0,2,0,2,2,2,0,2,1,1
"Alex Tanguay",20092010,TBL,L,80,25,11,14,44,19,8,11,6,3,3,0,0,0,11,4,7,11,5,6,3,2,1
"Alex Tanguay",20102011,CGY,L,79,107,42,65,39.3,67,26,41,12,6,6,28,10,18,38,17,21,31,9,22,38,16,22
"Alex Tanguay",20112012,CGY,L,64,67,25,42,37.3,42,15,27,2,2,0,23,8,15,20,6,14,22,8,14,25,11,14
"Alex Tanguay",20122013,CGY,L,40,173,68,105,39.3,125,51,74,23,6,17,25,11,14,53,22,31,59,25,34,61,21,40
"Alex Tanguay",20132014,COL,L,16,3,1,2,33.3,3,1,2,0,0,0,0,0,0,1,0,1,2,1,1,0,0,0
"Alex Tanguay",20142015,COL,L,80,28,12,16,42.9,17,8,9,1,1,0,10,3,7,10,4,6,8,4,4,10,4,6
"Alex Tanguay",20152016,"COL,ARI",L,70,5,3,2,60,3,1,2,1,1,0,1,1,0,3,2,1,1,1,0,1,0,1
"Matt Taormina",20102011,NJD,D,17,0,0,0,--,0,0,0,0,0,0,0,0,0,0,0,0,0,0,0,0,0,0
"Matt Taormina",20112012,NJD,D,30,0,0,0,--,0,0,0,0,0,0,0,0,0,0,0,0,0,0,0,0,0,0
"Matt Taormina",20122013,TBL,D,2,0,0,0,--,0,0,0,0,0,0,0,0,0,0,0,0,0,0,0,0,0,0
"Matt Taormina",20132014,TBL,D,7,0,0,0,--,0,0,0,0,0,0,0,0,0,0,0,0,0,0,0,0,0,0
"Matt Taormina",20152016,TBL,D,3,0,0,0,--,0,0,0,0,0,0,0,0,0,0,0,0,0,0,0,0,0,0
"Vladimir Tarasenko",20122013,STL,R,38,1,1,0,100,1,1,0,0,0,0,0,0,0,0,0,0,1,1,0,0,0,0
"Vladimir Tarasenko",20132014,STL,R,64,6,2,4,33.3,5,2,3,0,0,0,1,0,1,3,2,1,3,0,3,0,0,0
"Vladimir Tarasenko",20142015,STL,R,77,3,0,3,0,3,0,3,0,0,0,0,0,0,1,0,1,1,0,1,1,0,1
"Vladimir Tarasenko",20152016,STL,R,80,1,0,1,0,1,0,1,0,0,0,0,0,0,1,0,1,0,0,0,0,0,0
"Vladimir Tarasenko",20162017,STL,R,82,10,5,5,50,9,4,5,0,0,0,1,1,0,7,3,4,3,2,1,0,0,0
"Vladimir Tarasenko",20172018,STL,R,80,4,1,3,25,4,1,3,0,0,0,0,0,0,1,0,1,1,0,1,2,1,1
"Vladimir Tarasenko",20182019,STL,R,76,6,4,2,66.7,5,3,2,0,0,0,1,1,0,4,2,2,1,1,0,1,1,0
"Daniil Tarasov",20142015,SJS,R,5,1,1,0,100,1,1,0,0,0,0,0,0,0,1,1,0,0,0,0,0,0,0
"Jamie Tardif",20122013,BOS,R,2,0,0,0,--,0,0,0,0,0,0,0,0,0,0,0,0,0,0,0,0,0,0
"Nick Tarnasky",20092010,FLA,L,31,0,0,0,--,0,0,0,0,0,0,0,0,0,0,0,0,0,0,0,0,0,0
"Tomas Tatar",20102011,DET,L,9,0,0,0,--,0,0,0,0,0,0,0,0,0,0,0,0,0,0,0,0,0,0
"Tomas Tatar",20122013,DET,L,18,1,1,0,100,1,1,0,0,0,0,0,0,0,1,1,0,0,0,0,0,0,0
"Tomas Tatar",20132014,DET,L,73,52,26,26,50,20,10,10,32,16,16,0,0,0,34,19,15,14,4,10,4,3,1
"Tomas Tatar",20142015,DET,L,82,12,6,6,50,11,6,5,1,0,1,0,0,0,8,3,5,2,1,1,2,2,0
"Tomas Tatar",20152016,DET,L,81,24,6,18,25,23,6,17,1,0,1,0,0,0,16,5,11,5,0,5,3,1,2
"Tomas Tatar",20162017,DET,L,82,13,8,5,61.5,10,7,3,3,1,2,0,0,0,8,5,3,3,2,1,2,1,1
"Tomas Tatar",20172018,"DET,VGK",L,82,15,2,13,13.3,13,2,11,2,0,2,0,0,0,9,1,8,4,0,4,2,1,1
"Tomas Tatar",20182019,MTL,L,80,39,10,29,25.6,38,10,28,1,0,1,0,0,0,16,3,13,10,3,7,13,4,9
"John Tavares",20092010,NYI,C,82,"1,129",536,593,47.5,863,400,463,258,134,124,8,2,6,509,242,267,347,166,181,271,126,145
"John Tavares",20102011,NYI,C,79,"1,319",693,626,52.5,"1,009",523,486,293,161,132,17,9,8,594,312,282,437,232,205,288,149,139
"John Tavares",20112012,NYI,C,82,"1,586",814,772,51.3,"1,276",654,622,295,153,142,15,7,8,713,388,325,522,256,266,350,169,181
"John Tavares",20122013,NYI,C,48,930,459,471,49.4,728,352,376,199,106,93,3,1,2,449,205,244,289,150,139,192,104,88
"John Tavares",20132014,NYI,C,59,"1,129",554,575,49.1,890,432,458,228,116,112,11,6,5,536,267,269,358,158,200,235,129,106
"John Tavares",20142015,NYI,C,82,"1,442",753,689,52.2,"1,144",600,544,289,147,142,9,6,3,729,387,342,460,248,212,253,118,135
"John Tavares",20152016,NYI,C,78,"1,370",741,629,54.1,"1,112",600,512,248,136,112,10,5,5,684,388,296,412,212,200,274,141,133
"John Tavares",20162017,NYI,C,77,"1,628",824,804,50.6,"1,234",602,632,290,173,117,104,49,55,772,415,357,449,212,237,407,197,210
"John Tavares",20172018,NYI,C,82,"1,726",913,813,52.9,"1,274",673,601,289,160,129,163,80,83,706,370,336,458,240,218,562,303,259
"John Tavares",20182019,TOR,C,82,"1,528",832,696,54.5,"1,248",665,583,237,144,93,43,23,20,604,340,264,471,245,226,453,247,206
"Mattias Tedenby",20102011,NJD,R,58,0,0,0,--,0,0,0,0,0,0,0,0,0,0,0,0,0,0,0,0,0,0
"Mattias Tedenby",20112012,NJD,R,43,3,1,2,33.3,2,1,1,0,0,0,1,0,1,1,1,0,2,0,2,0,0,0
"Brian Boyle",20132014,NYR,C,82,578,306,272,52.9,368,203,165,16,12,4,194,91,103,73,43,30,135,66,69,370,197,173
"Brian Boyle",20142015,TBL,C,82,905,460,445,50.8,659,354,305,18,7,11,228,99,129,160,79,81,305,161,144,440,220,220
"Brian Boyle",20152016,TBL,C,76,682,346,336,50.7,527,279,248,28,13,15,127,54,73,185,89,96,207,103,104,290,154,136
"Brian Boyle",20162017,"TBL,TOR",C,75,581,303,278,52.1,417,216,201,67,41,26,97,46,51,179,106,73,161,72,89,241,125,116
"Brian Boyle",20172018,NJD,C,69,832,420,412,50.5,696,342,354,111,63,48,25,15,10,319,166,153,217,97,120,296,157,139
"Brian Boyle",20182019,"NJD,NSH",C,73,333,170,163,51,169,87,82,130,72,58,34,11,23,172,102,70,66,23,43,95,45,50
"Dan Boyle",20092010,SJS,D,76,3,0,3,0,0,0,0,0,0,0,3,0,3,0,0,0,0,0,0,3,0,3
"Dan Boyle",20102011,SJS,D,76,2,0,2,0,0,0,0,0,0,0,2,0,2,0,0,0,0,0,0,2,0,2
"Dan Boyle",20112012,SJS,D,81,0,0,0,--,0,0,0,0,0,0,0,0,0,0,0,0,0,0,0,0,0,0
"Dan Boyle",20122013,SJS,D,46,0,0,0,--,0,0,0,0,0,0,0,0,0,0,0,0,0,0,0,0,0,0
"Dan Boyle",20132014,SJS,D,75,0,0,0,--,0,0,0,0,0,0,0,0,0,0,0,0,0,0,0,0,0,0
"Dan Boyle",20142015,NYR,D,65,0,0,0,--,0,0,0,0,0,0,0,0,0,0,0,0,0,0,0,0,0,0
"Dan Boyle",20152016,NYR,D,74,0,0,0,--,0,0,0,0,0,0,0,0,0,0,0,0,0,0,0,0,0,0
"Nick Boynton",20092010,"ANA,CHI",D,49,0,0,0,--,0,0,0,0,0,0,0,0,0,0,0,0,0,0,0,0,0,0
"Nick Boynton",20102011,"CHI,PHI",D,51,0,0,0,--,0,0,0,0,0,0,0,0,0,0,0,0,0,0,0,0,0,0
"Tyler Bozak",20092010,TOR,C,37,648,358,290,55.3,457,257,200,146,80,66,45,21,24,263,140,123,222,124,98,158,92,66
"Tyler Bozak",20102011,TOR,C,82,"1,441",787,654,54.6,"1,009",543,466,254,149,105,178,95,83,540,303,237,422,218,204,479,266,213
"Tyler Bozak",20112012,TOR,C,73,"1,198",631,567,52.7,951,494,457,205,112,93,42,25,17,494,260,234,377,190,187,327,181,146
"Tyler Bozak",20122013,TOR,C,46,"1,063",559,504,52.6,717,378,339,161,83,78,185,98,87,331,171,160,293,162,131,439,226,213
"Tyler Bozak",20132014,TOR,C,58,"1,399",681,718,48.7,"1,065",521,544,207,111,96,127,49,78,433,224,209,433,191,242,533,266,267
"Tyler Bozak",20142015,TOR,C,82,"1,775",944,831,53.2,"1,293",690,603,327,178,149,155,76,79,681,362,319,490,252,238,604,330,274
"Tyler Bozak",20152016,TOR,C,57,"1,059",597,462,56.4,857,486,371,170,101,69,32,10,22,464,270,194,306,164,142,289,163,126
"Tyler Bozak",20162017,TOR,C,78,"1,366",774,592,56.7,"1,137",641,496,212,124,88,17,9,8,609,363,246,344,191,153,413,220,193
"Tyler Bozak",20172018,TOR,C,81,"1,169",627,542,53.6,"1,011",548,463,157,78,79,1,1,0,521,270,251,325,173,152,323,184,139
"Tyler Bozak",20182019,STL,C,72,830,451,379,54.3,732,403,329,47,21,26,51,27,24,277,149,128,277,146,131,276,156,120
"Matt Bradley",20092010,WSH,R,77,28,11,17,39.3,21,8,13,0,0,0,7,3,4,9,3,6,14,5,9,5,3,2
"Matt Bradley",20102011,WSH,R,61,11,4,7,36.4,10,4,6,0,0,0,1,0,1,4,1,3,4,3,1,3,0,3
"Matt Bradley",20112012,FLA,R,45,28,12,16,42.9,24,11,13,2,1,1,2,0,2,17,8,9,6,2,4,5,2,3
"Erik Brannstrom",20182019,OTT,D,2,0,0,0,--,0,0,0,0,0,0,0,0,0,0,0,0,0,0,0,0,0,0
"Donald Brashear",20092010,NYR,L,36,0,0,0,--,0,0,0,0,0,0,0,0,0,0,0,0,0,0,0,0,0,0
"Derick Brassard",20092010,CBJ,C,79,503,210,293,41.8,465,193,272,29,14,15,9,3,6,170,67,103,227,97,130,100,42,58
"Derick Brassard",20102011,CBJ,C,74,888,414,474,46.6,755,342,413,130,70,60,3,2,1,395,187,208,305,137,168,188,90,98
"Derick Brassard",20112012,CBJ,C,74,617,278,339,45.1,543,244,299,57,26,31,17,8,9,187,91,96,225,89,136,205,98,107
"Derick Brassard",20122013,"CBJ,NYR",C,47,446,215,231,48.2,393,190,203,42,22,20,11,3,8,147,65,82,166,82,84,133,68,65
"Derick Brassard",20132014,NYR,C,81,977,469,508,48,807,375,432,168,94,74,2,0,2,437,208,229,340,168,172,200,93,107
"Derick Brassard",20142015,NYR,C,80,"1,376",671,705,48.8,"1,174",569,605,174,85,89,28,17,11,584,286,298,423,183,240,369,202,167
"Derick Brassard",20152016,NYR,C,80,"1,346",676,670,50.2,"1,132",552,580,199,116,83,15,8,7,596,312,284,425,205,220,325,159,166
"Derick Brassard",20162017,OTT,C,81,"1,225",612,613,50,"1,072",535,537,146,73,73,7,4,3,460,229,231,396,193,203,369,190,179
"Derick Brassard",20172018,"OTT,PIT",C,72,"1,050",516,534,49.1,945,465,480,99,47,52,6,4,2,365,174,191,381,180,201,304,162,142
"Derick Brassard",20182019,"PIT,FLA,COL",C,70,588,283,305,48.1,530,258,272,52,20,32,6,5,1,192,76,116,176,96,80,220,111,109
"Jesper Bratt",20172018,NJD,L,74,11,7,4,63.6,7,4,3,2,2,0,2,1,1,4,2,2,4,3,1,3,2,1
"Jesper Bratt",20182019,NJD,L,51,7,4,3,57.1,6,3,3,1,1,0,0,0,0,3,2,1,1,1,0,3,1,2
"Justin Braun",20102011,SJS,D,28,0,0,0,--,0,0,0,0,0,0,0,0,0,0,0,0,0,0,0,0,0,0
"Justin Braun",20112012,SJS,D,66,0,0,0,--,0,0,0,0,0,0,0,0,0,0,0,0,0,0,0,0,0,0
"Justin Braun",20122013,SJS,D,41,0,0,0,--,0,0,0,0,0,0,0,0,0,0,0,0,0,0,0,0,0,0
"Justin Braun",20132014,SJS,D,82,0,0,0,--,0,0,0,0,0,0,0,0,0,0,0,0,0,0,0,0,0,0
"Justin Braun",20142015,SJS,D,70,0,0,0,--,0,0,0,0,0,0,0,0,0,0,0,0,0,0,0,0,0,0
"Justin Braun",20152016,SJS,D,80,0,0,0,--,0,0,0,0,0,0,0,0,0,0,0,0,0,0,0,0,0,0
"Justin Braun",20162017,SJS,D,81,0,0,0,--,0,0,0,0,0,0,0,0,0,0,0,0,0,0,0,0,0,0
"Justin Braun",20172018,SJS,D,81,0,0,0,--,0,0,0,0,0,0,0,0,0,0,0,0,0,0,0,0,0,0
"Justin Braun",20182019,SJS,D,78,0,0,0,--,0,0,0,0,0,0,0,0,0,0,0,0,0,0,0,0,0,0
"Chris Breen",20132014,CGY,D,9,0,0,0,--,0,0,0,0,0,0,0,0,0,0,0,0,0,0,0,0,0,0
"TJ Brennan",20112012,BUF,D,11,0,0,0,--,0,0,0,0,0,0,0,0,0,0,0,0,0,0,0,0,0,0
"TJ Brennan",20122013,"BUF,FLA",D,29,0,0,0,--,0,0,0,0,0,0,0,0,0,0,0,0,0,0,0,0,0,0
"TJ Brennan",20142015,TOR,D,6,0,0,0,--,0,0,0,0,0,0,0,0,0,0,0,0,0,0,0,0,0,0
"TJ Brennan",20152016,TOR,D,7,0,0,0,--,0,0,0,0,0,0,0,0,0,0,0,0,0,0,0,0,0,0
"Tim Brent",20092010,TOR,C,1,8,4,4,50,8,4,4,0,0,0,0,0,0,3,2,1,3,1,2,2,1,1
"Tim Brent",20102011,TOR,C,79,788,410,378,52,583,305,278,19,11,8,186,94,92,177,94,83,232,123,109,379,193,186
"Tim Brent",20112012,CAR,C,79,571,278,293,48.7,475,232,243,52,25,27,44,21,23,203,101,102,192,88,104,176,89,87
"Tim Brent",20122013,CAR,C,30,240,124,116,51.7,203,100,103,14,10,4,23,14,9,81,47,34,74,36,38,85,41,44
"Eric Brewer",20092010,STL,D,59,0,0,0,--,0,0,0,0,0,0,0,0,0,0,0,0,0,0,0,0,0,0
"Eric Brewer",20102011,"STL,TBL",D,76,0,0,0,--,0,0,0,0,0,0,0,0,0,0,0,0,0,0,0,0,0,0
"Eric Brewer",20112012,TBL,D,82,0,0,0,--,0,0,0,0,0,0,0,0,0,0,0,0,0,0,0,0,0,0
"Eric Brewer",20122013,TBL,D,48,0,0,0,--,0,0,0,0,0,0,0,0,0,0,0,0,0,0,0,0,0,0
"Eric Brewer",20132014,TBL,D,77,0,0,0,--,0,0,0,0,0,0,0,0,0,0,0,0,0,0,0,0,0,0
"Eric Brewer",20142015,"TBL,ANA,TOR",D,44,0,0,0,--,0,0,0,0,0,0,0,0,0,0,0,0,0,0,0,0,0,0
"Connor Brickley",20152016,FLA,L,23,0,0,0,--,0,0,0,0,0,0,0,0,0,0,0,0,0,0,0,0,0,0
"Connor Brickley",20172018,FLA,L,44,16,3,13,18.8,10,3,7,1,0,1,5,0,5,6,1,5,4,1,3,6,1,5
"Connor Brickley",20182019,NYR,L,14,7,0,7,0,7,0,7,0,0,0,0,0,0,3,0,3,0,0,0,4,0,4
"Daniel Brickley",20172018,LAK,D,1,0,0,0,--,0,0,0,0,0,0,0,0,0,0,0,0,0,0,0,0,0,0
"Daniel Brickley",20182019,LAK,D,4,0,0,0,--,0,0,0,0,0,0,0,0,0,0,0,0,0,0,0,0,0,0
"Daniel Briere",20092010,PHI,C,75,120,53,67,44.2,100,43,57,19,10,9,1,0,1,52,21,31,40,18,22,27,14,13
"Daniel Briere",20102011,PHI,C,77,820,395,425,48.2,726,340,386,85,49,36,9,6,3,273,129,144,365,177,188,182,89,93
"Daniel Briere",20112012,PHI,C,70,831,406,425,48.9,693,330,363,135,74,61,3,2,1,338,158,180,318,172,146,175,76,99
"Daniel Briere",20122013,PHI,C,34,135,62,73,45.9,109,48,61,26,14,12,0,0,0,62,31,31,35,15,20,38,16,22
"Daniel Briere",20132014,MTL,C,69,350,171,179,48.9,290,144,146,60,27,33,0,0,0,152,76,76,93,44,49,105,51,54
"Daniel Briere",20142015,COL,C,57,24,13,11,54.2,19,10,9,4,3,1,1,0,1,9,5,4,11,6,5,4,2,2
"Rod Brind'Amour",20092010,CAR,C,80,849,499,350,58.8,641,373,268,114,74,40,94,52,42,312,183,129,249,150,99,287,166,121
"Guillaume Brisebois",20182019,VAN,D,8,0,0,0,--,0,0,0,0,0,0,0,0,0,0,0,0,0,0,0,0,0,0
"Alex Broadhurst",20172018,CBJ,C,2,0,0,0,--,0,0,0,0,0,0,0,0,0,0,0,0,0,0,0,0,0,0
"TJ Brodie",20102011,CGY,D,3,0,0,0,--,0,0,0,0,0,0,0,0,0,0,0,0,0,0,0,0,0,0
"TJ Brodie",20112012,CGY,D,54,0,0,0,--,0,0,0,0,0,0,0,0,0,0,0,0,0,0,0,0,0,0
"TJ Brodie",20122013,CGY,D,47,0,0,0,--,0,0,0,0,0,0,0,0,0,0,0,0,0,0,0,0,0,0
"TJ Brodie",20132014,CGY,D,81,0,0,0,--,0,0,0,0,0,0,0,0,0,0,0,0,0,0,0,0,0,0
"TJ Brodie",20142015,CGY,D,81,0,0,0,--,0,0,0,0,0,0,0,0,0,0,0,0,0,0,0,0,0,0
"TJ Brodie",20152016,CGY,D,70,0,0,0,--,0,0,0,0,0,0,0,0,0,0,0,0,0,0,0,0,0,0
"TJ Brodie",20162017,CGY,D,82,0,0,0,--,0,0,0,0,0,0,0,0,0,0,0,0,0,0,0,0,0,0
"TJ Brodie",20172018,CGY,D,73,0,0,0,--,0,0,0,0,0,0,0,0,0,0,0,0,0,0,0,0,0,0
"TJ Brodie",20182019,CGY,D,79,1,0,1,0,0,0,0,0,0,0,1,0,1,0,0,0,1,0,1,0,0,0
"Jonas Brodin",20122013,MIN,D,45,0,0,0,--,0,0,0,0,0,0,0,0,0,0,0,0,0,0,0,0,0,0
"Jonas Brodin",20132014,MIN,D,79,0,0,0,--,0,0,0,0,0,0,0,0,0,0,0,0,0,0,0,0,0,0
"Jonas Brodin",20142015,MIN,D,71,0,0,0,--,0,0,0,0,0,0,0,0,0,0,0,0,0,0,0,0,0,0
"Jonas Brodin",20152016,MIN,D,68,0,0,0,--,0,0,0,0,0,0,0,0,0,0,0,0,0,0,0,0,0,0
"Jonas Brodin",20162017,MIN,D,68,0,0,0,--,0,0,0,0,0,0,0,0,0,0,0,0,0,0,0,0,0,0
"Jonas Brodin",20172018,MIN,D,73,0,0,0,--,0,0,0,0,0,0,0,0,0,0,0,0,0,0,0,0,0,0
"Jonas Brodin",20182019,MIN,D,82,0,0,0,--,0,0,0,0,0,0,0,0,0,0,0,0,0,0,0,0,0,0
"Kyle Brodziak",20092010,MIN,C,82,"1,001",484,517,48.4,827,406,421,31,16,15,143,62,81,248,123,125,353,174,179,394,182,212
"Kyle Brodziak",20102011,MIN,C,80,"1,088",532,556,48.9,834,419,415,87,42,45,167,71,96,293,156,137,335,153,182,460,223,237
"Kyle Brodziak",20112012,MIN,C,82,"1,429",707,722,49.5,"1,103",545,558,93,50,43,233,112,121,361,190,171,449,225,224,619,292,327
"Kyle Brodziak",20122013,MIN,C,48,763,377,386,49.4,624,303,321,44,28,16,95,46,49,189,90,99,255,134,121,319,153,166
"Mattias Tedenby",20122013,NJD,R,4,0,0,0,--,0,0,0,0,0,0,0,0,0,0,0,0,0,0,0,0,0,0
"Mattias Tedenby",20132014,NJD,R,15,2,0,2,0,2,0,2,0,0,0,0,0,0,2,0,2,0,0,0,0,0,0
"Matt Tennyson",20122013,SJS,D,4,0,0,0,--,0,0,0,0,0,0,0,0,0,0,0,0,0,0,0,0,0,0
"Matt Tennyson",20142015,SJS,D,27,0,0,0,--,0,0,0,0,0,0,0,0,0,0,0,0,0,0,0,0,0,0
"Matt Tennyson",20152016,SJS,D,29,0,0,0,--,0,0,0,0,0,0,0,0,0,0,0,0,0,0,0,0,0,0
"Matt Tennyson",20162017,CAR,D,45,0,0,0,--,0,0,0,0,0,0,0,0,0,0,0,0,0,0,0,0,0,0
"Matt Tennyson",20172018,BUF,D,15,0,0,0,--,0,0,0,0,0,0,0,0,0,0,0,0,0,0,0,0,0,0
"Matt Tennyson",20182019,BUF,D,4,0,0,0,--,0,0,0,0,0,0,0,0,0,0,0,0,0,0,0,0,0,0
"Teuvo Teravainen",20132014,CHI,L,3,25,13,12,52,24,12,12,1,1,0,0,0,0,8,4,4,15,8,7,2,1,1
"Teuvo Teravainen",20142015,CHI,L,34,62,29,33,46.8,59,29,30,2,0,2,1,0,1,26,11,15,27,12,15,9,6,3
"Teuvo Teravainen",20152016,CHI,L,78,309,125,184,40.5,259,104,155,23,9,14,27,12,15,101,44,57,109,43,66,99,38,61
"Teuvo Teravainen",20162017,CAR,L,81,413,193,220,46.7,394,186,208,19,7,12,0,0,0,168,78,90,155,73,82,90,42,48
"Teuvo Teravainen",20172018,CAR,L,82,49,15,34,30.6,47,15,32,2,0,2,0,0,0,22,6,16,15,1,14,12,8,4
"Teuvo Teravainen",20182019,CAR,L,82,43,18,25,41.9,40,17,23,2,1,1,1,0,1,25,8,17,7,4,3,11,6,5
"Chris Terry",20122013,CAR,L,3,1,1,0,100,1,1,0,0,0,0,0,0,0,0,0,0,0,0,0,1,1,0
"Chris Terry",20132014,CAR,L,10,0,0,0,--,0,0,0,0,0,0,0,0,0,0,0,0,0,0,0,0,0,0
"Chris Terry",20142015,CAR,L,57,11,6,5,54.5,9,5,4,2,1,1,0,0,0,8,4,4,1,0,1,2,2,0
"Chris Terry",20152016,CAR,L,68,9,1,8,11.1,8,1,7,1,0,1,0,0,0,3,0,3,2,0,2,4,1,3
"Chris Terry",20162017,MTL,L,14,2,1,1,50,2,1,1,0,0,0,0,0,0,2,1,1,0,0,0,0,0,0
"Troy Terry",20172018,ANA,R,2,0,0,0,--,0,0,0,0,0,0,0,0,0,0,0,0,0,0,0,0,0,0
"Troy Terry",20182019,ANA,R,32,5,1,4,20,5,1,4,0,0,0,0,0,0,5,1,4,0,0,0,0,0,0
"Colten Teubert",20112012,EDM,D,24,0,0,0,--,0,0,0,0,0,0,0,0,0,0,0,0,0,0,0,0,0,0
"Josh Teves",20182019,VAN,D,1,0,0,0,--,0,0,0,0,0,0,0,0,0,0,0,0,0,0,0,0,0,0
"Alexandre Texier",20182019,CBJ,C,2,1,0,1,0,1,0,1,0,0,0,0,0,0,0,0,0,0,0,0,1,0,1
"Ryan Thang",20112012,NSH,L,1,0,0,0,--,0,0,0,0,0,0,0,0,0,0,0,0,0,0,0,0,0,0
"Shea Theodore",20152016,ANA,D,19,0,0,0,--,0,0,0,0,0,0,0,0,0,0,0,0,0,0,0,0,0,0
"Shea Theodore",20162017,ANA,D,34,0,0,0,--,0,0,0,0,0,0,0,0,0,0,0,0,0,0,0,0,0,0
"Shea Theodore",20172018,VGK,D,61,0,0,0,--,0,0,0,0,0,0,0,0,0,0,0,0,0,0,0,0,0,0
"Shea Theodore",20182019,VGK,D,79,1,1,0,100,1,1,0,0,0,0,0,0,0,0,0,0,0,0,0,1,1,0
"Bill Thomas",20102011,FLA,R,24,22,13,9,59.1,20,12,8,0,0,0,2,1,1,3,1,2,7,5,2,12,7,5
"Bill Thomas",20112012,FLA,R,7,3,0,3,0,3,0,3,0,0,0,0,0,0,1,0,1,1,0,1,1,0,1
"Christian Thomas",20122013,NYR,L,1,0,0,0,--,0,0,0,0,0,0,0,0,0,0,0,0,0,0,0,0,0,0
"Christian Thomas",20132014,MTL,L,2,0,0,0,--,0,0,0,0,0,0,0,0,0,0,0,0,0,0,0,0,0,0
"Christian Thomas",20142015,MTL,L,18,1,0,1,0,1,0,1,0,0,0,0,0,0,1,0,1,0,0,0,0,0,0
"Christian Thomas",20152016,"MTL,ARI",L,6,0,0,0,--,0,0,0,0,0,0,0,0,0,0,0,0,0,0,0,0,0,0
"Robert Thomas",20182019,STL,C,70,220,97,123,44.1,196,84,112,23,13,10,1,0,1,93,38,55,84,40,44,43,19,24
"Nate Thompson",20092010,"NYI,TBL",C,71,595,323,272,54.3,435,254,181,8,6,2,152,63,89,90,44,46,193,112,81,310,165,145
"Nate Thompson",20102011,TBL,C,79,664,360,304,54.2,495,279,216,10,5,5,159,76,83,125,74,51,249,135,114,290,151,139
"Nate Thompson",20112012,TBL,C,68,592,293,299,49.5,419,213,206,9,5,4,164,75,89,82,46,36,205,101,104,305,146,159
"Nate Thompson",20122013,TBL,C,45,605,310,295,51.2,472,251,221,5,3,2,128,56,72,104,59,45,242,113,129,259,138,121
"Nate Thompson",20132014,TBL,C,81,974,496,478,50.9,794,413,381,9,3,6,171,80,91,229,116,113,330,177,153,415,203,212
"Nate Thompson",20142015,ANA,C,80,"1,056",557,499,52.8,879,481,398,26,11,15,151,65,86,280,138,142,339,179,160,437,240,197
"Nate Thompson",20152016,ANA,C,49,451,235,216,52.1,384,203,181,16,8,8,51,24,27,130,74,56,159,87,72,162,74,88
"Nate Thompson",20162017,ANA,C,30,245,130,115,53.1,200,112,88,6,4,2,39,14,25,69,34,35,80,50,30,96,46,50
"Nate Thompson",20172018,"OTT,LAK",C,69,638,360,278,56.4,491,283,208,2,2,0,145,75,70,142,72,70,173,96,77,323,192,131
"Nate Thompson",20182019,"LAK,MTL",C,78,760,409,351,53.8,633,345,288,18,8,10,109,56,53,177,94,83,201,110,91,382,205,177
"Paul Thompson",20152016,NJD,R,3,0,0,0,--,0,0,0,0,0,0,0,0,0,0,0,0,0,0,0,0,0,0
"Paul Thompson",20162017,FLA,R,21,1,0,1,0,1,0,1,0,0,0,0,0,0,1,0,1,0,0,0,0,0,0
"Tage Thompson",20172018,STL,R,41,10,1,9,10,10,1,9,0,0,0,0,0,0,6,0,6,1,0,1,3,1,2
"Tage Thompson",20182019,BUF,R,65,20,10,10,50,20,10,10,0,0,0,0,0,0,10,3,7,5,3,2,5,4,1
"Ben Thomson",20162017,NJD,L,3,1,0,1,0,1,0,1,0,0,0,0,0,0,0,0,0,0,0,0,1,0,1
"Chris Thorburn",20092010,ATL,R,76,29,16,13,55.2,23,13,10,1,0,1,5,3,2,16,10,6,6,3,3,7,3,4
"Chris Thorburn",20102011,ATL,R,82,251,125,126,49.8,172,91,81,8,4,4,71,30,41,84,46,38,61,27,34,106,52,54
"Chris Thorburn",20112012,WPG,R,72,67,39,28,58.2,59,35,24,1,0,1,7,4,3,34,23,11,12,7,5,21,9,12
"Chris Thorburn",20122013,WPG,R,42,46,20,26,43.5,41,18,23,0,0,0,5,2,3,19,8,11,2,0,2,25,12,13
"Chris Thorburn",20132014,WPG,R,55,33,20,13,60.6,31,19,12,2,1,1,0,0,0,11,4,7,1,1,0,21,15,6
"Chris Thorburn",20142015,WPG,R,81,56,36,20,64.3,56,36,20,0,0,0,0,0,0,47,32,15,4,0,4,5,4,1
"Chris Thorburn",20152016,WPG,R,82,122,68,54,55.7,113,64,49,4,2,2,5,2,3,80,48,32,26,14,12,16,6,10
"Chris Thorburn",20162017,WPG,R,64,26,13,13,50,24,12,12,0,0,0,2,1,1,18,10,8,8,3,5,0,0,0
"Chris Thorburn",20172018,STL,R,50,12,7,5,58.3,11,7,4,1,0,1,0,0,0,4,2,2,6,3,3,2,2,0
"Chris Thorburn",20182019,STL,R,1,0,0,0,--,0,0,0,0,0,0,0,0,0,0,0,0,0,0,0,0,0,0
"Joe Thornton",20092010,SJS,C,79,"1,228",662,566,53.9,932,491,441,237,138,99,59,33,26,481,254,227,425,223,202,319,183,136
"Joe Thornton",20102011,SJS,C,80,"1,240",675,565,54.4,965,509,456,191,111,80,84,55,29,460,238,222,463,253,210,317,184,133
"Joe Thornton",20112012,SJS,C,82,993,557,436,56.1,739,418,321,191,102,89,63,37,26,376,206,170,320,187,133,297,164,133
"Joe Thornton",20122013,SJS,C,48,701,410,291,58.5,556,320,236,99,61,38,46,29,17,277,170,107,204,116,88,220,124,96
"Joe Thornton",20132014,SJS,C,82,"1,099",617,482,56.1,854,470,384,174,107,67,71,40,31,417,229,188,317,191,126,365,197,168
"Joe Thornton",20142015,SJS,C,78,955,554,401,58,747,440,307,133,76,57,75,38,37,336,180,156,262,159,103,357,215,142
"Joe Thornton",20152016,SJS,C,82,753,399,354,53,592,307,285,160,91,69,1,1,0,305,170,135,266,144,122,182,85,97
"Joe Thornton",20162017,SJS,C,79,737,375,362,50.9,566,285,281,168,89,79,3,1,2,307,151,156,244,133,111,186,91,95
"Joe Thornton",20172018,SJS,C,47,440,229,211,52,377,198,179,61,29,32,2,2,0,188,85,103,161,92,69,91,52,39
"Joe Thornton",20182019,SJS,C,73,675,356,319,52.7,639,335,304,35,20,15,1,1,0,220,115,105,268,145,123,187,96,91
"Shawn Thornton",20092010,BOS,L,74,23,11,12,47.8,22,10,12,1,1,0,0,0,0,7,3,4,4,3,1,12,5,7
"Shawn Thornton",20102011,BOS,L,79,31,17,14,54.8,31,17,14,0,0,0,0,0,0,11,5,6,4,2,2,16,10,6
"Shawn Thornton",20112012,BOS,L,81,38,16,22,42.1,37,15,22,1,1,0,0,0,0,26,11,15,4,1,3,8,4,4
"Shawn Thornton",20122013,BOS,L,45,17,7,10,41.2,17,7,10,0,0,0,0,0,0,11,5,6,3,1,2,3,1,2
"Shawn Thornton",20132014,BOS,L,64,9,3,6,33.3,9,3,6,0,0,0,0,0,0,6,2,4,3,1,2,0,0,0
"Shawn Thornton",20142015,FLA,L,46,12,3,9,25,12,3,9,0,0,0,0,0,0,10,2,8,2,1,1,0,0,0
"Shawn Thornton",20152016,FLA,L,50,13,6,7,46.1,13,6,7,0,0,0,0,0,0,8,4,4,4,1,3,1,1,0
"Shawn Thornton",20162017,FLA,L,50,15,5,10,33.3,15,5,10,0,0,0,0,0,0,7,3,4,7,2,5,1,0,1
"Andreas Thuresson",20092010,NSH,R,22,10,3,7,30,10,3,7,0,0,0,0,0,0,7,3,4,0,0,0,3,0,3
"Andreas Thuresson",20102011,NSH,R,3,2,0,2,0,2,0,2,0,0,0,0,0,0,1,0,1,0,0,0,1,0,1
"Chris Tierney",20142015,SJS,C,43,342,150,192,43.9,321,141,180,16,8,8,5,1,4,103,45,58,154,66,88,85,39,46
"Chris Tierney",20152016,SJS,C,79,805,368,437,45.7,651,297,354,12,8,4,142,63,79,154,80,74,336,145,191,315,143,172
"Chris Tierney",20162017,SJS,C,80,826,401,425,48.5,682,337,345,19,10,9,125,54,71,205,98,107,327,162,165,294,141,153
"Chris Tierney",20172018,SJS,C,82,956,488,468,51,787,397,390,66,33,33,103,58,45,268,140,128,373,186,187,315,162,153
"Chris Tierney",20182019,OTT,C,81,"1,043",531,512,50.9,850,443,407,71,35,36,122,53,69,306,151,155,332,167,165,405,213,192
"Viktor Tikhonov",20152016,"CHI,ARI",R,50,116,45,71,38.8,97,39,58,19,6,13,0,0,0,53,23,30,39,15,24,24,7,17
"Scott Timmins",20102011,FLA,C,19,130,61,69,46.9,112,54,58,2,1,1,16,6,10,35,22,13,42,20,22,53,19,34
"Scott Timmins",20122013,FLA,C,5,31,15,16,48.4,28,14,14,1,0,1,2,1,1,8,3,5,9,5,4,14,7,7
"Kimmo Timonen",20092010,PHI,D,82,0,0,0,--,0,0,0,0,0,0,0,0,0,0,0,0,0,0,0,0,0,0
"Kimmo Timonen",20102011,PHI,D,82,1,0,1,0,0,0,0,0,0,0,1,0,1,0,0,0,0,0,0,1,0,1
"Kimmo Timonen",20112012,PHI,D,76,1,1,0,100,0,0,0,0,0,0,1,1,0,0,0,0,0,0,0,1,1,0
"Kimmo Timonen",20122013,PHI,D,45,0,0,0,--,0,0,0,0,0,0,0,0,0,0,0,0,0,0,0,0,0,0
"Kimmo Timonen",20132014,PHI,D,77,0,0,0,--,0,0,0,0,0,0,0,0,0,0,0,0,0,0,0,0,0,0
"Kimmo Timonen",20142015,CHI,D,16,0,0,0,--,0,0,0,0,0,0,0,0,0,0,0,0,0,0,0,0,0,0
"Jarred Tinordi",20122013,MTL,D,8,0,0,0,--,0,0,0,0,0,0,0,0,0,0,0,0,0,0,0,0,0,0
"Jarred Tinordi",20132014,MTL,D,22,0,0,0,--,0,0,0,0,0,0,0,0,0,0,0,0,0,0,0,0,0,0
"Jarred Tinordi",20142015,MTL,D,13,0,0,0,--,0,0,0,0,0,0,0,0,0,0,0,0,0,0,0,0,0,0
"Jarred Tinordi",20152016,"MTL,ARI",D,10,0,0,0,--,0,0,0,0,0,0,0,0,0,0,0,0,0,0,0,0,0,0
"Owen Tippett",20172018,FLA,R,7,2,0,2,0,2,0,2,0,0,0,0,0,0,1,0,1,0,0,0,1,0,1
"Brady Tkachuk",20182019,OTT,L,71,149,73,76,49,106,58,48,42,15,27,1,0,1,100,47,53,37,21,16,12,5,7
"Keith Tkachuk",20092010,STL,L,67,695,389,306,56,562,312,250,133,77,56,0,0,0,257,134,123,239,150,89,201,105,96
"Matthew Tkachuk",20162017,CGY,L,76,23,8,15,34.8,22,8,14,1,0,1,0,0,0,11,2,9,7,3,4,5,3,2
"Matthew Tkachuk",20172018,CGY,L,68,17,7,10,41.2,10,4,6,7,3,4,0,0,0,10,3,7,3,1,2,4,3,1
"Matthew Tkachuk",20182019,CGY,L,80,13,6,7,46.1,11,5,6,2,1,1,0,0,0,8,5,3,2,0,2,3,1,2
"Jiri Tlusty",20092010,"TOR,CAR",L,20,2,2,0,100,2,2,0,0,0,0,0,0,0,0,0,0,2,2,0,0,0,0
"Jiri Tlusty",20102011,CAR,L,57,15,2,13,13.3,15,2,13,0,0,0,0,0,0,2,0,2,3,0,3,10,2,8
"Jiri Tlusty",20112012,CAR,L,79,11,3,8,27.3,5,0,5,1,1,0,5,2,3,6,3,3,0,0,0,5,0,5
"Jiri Tlusty",20122013,CAR,L,48,18,3,15,16.7,15,2,13,1,0,1,2,1,1,4,0,4,6,1,5,8,2,6
"Jiri Tlusty",20132014,CAR,L,68,15,3,12,20,11,3,8,1,0,1,3,0,3,5,1,4,5,2,3,5,0,5
"Jiri Tlusty",20142015,"CAR,WPG",L,72,15,5,10,33.3,13,4,9,1,1,0,1,0,1,4,2,2,5,1,4,6,2,4
"Jiri Tlusty",20152016,NJD,L,30,0,0,0,--,0,0,0,0,0,0,0,0,0,0,0,0,0,0,0,0,0,0
"Devon Toews",20182019,NYI,D,48,1,0,1,0,1,0,1,0,0,0,0,0,0,0,0,0,1,0,1,0,0,0
"Jonathan Toews",20092010,CHI,C,76,"1,397",801,596,57.3,"1,038",575,463,275,186,89,84,40,44,620,372,248,442,244,198,333,185,148
"Jonathan Toews",20102011,CHI,C,80,"1,653",937,716,56.7,"1,154",646,508,297,176,121,202,115,87,686,403,283,539,288,251,428,246,182
"Jonathan Toews",20112012,CHI,C,59,"1,137",675,462,59.4,807,476,331,215,139,76,115,60,55,489,313,176,381,210,171,267,152,115
"Jonathan Toews",20122013,CHI,C,47,933,559,374,59.9,750,431,319,129,93,36,54,35,19,342,221,121,358,208,150,233,130,103
"Jonathan Toews",20132014,CHI,C,76,"1,544",884,660,57.3,"1,172",660,512,284,184,100,88,40,48,672,396,276,557,316,241,315,172,143
"Jonathan Toews",20142015,CHI,C,81,"1,675",947,728,56.5,"1,263",693,570,334,211,123,78,43,35,734,429,305,548,307,241,393,211,182
"Jonathan Toews",20152016,CHI,C,80,"1,573",921,652,58.5,"1,264",740,524,201,128,73,108,53,55,595,368,227,545,329,216,433,224,209
"Jonathan Toews",20162017,CHI,C,72,"1,552",852,700,54.9,"1,196",656,540,203,120,83,153,76,77,587,331,256,485,265,220,480,256,224
"Jonathan Toews",20172018,CHI,C,74,"1,553",900,653,58,"1,162",679,483,215,132,83,176,89,87,602,365,237,488,284,204,463,251,212
"Jonathan Toews",20182019,CHI,C,82,"1,880","1,059",821,56.3,"1,359",771,588,287,166,121,234,122,112,723,429,294,557,310,247,600,320,280
"Tyler Toffoli",20122013,LAK,R,10,0,0,0,--,0,0,0,0,0,0,0,0,0,0,0,0,0,0,0,0,0,0
"Tyler Toffoli",20132014,LAK,R,62,9,2,7,22.2,8,1,7,1,1,0,0,0,0,4,1,3,5,1,4,0,0,0
"Tyler Toffoli",20142015,LAK,R,76,9,4,5,44.4,6,4,2,3,0,3,0,0,0,7,3,4,2,1,1,0,0,0
"Tyler Toffoli",20152016,LAK,R,82,4,0,4,0,3,0,3,0,0,0,1,0,1,2,0,2,2,0,2,0,0,0
"Tyler Toffoli",20162017,LAK,R,63,5,2,3,40,4,1,3,1,1,0,0,0,0,4,1,3,1,1,0,0,0,0
"Tyler Toffoli",20172018,LAK,R,82,25,9,16,36,16,5,11,5,3,2,4,1,3,11,5,6,6,2,4,8,2,6
"Tyler Toffoli",20182019,LAK,R,82,51,24,27,47.1,42,18,24,6,5,1,3,1,2,33,15,18,11,4,7,7,5,2
"Sergey Tolchinsky",20152016,CAR,L,2,1,0,1,0,1,0,1,0,0,0,0,0,0,1,0,1,0,0,0,0,0,0
"Sergey Tolchinsky",20162017,CAR,L,2,0,0,0,--,0,0,0,0,0,0,0,0,0,0,0,0,0,0,0,0,0,0
"Ole-Kristian Tollefsen",20092010,PHI,D,18,0,0,0,--,0,0,0,0,0,0,0,0,0,0,0,0,0,0,0,0,0,0
"Eeli Tolvanen",20172018,NSH,R,3,0,0,0,--,0,0,0,0,0,0,0,0,0,0,0,0,0,0,0,0,0,0
"Eeli Tolvanen",20182019,NSH,R,4,0,0,0,--,0,0,0,0,0,0,0,0,0,0,0,0,0,0,0,0,0,0
"Dominic Toninato",20172018,COL,C,37,199,83,116,41.7,182,80,102,4,1,3,13,2,11,62,26,36,70,31,39,67,26,41
"Dominic Toninato",20182019,COL,C,2,4,0,4,0,4,0,4,0,0,0,0,0,0,1,0,1,2,0,2,1,0,1
"Jordin Tootoo",20092010,NSH,R,51,8,2,6,25,7,2,5,1,0,1,0,0,0,6,1,5,2,1,1,0,0,0
"Jordin Tootoo",20102011,NSH,R,54,3,2,1,66.7,3,2,1,0,0,0,0,0,0,1,1,0,2,1,1,0,0,0
"Jordin Tootoo",20112012,NSH,R,77,12,4,8,33.3,12,4,8,0,0,0,0,0,0,3,0,3,5,2,3,4,2,2
"Jordin Tootoo",20122013,DET,R,42,0,0,0,--,0,0,0,0,0,0,0,0,0,0,0,0,0,0,0,0,0,0
"Jordin Tootoo",20132014,DET,R,11,0,0,0,--,0,0,0,0,0,0,0,0,0,0,0,0,0,0,0,0,0,0
"Jordin Tootoo",20142015,NJD,R,68,1,1,0,100,0,0,0,1,1,0,0,0,0,1,1,0,0,0,0,0,0,0
"Jordin Tootoo",20152016,NJD,R,66,2,0,2,0,2,0,2,0,0,0,0,0,0,0,0,0,2,0,2,0,0,0
"Jordin Tootoo",20162017,CHI,R,50,1,1,0,100,1,1,0,0,0,0,0,0,0,0,0,0,1,1,0,0,0,0
"Raffi Torres",20092010,"CBJ,BUF",L,74,50,18,32,36,44,17,27,6,1,5,0,0,0,22,7,15,15,3,12,12,7,5
"Raffi Torres",20102011,VAN,L,80,32,10,22,31.3,21,5,16,10,5,5,1,0,1,7,1,6,13,5,8,12,4,8
"Raffi Torres",20112012,PHX,L,79,15,7,8,46.7,14,6,8,1,1,0,0,0,0,7,4,3,1,0,1,7,3,4
"Raffi Torres",20122013,"PHX,SJS",L,39,13,6,7,46.1,12,5,7,1,1,0,0,0,0,5,2,3,4,3,1,4,1,3
"Raffi Torres",20132014,SJS,L,5,4,2,2,50,3,1,2,1,1,0,0,0,0,1,0,1,1,1,0,2,1,1
"Vincent Trocheck",20132014,FLA,C,20,348,166,182,47.7,256,119,137,27,19,8,65,28,37,106,52,54,100,42,58,142,72,70
"Vincent Trocheck",20142015,FLA,C,50,481,234,247,48.6,450,217,233,29,16,13,2,1,1,179,84,95,162,79,83,140,71,69
"Vincent Trocheck",20152016,FLA,C,76,"1,106",547,559,49.5,966,475,491,83,46,37,57,26,31,362,192,170,366,172,194,378,183,195
"Vincent Trocheck",20162017,FLA,C,82,"1,664",835,829,50.2,"1,312",658,654,182,97,85,170,80,90,561,275,286,510,267,243,593,293,300
"Vincent Trocheck",20172018,FLA,C,82,"1,577",853,724,54.1,"1,300",698,602,151,97,54,126,58,68,477,266,211,491,247,244,609,340,269
"Vincent Trocheck",20182019,FLA,C,55,961,498,463,51.8,805,412,393,79,45,34,77,41,36,324,177,147,298,138,160,339,183,156
"Corey Tropp",20112012,BUF,R,34,5,0,5,0,5,0,5,0,0,0,0,0,0,1,0,1,1,0,1,3,0,3
"Corey Tropp",20132014,"BUF,CBJ",R,53,1,0,1,0,1,0,1,0,0,0,0,0,0,0,0,0,0,0,0,1,0,1
"Corey Tropp",20142015,CBJ,R,61,2,1,1,50,2,1,1,0,0,0,0,0,0,1,0,1,1,1,0,0,0,0
"Corey Tropp",20162017,ANA,R,1,0,0,0,--,0,0,0,0,0,0,0,0,0,0,0,0,0,0,0,0,0,0
"Zach Trotman",20132014,BOS,D,2,0,0,0,--,0,0,0,0,0,0,0,0,0,0,0,0,0,0,0,0,0,0
"Zach Trotman",20142015,BOS,D,27,0,0,0,--,0,0,0,0,0,0,0,0,0,0,0,0,0,0,0,0,0,0
"Zach Trotman",20152016,BOS,D,38,0,0,0,--,0,0,0,0,0,0,0,0,0,0,0,0,0,0,0,0,0,0
"Zach Trotman",20172018,PIT,D,3,0,0,0,--,0,0,0,0,0,0,0,0,0,0,0,0,0,0,0,0,0,0
"Zach Trotman",20182019,PIT,D,13,0,0,0,--,0,0,0,0,0,0,0,0,0,0,0,0,0,0,0,0,0,0
"Brock Trotter",20092010,MTL,L,2,0,0,0,--,0,0,0,0,0,0,0,0,0,0,0,0,0,0,0,0,0,0
"Jacob Trouba",20132014,WPG,D,65,0,0,0,--,0,0,0,0,0,0,0,0,0,0,0,0,0,0,0,0,0,0
"Jacob Trouba",20142015,WPG,D,65,1,0,1,0,0,0,0,0,0,0,1,0,1,0,0,0,1,0,1,0,0,0
"Jacob Trouba",20152016,WPG,D,81,1,0,1,0,1,0,1,0,0,0,0,0,0,0,0,0,0,0,0,1,0,1
"Jacob Trouba",20162017,WPG,D,60,0,0,0,--,0,0,0,0,0,0,0,0,0,0,0,0,0,0,0,0,0,0
"Jacob Trouba",20172018,WPG,D,55,0,0,0,--,0,0,0,0,0,0,0,0,0,0,0,0,0,0,0,0,0,0
"Jacob Trouba",20182019,WPG,D,82,0,0,0,--,0,0,0,0,0,0,0,0,0,0,0,0,0,0,0,0,0,0
"Nikita Tryamkin",20152016,VAN,D,13,0,0,0,--,0,0,0,0,0,0,0,0,0,0,0,0,0,0,0,0,0,0
"Nikita Tryamkin",20162017,VAN,D,66,0,0,0,--,0,0,0,0,0,0,0,0,0,0,0,0,0,0,0,0,0,0
"Alex Tuch",20162017,MIN,R,6,0,0,0,--,0,0,0,0,0,0,0,0,0,0,0,0,0,0,0,0,0,0
"Alex Tuch",20172018,VGK,R,78,165,70,95,42.4,84,28,56,80,41,39,1,1,0,141,65,76,17,3,14,7,2,5
"Alex Tuch",20182019,VGK,R,74,112,43,69,38.4,62,21,41,50,22,28,0,0,0,92,35,57,11,5,6,9,3,6
"Darcy Tucker",20092010,COL,R,71,45,29,16,64.4,15,9,6,30,20,10,0,0,0,23,12,11,6,4,2,17,13,4
"Dominic Turgeon",20172018,DET,C,5,21,7,14,33.3,20,7,13,0,0,0,1,0,1,7,2,5,6,1,5,8,4,4
"Dominic Turgeon",20182019,DET,C,4,21,8,13,38.1,21,8,13,0,0,0,0,0,0,10,2,8,6,4,2,5,2,3
"Travis Turnbull",20112012,BUF,C,3,10,5,5,50,9,5,4,0,0,0,1,0,1,3,2,1,5,2,3,2,1,1
"Kyle Turris",20102011,PHX,C,65,540,270,270,50,457,233,224,80,37,43,3,0,3,230,105,125,210,116,94,100,49,51
"Kyle Turris",20112012,"PHX,OTT",C,55,723,338,385,46.8,619,287,332,96,48,48,8,3,5,262,126,136,272,132,140,189,80,109
"Kyle Turris",20122013,OTT,C,48,920,451,469,49,671,340,331,141,57,84,108,54,54,342,152,190,292,157,135,286,142,144
"Kyle Turris",20132014,OTT,C,82,"1,429",724,705,50.7,"1,092",539,553,153,84,69,184,101,83,431,198,233,503,264,239,495,262,233
"Kyle Turris",20142015,OTT,C,82,"1,472",737,735,50.1,"1,183",582,601,202,114,88,87,41,46,532,275,257,468,232,236,472,230,242
"Kyle Turris",20152016,OTT,C,57,"1,044",536,508,51.3,834,426,408,184,97,87,26,13,13,452,241,211,315,158,157,277,137,140
"Kyle Turris",20162017,OTT,C,78,"1,225",650,575,53.1,960,507,453,215,115,100,50,28,22,494,255,239,370,197,173,361,198,163
"Kyle Turris",20172018,"OTT,NSH",C,76,872,449,423,51.5,807,412,395,61,35,26,4,2,2,358,180,178,336,175,161,178,94,84
"Kyle Turris",20182019,NSH,C,55,553,281,272,50.8,506,254,252,43,24,19,4,3,1,271,129,142,168,96,72,114,56,58
"T.J. Tynan",20162017,CBJ,C,3,0,0,0,--,0,0,0,0,0,0,0,0,0,0,0,0,0,0,0,0,0,0
"Dana Tyrell",20102011,TBL,C,78,11,5,6,45.5,4,2,2,0,0,0,7,3,4,1,1,0,4,1,3,6,3,3
"Dana Tyrell",20112012,TBL,C,26,3,0,3,0,1,0,1,0,0,0,2,0,2,1,0,1,1,0,1,1,0,1
"Dana Tyrell",20122013,TBL,C,21,15,5,10,33.3,12,5,7,0,0,0,3,0,3,4,3,1,7,2,5,4,0,4
"Dana Tyrell",20132014,TBL,C,7,6,2,4,33.3,6,2,4,0,0,0,0,0,0,2,1,1,4,1,3,0,0,0
"Dana Tyrell",20142015,CBJ,C,3,0,0,0,--,0,0,0,0,0,0,0,0,0,0,0,0,0,0,0,0,0,0
"Fedor Tyutin",20092010,CBJ,D,80,3,1,2,33.3,1,1,0,0,0,0,2,0,2,0,0,0,0,0,0,2,0,2
"Fedor Tyutin",20102011,CBJ,D,80,2,1,1,50,2,1,1,0,0,0,0,0,0,0,0,0,1,0,1,1,1,0
"Fedor Tyutin",20112012,CBJ,D,66,0,0,0,--,0,0,0,0,0,0,0,0,0,0,0,0,0,0,0,0,0,0
"Fedor Tyutin",20122013,CBJ,D,48,1,1,0,100,1,1,0,0,0,0,0,0,0,0,0,0,1,1,0,0,0,0
"Fedor Tyutin",20132014,CBJ,D,69,0,0,0,--,0,0,0,0,0,0,0,0,0,0,0,0,0,0,0,0,0,0
"Fedor Tyutin",20142015,CBJ,D,67,0,0,0,--,0,0,0,0,0,0,0,0,0,0,0,0,0,0,0,0,0,0
"Fedor Tyutin",20152016,CBJ,D,61,0,0,0,--,0,0,0,0,0,0,0,0,0,0,0,0,0,0,0,0,0,0
"Fedor Tyutin",20162017,COL,D,69,0,0,0,--,0,0,0,0,0,0,0,0,0,0,0,0,0,0,0,0,0,0
"Dominik Uher",20142015,PIT,C,2,0,0,0,--,0,0,0,0,0,0,0,0,0,0,0,0,0,0,0,0,0,0
"David Ullstrom",20112012,NYI,L,29,10,6,4,60,9,6,3,1,0,1,0,0,0,2,1,1,2,1,1,6,4,2
"David Ullstrom",20122013,NYI,L,20,18,10,8,55.5,18,10,8,0,0,0,0,0,0,6,3,3,3,1,2,9,6,3
"R.J. Umberger",20092010,CBJ,C,82,704,372,332,52.8,434,219,215,246,140,106,24,13,11,352,189,163,178,93,85,174,90,84
"R.J. Umberger",20102011,CBJ,C,82,220,111,109,50.5,110,54,56,97,49,48,13,8,5,121,61,60,54,24,30,45,26,19
"R.J. Umberger",20112012,CBJ,C,77,306,150,156,49,163,82,81,117,58,59,26,10,16,186,100,86,67,26,41,53,24,29
"R.J. Umberger",20122013,CBJ,C,48,108,54,54,50,73,37,36,26,13,13,9,4,5,49,22,27,28,14,14,31,18,13
"R.J. Umberger",20132014,CBJ,C,74,40,25,15,62.5,27,17,10,11,7,4,2,1,1,17,11,6,15,9,6,8,5,3
"R.J. Umberger",20142015,PHI,C,67,22,9,13,40.9,15,7,8,2,0,2,5,2,3,9,3,6,5,3,2,8,3,5
"R.J. Umberger",20152016,PHI,C,39,5,2,3,40,2,2,0,1,0,1,2,0,2,2,2,0,3,0,3,0,0,0
"Scottie Upshall",20092010,PHX,R,49,17,7,10,41.2,16,7,9,1,0,1,0,0,0,10,4,6,5,3,2,1,0,1
"Scottie Upshall",20102011,"PHX,CBJ",R,82,25,8,17,32,19,6,13,4,1,3,2,1,1,14,5,9,3,0,3,8,3,5
"Scottie Upshall",20112012,FLA,R,26,6,3,3,50,5,2,3,1,1,0,0,0,0,2,2,0,3,1,2,1,0,1
"Scottie Upshall",20122013,FLA,R,27,14,9,5,64.3,9,6,3,4,2,2,1,1,0,7,5,2,4,3,1,3,1,2
"Scottie Upshall",20132014,FLA,R,76,71,32,39,45.1,47,16,31,13,8,5,11,8,3,37,16,21,19,8,11,15,8,7
"Scottie Upshall",20142015,FLA,R,63,65,34,31,52.3,38,17,21,5,3,2,22,14,8,31,14,17,16,10,6,18,10,8
"Scottie Upshall",20152016,STL,R,70,34,12,22,35.3,28,11,17,1,1,0,5,0,5,9,2,7,13,4,9,12,6,6
"Scottie Upshall",20162017,STL,R,73,12,3,9,25,4,1,3,0,0,0,8,2,6,4,2,2,4,0,4,4,1,3
"Scottie Upshall",20172018,STL,R,63,15,8,7,53.3,12,6,6,0,0,0,3,2,1,6,2,4,4,2,2,5,4,1
"Alexander Urbom",20102011,NJD,D,8,0,0,0,--,0,0,0,0,0,0,0,0,0,0,0,0,0,0,0,0,0,0
"Alexander Urbom",20112012,NJD,D,5,0,0,0,--,0,0,0,0,0,0,0,0,0,0,0,0,0,0,0,0,0,0
"Alexander Urbom",20122013,NJD,D,1,0,0,0,--,0,0,0,0,0,0,0,0,0,0,0,0,0,0,0,0,0,0
"Alexander Urbom",20132014,WSH,D,20,0,0,0,--,0,0,0,0,0,0,0,0,0,0,0,0,0,0,0,0,0,0
"Urho Vaakanainen",20182019,BOS,D,2,0,0,0,--,0,0,0,0,0,0,0,0,0,0,0,0,0,0,0,0,0,0
"Boris Valabik",20092010,ATL,D,23,0,0,0,--,0,0,0,0,0,0,0,0,0,0,0,0,0,0,0,0,0,0
"Rinat Valiev",20152016,TOR,D,10,0,0,0,--,0,0,0,0,0,0,0,0,0,0,0,0,0,0,0,0,0,0
"Rinat Valiev",20172018,MTL,D,2,0,0,0,--,0,0,0,0,0,0,0,0,0,0,0,0,0,0,0,0,0,0
"Juuso Valimaki",20182019,CGY,D,24,0,0,0,--,0,0,0,0,0,0,0,0,0,0,0,0,0,0,0,0,0,0
"Curtis Valk",20172018,FLA,C,1,3,0,3,0,3,0,3,0,0,0,0,0,0,3,0,3,0,0,0,0,0,0
"Bryce Van Brabant",20132014,CGY,L,6,0,0,0,--,0,0,0,0,0,0,0,0,0,0,0,0,0,0,0,0,0,0
"David Van Der Gulik",20102011,COL,L,6,1,0,1,0,1,0,1,0,0,0,0,0,0,0,0,0,1,0,1,0,0,0
"David Van Der Gulik",20112012,COL,L,25,38,11,27,28.9,37,10,27,0,0,0,1,1,0,9,6,3,24,5,19,5,0,5
"David Van Der Gulik",20122013,COL,L,9,8,4,4,50,5,3,2,0,0,0,3,1,2,5,3,2,2,1,1,1,0,1
"David Van Der Gulik",20132014,COL,L,2,2,1,1,50,2,1,1,0,0,0,0,0,0,1,0,1,0,0,0,1,1,0
"David Van Der Gulik",20142015,LAK,L,1,0,0,0,--,0,0,0,0,0,0,0,0,0,0,0,0,0,0,0,0,0,0
"Mark Van Guilder",20132014,NSH,C,1,0,0,0,--,0,0,0,0,0,0,0,0,0,0,0,0,0,0,0,0,0,0
"James van Riemsdyk",20092010,PHI,L,78,2,0,2,0,2,0,2,0,0,0,0,0,0,1,0,1,1,0,1,1,0,1
"James van Riemsdyk",20102011,PHI,L,75,3,0,3,0,3,0,3,0,0,0,0,0,0,2,0,2,0,0,0,1,0,1
"James van Riemsdyk",20112012,PHI,L,43,5,2,3,40,3,0,3,2,2,0,0,0,0,4,2,2,1,0,1,0,0,0
"James van Riemsdyk",20122013,TOR,L,48,43,24,19,55.8,22,12,10,16,11,5,5,1,4,19,8,11,15,10,5,9,6,3
"James van Riemsdyk",20132014,TOR,L,80,113,46,67,40.7,62,22,40,44,21,23,7,3,4,58,23,35,29,11,18,26,12,14
"James van Riemsdyk",20142015,TOR,L,82,54,21,33,38.9,29,12,17,20,8,12,5,1,4,39,14,25,9,4,5,6,3,3
"James van Riemsdyk",20152016,TOR,L,40,2,1,1,50,1,1,0,1,0,1,0,0,0,2,1,1,0,0,0,0,0,0
"James van Riemsdyk",20162017,TOR,L,82,5,1,4,20,4,1,3,1,0,1,0,0,0,3,0,3,0,0,0,2,1,1
"James van Riemsdyk",20172018,TOR,L,81,1,0,1,0,1,0,1,0,0,0,0,0,0,0,0,0,0,0,0,1,0,1
"James van Riemsdyk",20182019,PHI,L,66,11,6,5,54.5,10,6,4,1,0,1,0,0,0,6,3,3,3,1,2,2,2,0
"Trevor van Riemsdyk",20142015,CHI,D,18,0,0,0,--,0,0,0,0,0,0,0,0,0,0,0,0,0,0,0,0,0,0
"Trevor van Riemsdyk",20152016,CHI,D,82,0,0,0,--,0,0,0,0,0,0,0,0,0,0,0,0,0,0,0,0,0,0
"Trevor van Riemsdyk",20162017,CHI,D,58,0,0,0,--,0,0,0,0,0,0,0,0,0,0,0,0,0,0,0,0,0,0
"Trevor van Riemsdyk",20172018,CAR,D,79,0,0,0,--,0,0,0,0,0,0,0,0,0,0,0,0,0,0,0,0,0,0
"Trevor van Riemsdyk",20182019,CAR,D,78,0,0,0,--,0,0,0,0,0,0,0,0,0,0,0,0,0,0,0,0,0,0
"Jim Vandermeer",20092010,PHX,D,62,0,0,0,--,0,0,0,0,0,0,0,0,0,0,0,0,0,0,0,0,0,0
"Jim Vandermeer",20102011,EDM,D,62,0,0,0,--,0,0,0,0,0,0,0,0,0,0,0,0,0,0,0,0,0,0
"Jim Vandermeer",20112012,SJS,D,25,0,0,0,--,0,0,0,0,0,0,0,0,0,0,0,0,0,0,0,0,0,0
"Chris VandeVelde",20102011,EDM,C,12,159,84,75,52.8,125,67,58,18,9,9,16,8,8,59,39,20,48,19,29,52,26,26
"Chris VandeVelde",20112012,EDM,C,5,40,18,22,45,33,15,18,0,0,0,7,3,4,9,5,4,18,8,10,13,5,8
"Chris VandeVelde",20122013,EDM,C,11,44,21,23,47.7,38,18,20,0,0,0,6,3,3,16,8,8,16,6,10,12,7,5
"Chris VandeVelde",20132014,PHI,C,18,40,16,24,40,36,16,20,0,0,0,4,0,4,6,3,3,24,11,13,10,2,8
"Chris VandeVelde",20142015,PHI,C,72,56,21,35,37.5,46,16,30,1,1,0,9,4,5,20,8,12,20,7,13,16,6,10
"Chris VandeVelde",20152016,PHI,C,79,21,6,15,28.6,11,3,8,0,0,0,10,3,7,4,1,3,7,0,7,10,5,5
"Chris VandeVelde",20162017,PHI,C,81,42,22,20,52.4,32,18,14,0,0,0,10,4,6,16,10,6,15,8,7,11,4,7
"Thomas Vanek",20092010,BUF,L,71,9,2,7,22.2,8,1,7,1,1,0,0,0,0,4,1,3,3,1,2,2,0,2
"Thomas Vanek",20102011,BUF,L,80,26,8,18,30.8,10,1,9,14,5,9,2,2,0,18,7,11,4,1,3,4,0,4
"Thomas Vanek",20112012,BUF,L,78,6,3,3,50,4,2,2,0,0,0,2,1,1,4,3,1,1,0,1,1,0,1
"Thomas Vanek",20122013,BUF,L,38,12,8,4,66.7,10,8,2,2,0,2,0,0,0,7,3,4,2,2,0,3,3,0
"Thomas Vanek",20132014,"BUF,NYI,MTL",L,78,46,20,26,43.5,34,15,19,12,5,7,0,0,0,37,17,20,3,1,2,6,2,4
"Thomas Vanek",20142015,MIN,L,80,20,10,10,50,12,7,5,8,3,5,0,0,0,14,7,7,5,3,2,1,0,1
"Thomas Vanek",20152016,MIN,L,74,38,12,26,31.6,26,7,19,12,5,7,0,0,0,32,9,23,5,3,2,1,0,1
"Thomas Vanek",20162017,"DET,FLA",L,68,15,6,9,40,11,5,6,4,1,3,0,0,0,12,6,6,3,0,3,0,0,0
"Thomas Vanek",20172018,"VAN,CBJ",L,80,24,6,18,25,17,4,13,7,2,5,0,0,0,14,5,9,7,1,6,3,0,3
"Thomas Vanek",20182019,DET,L,64,25,7,18,28,23,6,17,2,1,1,0,0,0,15,3,12,7,2,5,3,2,1
"Phil Varone",20132014,BUF,C,9,56,26,30,46.4,54,25,29,2,1,1,0,0,0,20,7,13,27,14,13,9,5,4
"Phil Varone",20142015,BUF,C,28,326,147,179,45.1,316,144,172,10,3,7,0,0,0,93,45,48,114,48,66,119,54,65
"Phil Varone",20152016,"BUF,OTT",C,6,18,10,8,55.5,18,10,8,0,0,0,0,0,0,5,4,1,7,4,3,6,2,4
"Phil Varone",20162017,OTT,C,7,27,15,12,55.5,27,15,12,0,0,0,0,0,0,11,6,5,10,4,6,6,5,1
"Phil Varone",20182019,PHI,C,47,163,81,82,49.7,161,80,81,0,0,0,2,1,1,40,13,27,80,46,34,43,22,21
"Alexander Vasyunov",20102011,NJD,L,18,0,0,0,--,0,0,0,0,0,0,0,0,0,0,0,0,0,0,0,0,0,0
"Sami Vatanen",20122013,ANA,D,8,0,0,0,--,0,0,0,0,0,0,0,0,0,0,0,0,0,0,0,0,0,0
"Sami Vatanen",20132014,ANA,D,48,0,0,0,--,0,0,0,0,0,0,0,0,0,0,0,0,0,0,0,0,0,0
"Sami Vatanen",20142015,ANA,D,67,2,1,1,50,0,0,0,2,1,1,0,0,0,0,0,0,1,0,1,1,1,0
"Sami Vatanen",20152016,ANA,D,71,0,0,0,--,0,0,0,0,0,0,0,0,0,0,0,0,0,0,0,0,0,0
"Sami Vatanen",20162017,ANA,D,71,0,0,0,--,0,0,0,0,0,0,0,0,0,0,0,0,0,0,0,0,0,0
"Sami Vatanen",20172018,"ANA,NJD",D,72,0,0,0,--,0,0,0,0,0,0,0,0,0,0,0,0,0,0,0,0,0,0
"Sami Vatanen",20182019,NJD,D,50,0,0,0,--,0,0,0,0,0,0,0,0,0,0,0,0,0,0,0,0,0,0
"Frank Vatrano",20152016,BOS,C,39,3,0,3,0,3,0,3,0,0,0,0,0,0,2,0,2,0,0,0,1,0,1
"Frank Vatrano",20162017,BOS,C,44,7,2,5,28.6,7,2,5,0,0,0,0,0,0,5,2,3,2,0,2,0,0,0
"Frank Vatrano",20172018,"BOS,FLA",C,41,19,10,9,52.6,16,9,7,3,1,2,0,0,0,8,4,4,9,5,4,2,1,1
"Frank Vatrano",20182019,FLA,C,81,38,15,23,39.5,32,13,19,6,2,4,0,0,0,22,11,11,9,3,6,7,1,6
"Mike Vecchione",20162017,PHI,R,2,12,8,4,66.7,12,8,4,0,0,0,0,0,0,5,2,3,4,3,1,3,3,0
"Stephane Veilleux",20092010,TBL,L,77,25,10,15,40,19,9,10,1,0,1,5,1,4,7,4,3,9,1,8,9,5,4
"Stephane Veilleux",20112012,"NJD,MIN",L,22,10,3,7,30,8,2,6,0,0,0,2,1,1,5,1,4,3,1,2,2,1,1
"Stephane Veilleux",20132014,MIN,L,34,2,1,1,50,1,0,1,0,0,0,1,1,0,0,0,0,1,1,0,1,0,1
"Stephane Veilleux",20142015,MIN,L,12,1,0,1,0,1,0,1,0,0,0,0,0,0,1,0,1,0,0,0,0,0,0
"Antoine Vermette",20092010,CBJ,C,82,"1,573",852,721,54.2,"1,129",613,516,197,120,77,247,119,128,488,276,212,515,270,245,564,302,262
"Antoine Vermette",20102011,CBJ,C,82,"1,540",856,684,55.6,"1,161",642,519,258,148,110,121,66,55,601,328,273,510,277,233,429,251,178
"Antoine Vermette",20112012,"CBJ,PHX",C,82,"1,140",645,495,56.6,880,508,372,168,96,72,92,41,51,433,240,193,373,227,146,334,178,156
"Antoine Vermette",20122013,PHX,C,48,839,482,357,57.5,636,350,286,126,87,39,77,45,32,321,182,139,253,146,107,265,154,111
"Antoine Vermette",20132014,PHX,C,82,"1,783","1,005",778,56.4,"1,291",721,570,239,140,99,253,144,109,546,303,243,560,314,246,677,388,289
"Antoine Vermette",20142015,"ARI,CHI",C,82,"1,577",872,705,55.3,"1,165",639,526,236,141,95,176,92,84,609,343,266,451,253,198,517,276,241
"Antoine Vermette",20152016,ARI,C,76,"1,351",754,597,55.8,"1,017",555,462,242,149,93,92,50,42,533,319,214,412,231,181,406,204,202
"Antoine Vermette",20162017,ANA,C,72,"1,195",744,451,62.3,899,558,341,132,83,49,164,103,61,396,247,149,282,167,115,517,330,187
"Antoine Vermette",20172018,ANA,C,64,"1,015",609,406,60,799,482,317,76,47,29,140,80,60,297,181,116,231,143,88,487,285,202
"Joel Vermin",20152016,TBL,R,6,1,1,0,100,1,1,0,0,0,0,0,0,0,1,1,0,0,0,0,0,0,0
"Joel Vermin",20162017,TBL,R,18,3,2,1,66.7,2,1,1,1,1,0,0,0,0,1,1,0,0,0,0,2,1,1
"Mike Vernace",20102011,TBL,D,10,0,0,0,--,0,0,0,0,0,0,0,0,0,0,0,0,0,0,0,0,0,0
"Max Veronneau",20182019,OTT,R,12,0,0,0,--,0,0,0,0,0,0,0,0,0,0,0,0,0,0,0,0,0,0
"Kris Versteeg",20092010,CHI,R,79,183,77,106,42.1,139,56,83,38,18,20,6,3,3,81,36,45,81,33,48,21,8,13
"Kris Versteeg",20102011,"TOR,PHI",R,80,130,63,67,48.5,111,53,58,10,6,4,9,4,5,52,20,32,39,23,16,39,20,19
"Kris Versteeg",20112012,FLA,R,71,65,21,44,32.3,43,17,26,19,4,15,3,0,3,40,15,25,14,4,10,11,2,9
"Kris Versteeg",20122013,FLA,R,10,5,0,5,0,4,0,4,1,0,1,0,0,0,4,0,4,1,0,1,0,0,0
"Kris Versteeg",20132014,"FLA,CHI",R,81,119,56,63,47.1,79,42,37,40,14,26,0,0,0,79,40,39,27,11,16,13,5,8
"Kris Versteeg",20142015,CHI,R,61,48,15,33,31.3,42,14,28,6,1,5,0,0,0,27,11,16,15,1,14,6,3,3
"Kris Versteeg",20152016,"CAR,LAK",R,77,16,8,8,50,10,5,5,6,3,3,0,0,0,14,6,8,2,2,0,0,0,0
"Kris Versteeg",20162017,CGY,R,69,102,53,49,52,87,47,40,15,6,9,0,0,0,85,42,43,11,7,4,6,4,2
"Kris Versteeg",20172018,CGY,R,24,78,46,32,59,65,36,29,13,10,3,0,0,0,42,26,16,22,12,10,14,8,6
"Kristian Vesalainen",20182019,WPG,L,5,0,0,0,--,0,0,0,0,0,0,0,0,0,0,0,0,0,0,0,0,0,0
"Ryan Vesce",20092010,SJS,R,9,50,25,25,50,41,19,22,7,6,1,2,0,2,15,5,10,16,10,6,19,10,9
"Jimmy Vesey",20162017,NYR,L,80,7,2,5,28.6,7,2,5,0,0,0,0,0,0,2,0,2,4,1,3,1,1,0
"Jimmy Vesey",20172018,NYR,L,79,32,15,17,46.9,26,12,14,3,2,1,3,1,2,13,5,8,12,6,6,7,4,3
"Jimmy Vesey",20182019,NYR,L,81,32,8,24,25,24,6,18,7,2,5,1,0,1,14,3,11,8,1,7,10,4,6
"Linden Vey",20132014,LAK,R,18,124,55,69,44.4,100,43,57,22,11,11,2,1,1,51,26,25,44,21,23,29,8,21
"Linden Vey",20142015,VAN,R,75,502,215,287,42.8,456,193,263,45,21,24,1,1,0,201,79,122,154,78,76,147,58,89
"Linden Vey",20152016,VAN,R,41,449,193,256,43,386,170,216,40,18,22,23,5,18,165,70,95,118,52,66,166,71,95
"Linden Vey",20162017,CGY,R,4,24,9,15,37.5,24,9,15,0,0,0,0,0,0,5,3,2,15,5,10,4,1,3
"Tomas Vincour",20102011,DAL,C,24,4,3,1,75,2,2,0,2,1,1,0,0,0,3,2,1,1,1,0,0,0,0
"Tomas Vincour",20112012,DAL,C,47,9,1,8,11.1,5,0,5,3,1,2,1,0,1,6,1,5,0,0,0,3,0,3
"Tomas Vincour",20122013,"DAL,COL",C,17,5,0,5,0,5,0,5,0,0,0,0,0,0,3,0,3,1,0,1,1,0,1
"Tomas Vincour",20142015,COL,C,7,0,0,0,--,0,0,0,0,0,0,0,0,0,0,0,0,0,0,0,0,0,0
"Jake Virtanen",20152016,VAN,R,55,5,2,3,40,5,2,3,0,0,0,0,0,0,2,0,2,1,1,0,2,1,1
"Jake Virtanen",20162017,VAN,R,10,3,3,0,100,3,3,0,0,0,0,0,0,0,2,2,0,1,1,0,0,0,0
"Jake Virtanen",20172018,VAN,R,75,22,7,15,31.8,19,5,14,3,2,1,0,0,0,9,3,6,7,3,4,6,1,5
"Jake Virtanen",20182019,VAN,R,70,15,5,10,33.3,10,2,8,5,3,2,0,0,0,10,4,6,2,0,2,3,1,2
"Ivan Vishnevskiy",20092010,DAL,D,2,0,0,0,--,0,0,0,0,0,0,0,0,0,0,0,0,0,0,0,0,0,0
"Lubomir Visnovsky",20092010,"EDM,ANA",D,73,0,0,0,--,0,0,0,0,0,0,0,0,0,0,0,0,0,0,0,0,0,0
"Lubomir Visnovsky",20102011,ANA,D,81,0,0,0,--,0,0,0,0,0,0,0,0,0,0,0,0,0,0,0,0,0,0
"Lubomir Visnovsky",20112012,ANA,D,68,1,1,0,100,0,0,0,1,1,0,0,0,0,1,1,0,0,0,0,0,0,0
"Lubomir Visnovsky",20122013,NYI,D,35,0,0,0,--,0,0,0,0,0,0,0,0,0,0,0,0,0,0,0,0,0,0
"Lubomir Visnovsky",20132014,NYI,D,24,0,0,0,--,0,0,0,0,0,0,0,0,0,0,0,0,0,0,0,0,0,0
"Lubomir Visnovsky",20142015,NYI,D,53,1,0,1,0,0,0,0,1,0,1,0,0,0,0,0,0,1,0,1,0,0,0
"Joe Vitale",20102011,PIT,C,9,64,36,28,56.3,63,35,28,1,1,0,0,0,0,23,15,8,26,13,13,15,8,7
"Joe Vitale",20112012,PIT,C,68,723,403,320,55.7,652,364,288,10,10,0,61,29,32,181,109,72,265,136,129,277,158,119
"Joe Vitale",20122013,PIT,C,33,257,157,100,61.1,251,151,100,1,1,0,5,5,0,66,34,32,101,63,38,90,60,30
"Joe Vitale",20132014,PIT,C,53,320,200,120,62.5,275,170,105,3,2,1,42,28,14,76,49,27,108,60,48,136,91,45
"Joe Vitale",20142015,ARI,C,70,733,354,379,48.3,538,274,264,5,2,3,190,78,112,130,59,71,218,111,107,385,184,201
"Joe Vitale",20152016,ARI,C,1,1,0,1,0,1,0,1,0,0,0,0,0,0,1,0,1,0,0,0,0,0,0
"Marc-Edouard Vlasic",20092010,SJS,D,64,0,0,0,--,0,0,0,0,0,0,0,0,0,0,0,0,0,0,0,0,0,0
"Marc-Edouard Vlasic",20102011,SJS,D,80,0,0,0,--,0,0,0,0,0,0,0,0,0,0,0,0,0,0,0,0,0,0
"Marc-Edouard Vlasic",20112012,SJS,D,82,0,0,0,--,0,0,0,0,0,0,0,0,0,0,0,0,0,0,0,0,0,0
"Marc-Edouard Vlasic",20122013,SJS,D,48,0,0,0,--,0,0,0,0,0,0,0,0,0,0,0,0,0,0,0,0,0,0
"Marc-Edouard Vlasic",20132014,SJS,D,81,0,0,0,--,0,0,0,0,0,0,0,0,0,0,0,0,0,0,0,0,0,0
"Marc-Edouard Vlasic",20142015,SJS,D,70,0,0,0,--,0,0,0,0,0,0,0,0,0,0,0,0,0,0,0,0,0,0
"Marc-Edouard Vlasic",20152016,SJS,D,67,0,0,0,--,0,0,0,0,0,0,0,0,0,0,0,0,0,0,0,0,0,0
"Marc-Edouard Vlasic",20162017,SJS,D,75,0,0,0,--,0,0,0,0,0,0,0,0,0,0,0,0,0,0,0,0,0,0
"Marc-Edouard Vlasic",20172018,SJS,D,81,1,0,1,0,0,0,0,0,0,0,1,0,1,0,0,0,0,0,0,1,0,1
"Marc-Edouard Vlasic",20182019,SJS,D,72,0,0,0,--,0,0,0,0,0,0,0,0,0,0,0,0,0,0,0,0,0,0
"Anton Volchenkov",20092010,OTT,D,64,0,0,0,--,0,0,0,0,0,0,0,0,0,0,0,0,0,0,0,0,0,0
"Anton Volchenkov",20102011,NJD,D,57,0,0,0,--,0,0,0,0,0,0,0,0,0,0,0,0,0,0,0,0,0,0
"Anton Volchenkov",20112012,NJD,D,72,0,0,0,--,0,0,0,0,0,0,0,0,0,0,0,0,0,0,0,0,0,0
"Anton Volchenkov",20122013,NJD,D,37,0,0,0,--,0,0,0,0,0,0,0,0,0,0,0,0,0,0,0,0,0,0
"Anton Volchenkov",20132014,NJD,D,56,0,0,0,--,0,0,0,0,0,0,0,0,0,0,0,0,0,0,0,0,0,0
"Anton Volchenkov",20142015,NSH,D,46,0,0,0,--,0,0,0,0,0,0,0,0,0,0,0,0,0,0,0,0,0,0
"Aaron Volpatti",20102011,VAN,L,15,0,0,0,--,0,0,0,0,0,0,0,0,0,0,0,0,0,0,0,0,0,0
"Aaron Volpatti",20112012,VAN,L,23,4,4,0,100,4,4,0,0,0,0,0,0,0,1,1,0,1,1,0,2,2,0
"Aaron Volpatti",20122013,"VAN,WSH",L,33,4,1,3,25,4,1,3,0,0,0,0,0,0,3,0,3,1,1,0,0,0,0
"Aaron Volpatti",20132014,WSH,L,41,12,4,8,33.3,12,4,8,0,0,0,0,0,0,3,0,3,6,3,3,3,1,2
"Aaron Volpatti",20142015,WSH,L,2,0,0,0,--,0,0,0,0,0,0,0,0,0,0,0,0,0,0,0,0,0,0
"Jakub Voracek",20092010,CBJ,R,81,6,2,4,33.3,5,1,4,1,1,0,0,0,0,2,0,2,3,1,2,1,1,0
"Jakub Voracek",20102011,CBJ,R,80,65,24,41,36.9,59,21,38,6,3,3,0,0,0,27,10,17,24,8,16,14,6,8
"Jakub Voracek",20112012,PHI,R,78,23,7,16,30.4,11,3,8,7,3,4,5,1,4,10,3,7,4,2,2,9,2,7
"Jakub Voracek",20122013,PHI,R,48,5,2,3,40,5,2,3,0,0,0,0,0,0,1,0,1,2,1,1,2,1,1
"Jakub Voracek",20132014,PHI,R,82,6,4,2,66.7,5,3,2,1,1,0,0,0,0,1,1,0,3,2,1,2,1,1
"Jakub Voracek",20142015,PHI,R,82,9,6,3,66.7,8,5,3,1,1,0,0,0,0,5,3,2,2,1,1,2,2,0
"Jakub Voracek",20152016,PHI,R,73,6,3,3,50,5,2,3,1,1,0,0,0,0,4,2,2,1,1,0,1,0,1
"Jakub Voracek",20162017,PHI,R,82,14,3,11,21.4,12,3,9,2,0,2,0,0,0,7,1,6,6,2,4,1,0,1
"Jakub Voracek",20172018,PHI,R,82,34,15,19,44.1,34,15,19,0,0,0,0,0,0,22,10,12,9,3,6,3,2,1
"Jakub Voracek",20182019,PHI,R,78,30,12,18,40,30,12,18,0,0,0,0,0,0,16,6,10,7,3,4,7,3,4
"Mikhail Vorobyev",20182019,PHI,C,15,71,25,46,35.2,70,25,45,1,0,1,0,0,0,14,4,10,35,11,24,22,10,12
"Aaron Voros",20092010,NYR,L,41,6,3,3,50,6,3,3,0,0,0,0,0,0,2,0,2,2,2,0,2,1,1
"Aaron Voros",20102011,ANA,L,12,3,2,1,66.7,3,2,1,0,0,0,0,0,0,2,1,1,1,1,0,0,0,0
"Slava Voynov",20112012,LAK,D,54,0,0,0,--,0,0,0,0,0,0,0,0,0,0,0,0,0,0,0,0,0,0
"Slava Voynov",20122013,LAK,D,48,2,2,0,100,2,2,0,0,0,0,0,0,0,0,0,0,2,2,0,0,0,0
"Slava Voynov",20132014,LAK,D,82,1,1,0,100,0,0,0,0,0,0,1,1,0,0,0,0,0,0,0,1,1,0
"Slava Voynov",20142015,LAK,D,6,0,0,0,--,0,0,0,0,0,0,0,0,0,0,0,0,0,0,0,0,0,0
"Jakub Vrana",20162017,WSH,L,21,3,0,3,0,2,0,2,1,0,1,0,0,0,3,0,3,0,0,0,0,0,0
"Jakub Vrana",20172018,WSH,L,73,25,13,12,52,24,13,11,1,0,1,0,0,0,16,9,7,8,3,5,1,1,0
"Jakub Vrana",20182019,WSH,L,82,10,4,6,40,9,4,5,1,0,1,0,0,0,6,3,3,3,1,2,1,0,1
"Radim Vrbata",20092010,PHX,R,82,8,2,6,25,6,2,4,0,0,0,2,0,2,3,1,2,2,1,1,3,0,3
"Radim Vrbata",20102011,PHX,R,79,7,2,5,28.6,6,1,5,0,0,0,1,1,0,4,0,4,0,0,0,3,2,1
"Radim Vrbata",20112012,PHX,R,77,67,27,40,40.3,53,21,32,7,1,6,7,5,2,39,13,26,10,5,5,18,9,9
"Radim Vrbata",20122013,PHX,R,34,32,10,22,31.3,25,7,18,7,3,4,0,0,0,23,8,15,4,0,4,5,2,3
"Radim Vrbata",20132014,PHX,R,80,43,17,26,39.5,32,13,19,6,3,3,5,1,4,24,10,14,16,7,9,3,0,3
"Radim Vrbata",20142015,VAN,R,79,9,5,4,55.5,7,4,3,2,1,1,0,0,0,6,4,2,1,0,1,2,1,1
"Radim Vrbata",20152016,VAN,R,63,14,4,10,28.6,12,4,8,1,0,1,1,0,1,14,4,10,0,0,0,0,0,0
"Radim Vrbata",20162017,ARI,R,81,47,17,30,36.2,30,7,23,17,10,7,0,0,0,34,14,20,8,1,7,5,2,3
"Radim Vrbata",20172018,FLA,R,42,21,7,14,33.3,19,6,13,2,1,1,0,0,0,16,6,10,3,1,2,2,0,2
"Austin Wagner",20182019,LAK,L,62,6,2,4,33.3,6,2,4,0,0,0,0,0,0,2,1,1,3,1,2,1,0,1
"Chris Wagner",20142015,ANA,R,9,55,33,22,60,51,29,22,0,0,0,4,4,0,16,8,8,21,12,9,18,13,5
"Chris Wagner",20152016,"ANA,COL,ANA",R,43,274,148,126,54,257,142,115,2,0,2,15,6,9,67,36,31,128,67,61,79,45,34
"Chris Wagner",20162017,ANA,R,43,148,62,86,41.9,133,56,77,1,1,0,14,5,9,42,22,20,67,27,40,39,13,26
"Chris Wagner",20172018,"ANA,NYI",R,79,470,230,240,48.9,339,176,163,8,5,3,123,49,74,93,43,50,153,82,71,224,105,119
"Chris Wagner",20182019,BOS,R,76,120,54,66,45,82,40,42,1,0,1,37,14,23,28,9,19,39,21,18,53,24,29
"Matt Walker",20092010,TBL,D,66,0,0,0,--,0,0,0,0,0,0,0,0,0,0,0,0,0,0,0,0,0,0
"Matt Walker",20102011,PHI,D,4,0,0,0,--,0,0,0,0,0,0,0,0,0,0,0,0,0,0,0,0,0,0
"Matt Walker",20112012,PHI,D,4,0,0,0,--,0,0,0,0,0,0,0,0,0,0,0,0,0,0,0,0,0,0
"Nathan Walker",20172018,"WSH,EDM",L,9,0,0,0,--,0,0,0,0,0,0,0,0,0,0,0,0,0,0,0,0,0,0
"Nathan Walker",20182019,WSH,L,3,0,0,0,--,0,0,0,0,0,0,0,0,0,0,0,0,0,0,0,0,0,0
"Scott Walker",20092010,"CAR,WSH",R,42,4,0,4,0,4,0,4,0,0,0,0,0,0,2,0,2,1,0,1,0,0,0
"Sean Walker",20182019,LAK,D,39,0,0,0,--,0,0,0,0,0,0,0,0,0,0,0,0,0,0,0,0,0,0
"Tim Wallace",20092010,PIT,R,1,0,0,0,--,0,0,0,0,0,0,0,0,0,0,0,0,0,0,0,0,0,0
"Tim Wallace",20102011,PIT,R,7,3,3,0,100,3,3,0,0,0,0,0,0,0,1,1,0,1,1,0,1,1,0
"Tim Wallace",20112012,"NYI,TBL",R,49,20,8,12,40,18,7,11,0,0,0,2,1,1,5,2,3,6,3,3,9,3,6
"Tim Wallace",20122013,CAR,R,28,30,9,21,30,30,9,21,0,0,0,0,0,0,12,2,10,11,5,6,7,2,5
"Niclas Wallin",20092010,"CAR,SJS",D,70,1,0,1,0,0,0,0,0,0,0,1,0,1,0,0,0,0,0,0,1,0,1
"Niclas Wallin",20102011,SJS,D,74,0,0,0,--,0,0,0,0,0,0,0,0,0,0,0,0,0,0,0,0,0,0
"Rickard Wallin",20092010,TOR,C,60,506,225,281,44.5,376,174,202,11,5,6,119,46,73,110,47,63,174,74,100,219,103,116
"Lucas Wallmark",20162017,CAR,C,8,58,31,27,53.5,54,27,27,4,4,0,0,0,0,20,13,7,26,14,12,12,4,8
"Lucas Wallmark",20172018,CAR,C,11,69,38,31,55.1,67,37,30,2,1,1,0,0,0,24,14,10,30,15,15,15,9,6
"Lucas Wallmark",20182019,CAR,C,81,"1,129",575,554,50.9,969,503,466,55,24,31,105,48,57,305,148,157,389,214,175,435,213,222
"Ben Walter",20092010,NJD,C,2,6,2,4,33.3,6,2,4,0,0,0,0,0,0,4,1,3,2,1,1,0,0,0
"Tom Wandell",20092010,DAL,C,50,486,214,272,44,404,185,219,18,11,7,64,18,46,124,55,69,219,97,122,143,64,79
"Tom Wandell",20102011,DAL,C,75,435,190,245,43.7,396,176,220,19,10,9,20,4,16,109,55,54,262,109,153,64,26,38
"Tom Wandell",20112012,DAL,C,72,324,141,183,43.5,297,127,170,14,6,8,13,8,5,91,38,53,133,60,73,100,43,57
"Tom Wandell",20122013,DAL,C,18,111,46,65,41.4,104,41,63,4,3,1,3,2,1,31,14,17,48,19,29,32,13,19
"Aaron Ward",20092010,"CAR,ANA",D,77,0,0,0,--,0,0,0,0,0,0,0,0,0,0,0,0,0,0,0,0,0,0
"Joel Ward",20092010,NSH,R,71,81,31,50,38.3,41,15,26,21,10,11,19,6,13,37,18,19,5,2,3,39,11,28
"Joel Ward",20102011,NSH,R,80,168,82,86,48.8,98,48,50,34,20,14,36,14,22,66,33,33,19,9,10,83,40,43
"Joel Ward",20112012,WSH,R,73,52,29,23,55.8,43,25,18,1,0,1,8,4,4,19,12,7,17,10,7,16,7,9
"Joel Ward",20122013,WSH,R,39,65,38,27,58.5,35,21,14,22,12,10,8,5,3,43,23,20,7,5,2,15,10,5
"Joel Ward",20132014,WSH,R,82,199,90,109,45.2,80,44,36,57,25,32,62,21,41,83,39,44,25,13,12,91,38,53
"Joel Ward",20142015,WSH,R,82,127,60,67,47.2,61,28,33,44,23,21,22,9,13,56,25,31,31,19,12,40,16,24
"Joel Ward",20152016,SJS,R,79,493,237,256,48.1,360,176,184,42,29,13,91,32,59,141,77,64,96,47,49,256,113,143
"Joel Ward",20162017,SJS,R,78,456,223,233,48.9,344,180,164,33,16,17,79,27,52,165,89,76,68,34,34,223,100,123
"Joel Ward",20172018,SJS,R,52,231,107,124,46.3,183,89,94,4,2,2,44,16,28,72,35,37,56,27,29,103,45,58
"David Warsofsky",20132014,BOS,D,6,0,0,0,--,0,0,0,0,0,0,0,0,0,0,0,0,0,0,0,0,0,0
"David Warsofsky",20142015,BOS,D,4,0,0,0,--,0,0,0,0,0,0,0,0,0,0,0,0,0,0,0,0,0,0
"David Warsofsky",20152016,"PIT,NJD",D,22,0,0,0,--,0,0,0,0,0,0,0,0,0,0,0,0,0,0,0,0,0,0
"David Warsofsky",20162017,PIT,D,7,0,0,0,--,0,0,0,0,0,0,0,0,0,0,0,0,0,0,0,0,0,0
"David Warsofsky",20172018,COL,D,16,0,0,0,--,0,0,0,0,0,0,0,0,0,0,0,0,0,0,0,0,0,0
"Francis Wathier",20092010,DAL,L,5,1,1,0,100,1,1,0,0,0,0,0,0,0,1,1,0,0,0,0,0,0,0
"Francis Wathier",20102011,DAL,L,3,0,0,0,--,0,0,0,0,0,0,0,0,0,0,0,0,0,0,0,0,0,0
"Francis Wathier",20112012,DAL,L,1,0,0,0,--,0,0,0,0,0,0,0,0,0,0,0,0,0,0,0,0,0,0
"Francis Wathier",20122013,DAL,L,1,2,0,2,0,2,0,2,0,0,0,0,0,0,1,0,1,0,0,0,1,0,1
"Matt Watkins",20112012,PHX,R,1,5,0,5,0,5,0,5,0,0,0,0,0,0,0,0,0,4,0,4,1,0,1
"Austin Watson",20122013,NSH,L,6,44,19,25,43.2,42,18,24,2,1,1,0,0,0,13,5,8,24,10,14,7,4,3
"Austin Watson",20152016,NSH,L,57,13,6,7,46.1,12,6,6,0,0,0,1,0,1,2,2,0,7,3,4,4,1,3
"Austin Watson",20162017,NSH,L,77,42,17,25,40.5,34,14,20,0,0,0,8,3,5,11,3,8,16,10,6,15,4,11
"Austin Watson",20172018,NSH,L,76,43,27,16,62.8,35,22,13,0,0,0,8,5,3,11,8,3,11,5,6,21,14,7
"Austin Watson",20182019,NSH,L,37,16,7,9,43.8,7,3,4,3,1,2,6,3,3,7,3,4,3,2,1,6,2,4
"Jordan Weal",20152016,"LAK,PHI",C,14,68,33,35,48.5,63,31,32,5,2,3,0,0,0,24,13,11,27,12,15,17,8,9
"Jordan Weal",20162017,PHI,C,23,28,14,14,50,21,11,10,7,3,4,0,0,0,27,13,14,1,1,0,0,0,0
"Jordan Weal",20172018,PHI,C,69,116,53,63,45.7,102,45,57,14,8,6,0,0,0,64,31,33,31,15,16,21,7,14
"Jordan Weal",20182019,"PHI,ARI,MTL",C,63,599,333,266,55.6,557,307,250,39,26,13,3,0,3,213,114,99,203,119,84,183,100,83
"Mike Weaver",20092010,STL,D,77,2,1,1,50,0,0,0,0,0,0,2,1,1,0,0,0,1,1,0,1,0,1
"Mike Weaver",20102011,FLA,D,82,0,0,0,--,0,0,0,0,0,0,0,0,0,0,0,0,0,0,0,0,0,0
"Mike Weaver",20112012,FLA,D,82,0,0,0,--,0,0,0,0,0,0,0,0,0,0,0,0,0,0,0,0,0,0
"Mike Weaver",20122013,FLA,D,27,0,0,0,--,0,0,0,0,0,0,0,0,0,0,0,0,0,0,0,0,0,0
"Mike Weaver",20132014,"FLA,MTL",D,72,1,1,0,100,0,0,0,0,0,0,1,1,0,0,0,0,0,0,0,1,1,0
"Mike Weaver",20142015,MTL,D,31,0,0,0,--,0,0,0,0,0,0,0,0,0,0,0,0,0,0,0,0,0,0
"Mike Weber",20102011,BUF,D,58,0,0,0,--,0,0,0,0,0,0,0,0,0,0,0,0,0,0,0,0,0,0
"Mike Weber",20112012,BUF,D,51,0,0,0,--,0,0,0,0,0,0,0,0,0,0,0,0,0,0,0,0,0,0
"Mike Weber",20122013,BUF,D,42,0,0,0,--,0,0,0,0,0,0,0,0,0,0,0,0,0,0,0,0,0,0
"Mike Weber",20132014,BUF,D,68,0,0,0,--,0,0,0,0,0,0,0,0,0,0,0,0,0,0,0,0,0,0
"Mike Weber",20142015,BUF,D,64,0,0,0,--,0,0,0,0,0,0,0,0,0,0,0,0,0,0,0,0,0,0
"Mike Weber",20152016,"BUF,WSH",D,45,0,0,0,--,0,0,0,0,0,0,0,0,0,0,0,0,0,0,0,0,0,0
"Shea Weber",20092010,NSH,D,78,0,0,0,--,0,0,0,0,0,0,0,0,0,0,0,0,0,0,0,0,0,0
"Shea Weber",20102011,NSH,D,82,0,0,0,--,0,0,0,0,0,0,0,0,0,0,0,0,0,0,0,0,0,0
"Shea Weber",20112012,NSH,D,78,0,0,0,--,0,0,0,0,0,0,0,0,0,0,0,0,0,0,0,0,0,0
"Shea Weber",20122013,NSH,D,48,0,0,0,--,0,0,0,0,0,0,0,0,0,0,0,0,0,0,0,0,0,0
"Shea Weber",20132014,NSH,D,79,0,0,0,--,0,0,0,0,0,0,0,0,0,0,0,0,0,0,0,0,0,0
"Shea Weber",20142015,NSH,D,78,0,0,0,--,0,0,0,0,0,0,0,0,0,0,0,0,0,0,0,0,0,0
"Shea Weber",20152016,NSH,D,78,0,0,0,--,0,0,0,0,0,0,0,0,0,0,0,0,0,0,0,0,0,0
"Shea Weber",20162017,MTL,D,78,0,0,0,--,0,0,0,0,0,0,0,0,0,0,0,0,0,0,0,0,0,0
"Shea Weber",20172018,MTL,D,26,0,0,0,--,0,0,0,0,0,0,0,0,0,0,0,0,0,0,0,0,0,0
"Shea Weber",20182019,MTL,D,58,0,0,0,--,0,0,0,0,0,0,0,0,0,0,0,0,0,0,0,0,0,0
"Yannick Weber",20092010,MTL,D,5,0,0,0,--,0,0,0,0,0,0,0,0,0,0,0,0,0,0,0,0,0,0
"Yannick Weber",20102011,MTL,D,41,0,0,0,--,0,0,0,0,0,0,0,0,0,0,0,0,0,0,0,0,0,0
"Yannick Weber",20112012,MTL,D,60,0,0,0,--,0,0,0,0,0,0,0,0,0,0,0,0,0,0,0,0,0,0
"Yannick Weber",20122013,MTL,D,6,0,0,0,--,0,0,0,0,0,0,0,0,0,0,0,0,0,0,0,0,0,0
"Yannick Weber",20132014,VAN,D,49,0,0,0,--,0,0,0,0,0,0,0,0,0,0,0,0,0,0,0,0,0,0
"Yannick Weber",20142015,VAN,D,65,0,0,0,--,0,0,0,0,0,0,0,0,0,0,0,0,0,0,0,0,0,0
"Yannick Weber",20152016,VAN,D,45,0,0,0,--,0,0,0,0,0,0,0,0,0,0,0,0,0,0,0,0,0,0
"Yannick Weber",20162017,NSH,D,73,0,0,0,--,0,0,0,0,0,0,0,0,0,0,0,0,0,0,0,0,0,0
"Yannick Weber",20172018,NSH,D,47,0,0,0,--,0,0,0,0,0,0,0,0,0,0,0,0,0,0,0,0,0,0
"Yannick Weber",20182019,NSH,D,62,0,0,0,--,0,0,0,0,0,0,0,0,0,0,0,0,0,0,0,0,0,0
"MacKenzie Weegar",20162017,FLA,D,3,0,0,0,--,0,0,0,0,0,0,0,0,0,0,0,0,0,0,0,0,0,0
"MacKenzie Weegar",20172018,FLA,D,60,0,0,0,--,0,0,0,0,0,0,0,0,0,0,0,0,0,0,0,0,0,0
"MacKenzie Weegar",20182019,FLA,D,64,1,1,0,100,1,1,0,0,0,0,0,0,0,0,0,0,0,0,0,1,1,0
"Doug Weight",20092010,NYI,C,36,152,69,83,45.4,148,68,80,4,1,3,0,0,0,41,19,22,63,30,33,48,20,28
"Doug Weight",20102011,NYI,C,18,110,57,53,51.8,102,51,51,7,5,2,1,1,0,39,23,16,48,23,25,23,11,12
"Dale Weise",20102011,NYR,R,10,0,0,0,--,0,0,0,0,0,0,0,0,0,0,0,0,0,0,0,0,0,0
"Dale Weise",20112012,VAN,R,68,4,0,4,0,3,0,3,1,0,1,0,0,0,1,0,1,1,0,1,2,0,2
"Dale Weise",20122013,VAN,R,40,8,1,7,12.5,2,0,2,0,0,0,6,1,5,2,0,2,5,1,4,1,0,1
"Dale Weise",20132014,"VAN,MTL",R,61,4,0,4,0,4,0,4,0,0,0,0,0,0,1,0,1,1,0,1,2,0,2
"Dale Weise",20142015,MTL,R,79,12,5,7,41.7,11,5,6,1,0,1,0,0,0,4,1,3,5,4,1,3,0,3
"Dale Weise",20152016,"MTL,CHI",R,71,35,16,19,45.7,31,15,16,2,0,2,2,1,1,27,12,15,4,3,1,4,1,3
"Dale Weise",20162017,PHI,R,64,3,3,0,100,3,3,0,0,0,0,0,0,0,3,3,0,0,0,0,0,0,0
"Dale Weise",20172018,PHI,R,46,2,1,1,50,1,0,1,1,1,0,0,0,0,1,1,0,0,0,0,1,0,1
"Dale Weise",20182019,"PHI,MTL",R,51,16,6,10,37.5,11,5,6,2,1,1,3,0,3,9,4,5,3,2,1,4,0,4
"Stephen Weiss",20092010,FLA,C,80,"1,551",813,738,52.4,"1,120",577,543,336,200,136,95,36,59,570,307,263,525,281,244,448,222,226
"Stephen Weiss",20102011,FLA,C,76,"1,279",689,590,53.9,986,526,460,202,115,87,91,48,43,430,222,208,448,245,203,401,222,179
"Stephen Weiss",20112012,FLA,C,80,"1,469",781,688,53.2,"1,097",583,514,270,151,119,102,47,55,598,334,264,469,236,233,402,211,191
"Stephen Weiss",20122013,FLA,C,17,276,141,135,51.1,216,114,102,40,19,21,20,8,12,100,53,47,106,57,49,70,31,39
"Stephen Weiss",20132014,DET,C,26,357,184,173,51.5,309,161,148,35,15,20,13,8,5,136,74,62,126,58,68,95,52,43
"Stephen Weiss",20142015,DET,C,52,21,10,11,47.6,17,7,10,4,3,1,0,0,0,12,6,6,5,1,4,4,3,1
"Noah Welch",20102011,ATL,D,2,0,0,0,--,0,0,0,0,0,0,0,0,0,0,0,0,0,0,0,0,0,0
"Andy Welinski",20172018,ANA,D,7,0,0,0,--,0,0,0,0,0,0,0,0,0,0,0,0,0,0,0,0,0,0
"Andy Welinski",20182019,ANA,D,26,0,0,0,--,0,0,0,0,0,0,0,0,0,0,0,0,0,0,0,0,0,0
"Casey Wellman",20092010,MIN,C,12,32,17,15,53.1,32,17,15,0,0,0,0,0,0,14,7,7,13,5,8,5,5,0
"Casey Wellman",20102011,MIN,C,15,16,8,8,50,9,4,5,5,3,2,2,1,1,5,2,3,3,2,1,8,4,4
"Casey Wellman",20112012,MIN,C,14,9,6,3,66.7,4,4,0,5,2,3,0,0,0,5,3,2,4,3,1,0,0,0
"Casey Wellman",20132014,WSH,C,13,97,50,47,51.5,97,50,47,0,0,0,0,0,0,30,14,16,42,21,21,25,15,10
"Eric Wellwood",20102011,PHI,L,3,0,0,0,--,0,0,0,0,0,0,0,0,0,0,0,0,0,0,0,0,0,0
"Eric Wellwood",20112012,PHI,L,24,35,18,17,51.4,34,17,17,0,0,0,1,1,0,11,3,8,15,9,6,9,6,3
"Eric Wellwood",20122013,PHI,L,4,6,0,6,0,6,0,6,0,0,0,0,0,0,3,0,3,1,0,1,2,0,2
"Kyle Wellwood",20092010,VAN,C,75,725,390,335,53.8,676,367,309,47,21,26,2,2,0,228,124,104,266,145,121,224,116,108
"Kyle Wellwood",20102011,SJS,C,35,132,65,67,49.2,125,60,65,7,5,2,0,0,0,66,32,34,35,18,17,31,15,16
"Kyle Wellwood",20112012,WPG,C,77,250,135,115,54,187,98,89,62,37,25,1,0,1,161,88,73,38,22,16,51,25,26
"Kyle Wellwood",20122013,WPG,C,39,78,43,35,55.1,61,31,30,17,12,5,0,0,0,38,18,20,9,8,1,31,17,14
"Jeremy Welsh",20112012,CAR,C,1,13,4,9,30.8,13,4,9,0,0,0,0,0,0,7,1,6,3,2,1,3,1,2
"Jeremy Welsh",20122013,CAR,C,5,20,15,5,75,20,15,5,0,0,0,0,0,0,8,6,2,7,4,3,5,5,0
"Jeremy Welsh",20132014,VAN,C,19,90,46,44,51.1,89,46,43,1,0,1,0,0,0,30,13,17,35,17,18,25,16,9
"Jeremy Welsh",20152016,STL,C,2,3,1,2,33.3,3,1,2,0,0,0,0,0,0,0,0,0,2,1,1,1,0,1
"Alexander Wennberg",20142015,CBJ,C,68,674,288,386,42.7,577,246,331,34,16,18,63,26,37,192,82,110,232,104,128,250,102,148
"Alexander Wennberg",20152016,CBJ,C,69,922,400,522,43.4,793,340,453,97,45,52,32,15,17,369,160,209,282,127,155,271,113,158
"Alexander Wennberg",20162017,CBJ,C,80,"1,285",609,676,47.4,"1,135",544,591,134,61,73,16,4,12,522,250,272,446,211,235,317,148,169
"Alexander Wennberg",20172018,CBJ,C,66,774,350,424,45.2,646,295,351,88,41,47,40,14,26,290,130,160,287,132,155,197,88,109
"Alexander Wennberg",20182019,CBJ,C,75,706,342,364,48.4,603,300,303,34,17,17,69,25,44,233,105,128,262,128,134,211,109,102
"Zach Werenski",20162017,CBJ,D,78,0,0,0,--,0,0,0,0,0,0,0,0,0,0,0,0,0,0,0,0,0,0
"Zach Werenski",20172018,CBJ,D,77,0,0,0,--,0,0,0,0,0,0,0,0,0,0,0,0,0,0,0,0,0,0
"Zach Werenski",20182019,CBJ,D,82,0,0,0,--,0,0,0,0,0,0,0,0,0,0,0,0,0,0,0,0,0,0
"Kevin Westgarth",20102011,LAK,R,56,4,2,2,50,4,2,2,0,0,0,0,0,0,2,0,2,0,0,0,2,2,0
"Kevin Westgarth",20112012,LAK,R,25,1,0,1,0,1,0,1,0,0,0,0,0,0,0,0,0,1,0,1,0,0,0
"Kevin Westgarth",20122013,CAR,R,31,3,0,3,0,3,0,3,0,0,0,0,0,0,3,0,3,0,0,0,0,0,0
"Kevin Westgarth",20132014,"CAR,CGY",R,48,5,1,4,20,5,1,4,0,0,0,0,0,0,1,0,1,3,0,3,1,1,0
"Patrick Wey",20132014,WSH,D,9,0,0,0,--,0,0,0,0,0,0,0,0,0,0,0,0,0,0,0,0,0,0
"Blake Wheeler",20092010,BOS,R,82,27,13,14,48.1,26,12,14,0,0,0,1,1,0,9,4,5,7,4,3,11,5,6
"Blake Wheeler",20102011,"BOS,ATL",R,81,148,52,96,35.1,125,45,80,14,5,9,9,2,7,54,16,38,56,21,35,38,15,23
"Blake Wheeler",20112012,WPG,R,80,10,4,6,40,9,3,6,1,1,0,0,0,0,4,2,2,2,1,1,4,1,3
"Blake Wheeler",20122013,WPG,R,48,18,4,14,22.2,15,3,12,2,1,1,1,0,1,11,3,8,4,0,4,3,1,2
"Blake Wheeler",20132014,WPG,R,82,40,15,25,37.5,27,10,17,4,2,2,9,3,6,19,7,12,13,5,8,8,3,5
"Blake Wheeler",20142015,WPG,R,79,48,22,26,45.8,24,12,12,7,4,3,17,6,11,22,11,11,17,6,11,9,5,4
"Blake Wheeler",20152016,WPG,R,82,28,10,18,35.7,25,9,16,0,0,0,3,1,2,14,4,10,11,6,5,3,0,3
"Blake Wheeler",20162017,WPG,R,82,94,43,51,45.7,84,39,45,3,3,0,7,1,6,53,28,25,21,8,13,20,7,13
"Blake Wheeler",20172018,WPG,R,81,362,166,196,45.9,299,143,156,47,17,30,16,6,10,164,82,82,98,40,58,100,44,56
"Blake Wheeler",20182019,WPG,R,82,88,31,57,35.2,74,24,50,9,6,3,5,1,4,53,22,31,18,6,12,17,3,14
"Colin White",20092010,NJD,D,81,0,0,0,--,0,0,0,0,0,0,0,0,0,0,0,0,0,0,0,0,0,0
"Colin White",20102011,NJD,D,69,0,0,0,--,0,0,0,0,0,0,0,0,0,0,0,0,0,0,0,0,0,0
"Colin White",20112012,SJS,D,54,0,0,0,--,0,0,0,0,0,0,0,0,0,0,0,0,0,0,0,0,0,0
"Colin White",20162017,OTT,C,2,21,7,14,33.3,16,4,12,5,3,2,0,0,0,9,3,6,7,3,4,5,1,4
"Colin White",20172018,OTT,C,21,60,20,40,33.3,56,19,37,4,1,3,0,0,0,27,10,17,25,8,17,8,2,6
"Colin White",20182019,OTT,C,71,799,379,420,47.4,700,324,376,83,47,36,16,8,8,271,124,147,285,134,151,243,121,122
"Colton White",20182019,NJD,D,3,0,0,0,--,0,0,0,0,0,0,0,0,0,0,0,0,0,0,0,0,0,0
"Ian White",20092010,"TOR,CGY",D,83,0,0,0,--,0,0,0,0,0,0,0,0,0,0,0,0,0,0,0,0,0,0
"Ian White",20102011,"CGY,CAR,SJS",D,78,0,0,0,--,0,0,0,0,0,0,0,0,0,0,0,0,0,0,0,0,0,0
"Ian White",20112012,DET,D,77,0,0,0,--,0,0,0,0,0,0,0,0,0,0,0,0,0,0,0,0,0,0
"Ian White",20122013,DET,D,25,1,1,0,100,1,1,0,0,0,0,0,0,0,0,0,0,1,1,0,0,0,0
"Ryan White",20092010,MTL,C,16,10,7,3,70,6,5,1,0,0,0,4,2,2,2,1,1,3,2,1,5,4,1
"Ryan White",20102011,MTL,C,27,32,13,19,40.6,31,12,19,0,0,0,1,1,0,20,9,11,2,0,2,10,4,6
"Ryan White",20112012,MTL,C,20,59,29,30,49.1,53,26,27,1,1,0,5,2,3,14,5,9,18,13,5,27,11,16
"Ryan White",20122013,MTL,C,26,167,91,76,54.5,140,75,65,6,4,2,21,12,9,33,12,21,58,34,24,76,45,31
"Ryan White",20132014,MTL,C,52,388,197,191,50.8,321,160,161,4,2,2,63,35,28,62,34,28,130,63,67,196,100,96
"Ryan White",20142015,PHI,C,34,123,65,58,52.8,118,64,54,1,0,1,4,1,3,59,30,29,30,15,15,34,20,14
"Ryan White",20152016,PHI,C,73,351,184,167,52.4,291,154,137,18,12,6,42,18,24,111,59,52,121,70,51,119,55,64
"Ryan White",20162017,"ARI,MIN",C,65,91,39,52,42.9,83,36,47,0,0,0,8,3,5,35,13,22,16,9,7,40,17,23
"Todd White",20092010,ATL,C,65,745,401,344,53.8,569,301,268,121,73,48,55,27,28,240,129,111,260,135,125,243,136,107
"Todd White",20102011,NYR,C,18,56,30,26,53.6,52,29,23,1,0,1,3,1,2,19,10,9,14,9,5,23,11,12
"Zach Whitecloud",20172018,VGK,D,1,0,0,0,--,0,0,0,0,0,0,0,0,0,0,0,0,0,0,0,0,0,0
"Trent Whitfield",20092010,BOS,C,16,178,103,75,57.9,157,94,63,5,3,2,16,6,10,57,38,19,65,28,37,56,37,19
"Trent Whitfield",20112012,BOS,C,1,0,0,0,--,0,0,0,0,0,0,0,0,0,0,0,0,0,0,0,0,0,0
"Derek Whitmore",20112012,BUF,L,2,0,0,0,--,0,0,0,0,0,0,0,0,0,0,0,0,0,0,0,0,0,0
"Joe Whitney",20132014,NJD,R,1,1,0,1,0,1,0,1,0,0,0,0,0,0,1,0,1,0,0,0,0,0,0
"Joe Whitney",20142015,NJD,R,4,0,0,0,--,0,0,0,0,0,0,0,0,0,0,0,0,0,0,0,0,0,0
"Ray Whitney",20092010,CAR,L,80,9,3,6,33.3,6,2,4,3,1,2,0,0,0,3,0,3,3,1,2,3,2,1
"Ray Whitney",20102011,PHX,L,75,100,45,55,45,55,22,33,45,23,22,0,0,0,72,32,40,13,6,7,15,7,8
"Ray Whitney",20112012,PHX,L,82,15,4,11,26.7,9,1,8,6,3,3,0,0,0,7,3,4,3,1,2,5,0,5
"Ray Whitney",20122013,DAL,L,32,51,16,35,31.4,17,5,12,33,11,22,1,0,1,26,7,19,14,6,8,11,3,8
"Ray Whitney",20132014,DAL,L,69,2,1,1,50,2,1,1,0,0,0,0,0,0,1,1,0,0,0,0,1,0,1
"Ryan Whitney",20092010,"ANA,EDM",D,81,1,0,1,0,1,0,1,0,0,0,0,0,0,0,0,0,0,0,0,1,0,1
"Ryan Whitney",20102011,EDM,D,35,0,0,0,--,0,0,0,0,0,0,0,0,0,0,0,0,0,0,0,0,0,0
"Ryan Whitney",20112012,EDM,D,51,0,0,0,--,0,0,0,0,0,0,0,0,0,0,0,0,0,0,0,0,0,0
"Ryan Whitney",20122013,EDM,D,34,0,0,0,--,0,0,0,0,0,0,0,0,0,0,0,0,0,0,0,0,0,0
"Ryan Whitney",20132014,FLA,D,7,0,0,0,--,0,0,0,0,0,0,0,0,0,0,0,0,0,0,0,0,0,0
"Roman Wick",20102011,OTT,R,7,3,1,2,33.3,3,1,2,0,0,0,0,0,0,3,1,2,0,0,0,0,0,0
"Chris Wideman",20152016,OTT,D,64,0,0,0,--,0,0,0,0,0,0,0,0,0,0,0,0,0,0,0,0,0,0
"Chris Wideman",20162017,OTT,D,76,0,0,0,--,0,0,0,0,0,0,0,0,0,0,0,0,0,0,0,0,0,0
"Chris Wideman",20172018,OTT,D,16,0,0,0,--,0,0,0,0,0,0,0,0,0,0,0,0,0,0,0,0,0,0
"Chris Wideman",20182019,"OTT,EDM,FLA",D,25,0,0,0,--,0,0,0,0,0,0,0,0,0,0,0,0,0,0,0,0,0,0
"Dennis Wideman",20092010,BOS,D,76,0,0,0,--,0,0,0,0,0,0,0,0,0,0,0,0,0,0,0,0,0,0
"Dennis Wideman",20102011,"FLA,WSH",D,75,1,1,0,100,1,1,0,0,0,0,0,0,0,1,1,0,0,0,0,0,0,0
"Dennis Wideman",20112012,WSH,D,82,0,0,0,--,0,0,0,0,0,0,0,0,0,0,0,0,0,0,0,0,0,0
"Dennis Wideman",20122013,CGY,D,46,1,0,1,0,0,0,0,1,0,1,0,0,0,0,0,0,0,0,0,1,0,1
"Dennis Wideman",20132014,CGY,D,46,0,0,0,--,0,0,0,0,0,0,0,0,0,0,0,0,0,0,0,0,0,0
"Dennis Wideman",20142015,CGY,D,80,0,0,0,--,0,0,0,0,0,0,0,0,0,0,0,0,0,0,0,0,0,0
"Dennis Wideman",20152016,CGY,D,51,0,0,0,--,0,0,0,0,0,0,0,0,0,0,0,0,0,0,0,0,0,0
"Dennis Wideman",20162017,CGY,D,57,0,0,0,--,0,0,0,0,0,0,0,0,0,0,0,0,0,0,0,0,0,0
"Patrick Wiercioch",20102011,OTT,D,8,0,0,0,--,0,0,0,0,0,0,0,0,0,0,0,0,0,0,0,0,0,0
"Patrick Wiercioch",20122013,OTT,D,42,0,0,0,--,0,0,0,0,0,0,0,0,0,0,0,0,0,0,0,0,0,0
"Patrick Wiercioch",20132014,OTT,D,53,2,0,2,0,2,0,2,0,0,0,0,0,0,0,0,0,0,0,0,2,0,2
"Patrick Wiercioch",20142015,OTT,D,56,0,0,0,--,0,0,0,0,0,0,0,0,0,0,0,0,0,0,0,0,0,0
"Patrick Wiercioch",20152016,OTT,D,52,0,0,0,--,0,0,0,0,0,0,0,0,0,0,0,0,0,0,0,0,0,0
"Patrick Wiercioch",20162017,COL,D,57,0,0,0,--,0,0,0,0,0,0,0,0,0,0,0,0,0,0,0,0,0,0
"Jason Williams",20092010,DET,C,44,60,30,30,50,59,29,30,1,1,0,0,0,0,25,14,11,27,13,14,8,3,5
"Jason Williams",20102011,DAL,C,27,44,18,26,40.9,42,17,25,2,1,1,0,0,0,24,11,13,13,6,7,7,1,6
"Jason Williams",20112012,PIT,C,8,1,0,1,0,0,0,0,1,0,1,0,0,0,1,0,1,0,0,0,0,0,0
"Jeremy Williams",20102011,NYR,R,1,0,0,0,--,0,0,0,0,0,0,0,0,0,0,0,0,0,0,0,0,0,0
"Justin Williams",20092010,LAK,R,49,11,4,7,36.4,8,3,5,3,1,2,0,0,0,4,3,1,3,0,3,4,1,3
"Justin Williams",20102011,LAK,R,73,14,7,7,50,8,6,2,5,1,4,1,0,1,8,2,6,5,4,1,1,1,0
"Justin Williams",20112012,LAK,R,82,25,11,14,44,14,7,7,10,4,6,1,0,1,18,7,11,3,1,2,4,3,1
"Justin Williams",20122013,LAK,R,48,6,2,4,33.3,5,2,3,0,0,0,1,0,1,3,1,2,1,0,1,2,1,1
"Justin Williams",20132014,LAK,R,82,10,2,8,20,7,1,6,3,1,2,0,0,0,10,2,8,0,0,0,0,0,0
"Justin Williams",20142015,LAK,R,81,6,3,3,50,6,3,3,0,0,0,0,0,0,1,1,0,1,0,1,4,2,2
"Justin Williams",20152016,WSH,R,82,109,57,52,52.3,41,21,20,49,30,19,19,6,13,69,42,27,25,9,16,15,6,9
"Justin Williams",20162017,WSH,R,80,117,64,53,54.7,42,19,23,74,44,30,1,1,0,96,50,46,10,6,4,11,8,3
"Justin Williams",20172018,CAR,R,82,116,52,64,44.8,103,45,58,12,7,5,1,0,1,63,33,30,27,9,18,26,10,16
"Justin Williams",20182019,CAR,R,82,242,92,150,38,161,59,102,81,33,48,0,0,0,146,58,88,55,19,36,41,15,26
"Brian Willsie",20092010,COL,R,4,18,10,8,55.5,13,8,5,0,0,0,5,2,3,5,3,2,6,2,4,7,5,2
"Brian Willsie",20102011,WSH,R,1,0,0,0,--,0,0,0,0,0,0,0,0,0,0,0,0,0,0,0,0,0,0
"Clay Wilson",20092010,FLA,D,2,0,0,0,--,0,0,0,0,0,0,0,0,0,0,0,0,0,0,0,0,0,0
"Clay Wilson",20102011,FLA,D,15,0,0,0,--,0,0,0,0,0,0,0,0,0,0,0,0,0,0,0,0,0,0
"Clay Wilson",20112012,CGY,D,5,0,0,0,--,0,0,0,0,0,0,0,0,0,0,0,0,0,0,0,0,0,0
"Colin Wilson",20092010,NSH,C,35,124,62,62,50,98,48,50,26,14,12,0,0,0,46,18,28,40,20,20,37,24,13
"Colin Wilson",20102011,NSH,C,82,228,108,120,47.4,127,59,68,100,49,51,1,0,1,147,65,82,52,30,22,29,13,16
"Colin Wilson",20112012,NSH,C,68,77,39,38,50.6,41,19,22,35,20,15,1,0,1,50,24,26,12,6,6,15,9,6
"Colin Wilson",20122013,NSH,C,25,21,8,13,38.1,13,4,9,8,4,4,0,0,0,14,5,9,2,0,2,5,3,2
"Colin Wilson",20132014,NSH,C,81,343,166,177,48.4,312,147,165,30,19,11,1,0,1,139,67,72,125,56,69,79,43,36
"Colin Wilson",20142015,NSH,C,77,178,71,107,39.9,162,67,95,16,4,12,0,0,0,89,33,56,47,23,24,42,15,27
"Colin Wilson",20152016,NSH,C,64,35,14,21,40,27,11,16,8,3,5,0,0,0,30,12,18,4,1,3,1,1,0
"Colin Wilson",20162017,NSH,C,70,39,16,23,41,37,16,21,2,0,2,0,0,0,24,8,16,11,6,5,4,2,2
"Colin Wilson",20172018,COL,C,56,115,60,55,52.2,79,37,42,35,22,13,1,1,0,63,29,34,31,18,13,21,13,8
"Colin Wilson",20182019,COL,C,65,52,20,32,38.5,48,20,28,4,0,4,0,0,0,27,7,20,13,8,5,12,5,7
"Garrett Wilson",20132014,FLA,L,3,0,0,0,--,0,0,0,0,0,0,0,0,0,0,0,0,0,0,0,0,0,0
"Garrett Wilson",20142015,FLA,L,2,0,0,0,--,0,0,0,0,0,0,0,0,0,0,0,0,0,0,0,0,0,0
"Garrett Wilson",20152016,FLA,L,29,1,0,1,0,1,0,1,0,0,0,0,0,0,0,0,0,1,0,1,0,0,0
"Garrett Wilson",20182019,PIT,L,50,7,3,4,42.9,7,3,4,0,0,0,0,0,0,1,0,1,3,1,2,3,2,1
"Kyle Wilson",20092010,WSH,C,2,13,4,9,30.8,12,3,9,1,1,0,0,0,0,0,0,0,9,3,6,4,1,3
"Kyle Wilson",20102011,CBJ,C,32,133,63,70,47.4,115,57,58,2,2,0,16,4,12,48,23,25,53,27,26,32,13,19
"Kyle Wilson",20112012,NSH,C,5,1,0,1,0,1,0,1,0,0,0,0,0,0,1,0,1,0,0,0,0,0,0
"Ryan Wilson",20092010,COL,D,61,0,0,0,--,0,0,0,0,0,0,0,0,0,0,0,0,0,0,0,0,0,0
"Ryan Wilson",20102011,COL,D,67,0,0,0,--,0,0,0,0,0,0,0,0,0,0,0,0,0,0,0,0,0,0
"Ryan Wilson",20112012,COL,D,59,1,0,1,0,1,0,1,0,0,0,0,0,0,0,0,0,1,0,1,0,0,0
"Ryan Wilson",20122013,COL,D,12,0,0,0,--,0,0,0,0,0,0,0,0,0,0,0,0,0,0,0,0,0,0
"Ryan Wilson",20132014,COL,D,28,1,0,1,0,1,0,1,0,0,0,0,0,0,0,0,0,1,0,1,0,0,0
"Ryan Wilson",20142015,COL,D,3,0,0,0,--,0,0,0,0,0,0,0,0,0,0,0,0,0,0,0,0,0,0
"Scott Wilson",20142015,PIT,L,1,0,0,0,--,0,0,0,0,0,0,0,0,0,0,0,0,0,0,0,0,0,0
"Scott Wilson",20152016,PIT,L,24,0,0,0,--,0,0,0,0,0,0,0,0,0,0,0,0,0,0,0,0,0,0
"Scott Wilson",20162017,PIT,L,78,3,3,0,100,3,3,0,0,0,0,0,0,0,2,2,0,1,1,0,0,0,0
"Scott Wilson",20172018,"PIT,DET,BUF",L,69,19,10,9,52.6,14,7,7,0,0,0,5,3,2,8,4,4,6,3,3,5,3,2
"Scott Wilson",20182019,BUF,L,15,3,1,2,33.3,3,1,2,0,0,0,0,0,0,1,0,1,0,0,0,2,1,1
"Tom Wilson",20132014,WSH,R,82,3,0,3,0,3,0,3,0,0,0,0,0,0,0,0,0,1,0,1,2,0,2
"Tom Wilson",20142015,WSH,R,67,11,2,9,18.2,11,2,9,0,0,0,0,0,0,9,1,8,2,1,1,0,0,0
"Tom Wilson",20152016,WSH,R,82,14,8,6,57.1,12,6,6,0,0,0,2,2,0,11,6,5,0,0,0,3,2,1
"Tom Wilson",20162017,WSH,R,82,10,3,7,30,8,2,6,1,1,0,1,0,1,6,2,4,2,0,2,2,1,1
"Tom Wilson",20172018,WSH,R,78,54,25,29,46.3,47,20,27,1,1,0,6,4,2,33,16,17,10,4,6,11,5,6
"Tom Wilson",20182019,WSH,R,63,53,29,24,54.7,35,20,15,7,3,4,11,6,5,23,11,12,10,6,4,20,12,8
"Brad Winchester",20092010,STL,L,64,12,3,9,25,12,3,9,0,0,0,0,0,0,6,2,4,3,1,2,3,0,3
"Brad Winchester",20102011,"STL,ANA",L,76,8,2,6,25,8,2,6,0,0,0,0,0,0,4,0,4,1,1,0,3,1,2
"Brad Winchester",20112012,SJS,L,67,33,20,13,60.6,33,20,13,0,0,0,0,0,0,14,8,6,7,3,4,12,9,3
"Jesse Winchester",20092010,OTT,C,52,377,209,168,55.4,312,178,134,5,3,2,60,28,32,119,61,58,118,69,49,140,79,61
"Jesse Winchester",20102011,OTT,C,72,545,303,242,55.6,477,265,212,10,5,5,58,33,25,146,80,66,201,106,95,198,117,81
"Jesse Winchester",20112012,OTT,C,32,235,126,109,53.6,179,98,81,2,2,0,54,26,28,59,30,29,78,48,30,98,48,50
"Jesse Winchester",20132014,FLA,C,52,130,63,67,48.5,70,33,37,0,0,0,60,30,30,21,10,11,31,15,16,78,38,40
"Tommy Wingels",20102011,SJS,C,5,3,1,2,33.3,3,1,2,0,0,0,0,0,0,1,0,1,1,1,0,1,0,1
"Tommy Wingels",20112012,SJS,C,33,17,7,10,41.2,11,5,6,6,2,4,0,0,0,8,3,5,7,4,3,2,0,2
"Tommy Wingels",20122013,SJS,C,42,16,4,12,25,11,3,8,5,1,4,0,0,0,7,2,5,3,0,3,6,2,4
"Tommy Wingels",20132014,SJS,C,77,56,20,36,35.7,47,17,30,7,2,5,2,1,1,22,6,16,17,7,10,17,7,10
"Tommy Wingels",20142015,SJS,C,75,154,70,84,45.5,106,45,61,37,17,20,11,8,3,77,34,43,34,15,19,43,21,22
"Tommy Wingels",20152016,SJS,C,68,93,38,55,40.9,60,29,31,4,1,3,29,8,21,43,22,21,19,5,14,31,11,20
"Tommy Wingels",20162017,"SJS,OTT",C,73,260,111,149,42.7,245,104,141,2,2,0,13,5,8,93,41,52,97,40,57,70,30,40
"Tommy Wingels",20172018,"CHI,BOS",C,75,455,211,244,46.4,392,182,210,10,6,4,53,23,30,120,54,66,147,77,70,188,80,108
"Daniel Winnik",20092010,PHX,L,74,110,50,60,45.5,79,39,40,2,2,0,29,9,20,30,16,14,21,8,13,58,25,33
"Daniel Winnik",20102011,COL,L,80,69,25,44,36.2,44,20,24,3,0,3,22,5,17,21,10,11,13,3,10,35,12,23
"Daniel Winnik",20112012,"COL,SJS",L,84,66,33,33,50,43,24,19,3,2,1,20,7,13,18,11,7,18,8,10,30,14,16
"Daniel Winnik",20122013,ANA,L,48,53,16,37,30.2,31,10,21,0,0,0,22,6,16,17,4,13,17,5,12,19,7,12
"Daniel Winnik",20132014,ANA,L,76,196,85,111,43.4,162,73,89,5,3,2,29,9,20,78,27,51,60,25,35,58,33,25
"Daniel Winnik",20142015,"TOR,PIT",L,79,228,107,121,46.9,116,56,60,1,1,0,111,50,61,62,33,29,58,29,29,108,45,63
"Daniel Winnik",20152016,"TOR,WSH",L,76,20,8,12,40,13,6,7,0,0,0,7,2,5,8,4,4,6,2,4,6,2,4
"Daniel Winnik",20162017,WSH,L,72,21,9,12,42.9,14,8,6,1,1,0,6,0,6,14,7,7,4,2,2,3,0,3
"Daniel Winnik",20172018,MIN,L,81,199,89,110,44.7,167,74,93,2,2,0,30,13,17,75,35,40,33,12,21,91,42,49
"Ty Wishart",20102011,NYI,D,20,0,0,0,--,0,0,0,0,0,0,0,0,0,0,0,0,0,0,0,0,0,0
"Ty Wishart",20112012,NYI,D,1,0,0,0,--,0,0,0,0,0,0,0,0,0,0,0,0,0,0,0,0,0,0
"James Wisniewski",20092010,ANA,D,69,0,0,0,--,0,0,0,0,0,0,0,0,0,0,0,0,0,0,0,0,0,0
"James Wisniewski",20102011,"NYI,MTL",D,75,0,0,0,--,0,0,0,0,0,0,0,0,0,0,0,0,0,0,0,0,0,0
"James Wisniewski",20112012,CBJ,D,48,1,0,1,0,1,0,1,0,0,0,0,0,0,0,0,0,1,0,1,0,0,0
"James Wisniewski",20122013,CBJ,D,30,0,0,0,--,0,0,0,0,0,0,0,0,0,0,0,0,0,0,0,0,0,0
"James Wisniewski",20132014,CBJ,D,75,0,0,0,--,0,0,0,0,0,0,0,0,0,0,0,0,0,0,0,0,0,0
"James Wisniewski",20142015,"CBJ,ANA",D,69,0,0,0,--,0,0,0,0,0,0,0,0,0,0,0,0,0,0,0,0,0,0
"James Wisniewski",20152016,CAR,D,1,0,0,0,--,0,0,0,0,0,0,0,0,0,0,0,0,0,0,0,0,0,0
"Luke Witkowski",20142015,TBL,R,16,0,0,0,--,0,0,0,0,0,0,0,0,0,0,0,0,0,0,0,0,0,0
"Luke Witkowski",20152016,TBL,R,4,0,0,0,--,0,0,0,0,0,0,0,0,0,0,0,0,0,0,0,0,0,0
"Luke Witkowski",20162017,TBL,R,34,0,0,0,--,0,0,0,0,0,0,0,0,0,0,0,0,0,0,0,0,0,0
"Luke Witkowski",20172018,DET,R,31,2,1,1,50,2,1,1,0,0,0,0,0,0,0,0,0,2,1,1,0,0,0
"Luke Witkowski",20182019,DET,R,34,0,0,0,--,0,0,0,0,0,0,0,0,0,0,0,0,0,0,0,0,0,0
"Brendan Witt",20092010,NYI,D,42,1,0,1,0,1,0,1,0,0,0,0,0,0,0,0,0,0,0,0,1,0,1
"Christian Wolanin",20172018,OTT,D,10,0,0,0,--,0,0,0,0,0,0,0,0,0,0,0,0,0,0,0,0,0,0
"Christian Wolanin",20182019,OTT,D,30,0,0,0,--,0,0,0,0,0,0,0,0,0,0,0,0,0,0,0,0,0,0
"David Wolf",20142015,CGY,L,3,2,1,1,50,2,1,1,0,0,0,0,0,0,2,1,1,0,0,0,0,0,0
"Wojtek Wolski",20092010,"COL,PHX",L,80,36,16,20,44.4,25,11,14,4,0,4,7,5,2,13,3,10,10,5,5,13,8,5
"Wojtek Wolski",20102011,"PHX,NYR",L,73,31,15,16,48.4,19,9,10,12,6,6,0,0,0,19,10,9,4,3,1,8,2,6
"Wojtek Wolski",20112012,"NYR,FLA",L,31,10,5,5,50,7,5,2,3,0,3,0,0,0,6,2,4,1,1,0,3,2,1
"Wojtek Wolski",20122013,WSH,L,27,5,1,4,20,3,0,3,2,1,1,0,0,0,3,0,3,1,1,0,1,0,1
"Miles Wood",20152016,NJD,L,1,0,0,0,--,0,0,0,0,0,0,0,0,0,0,0,0,0,0,0,0,0,0
"Miles Wood",20162017,NJD,L,60,2,1,1,50,2,1,1,0,0,0,0,0,0,2,1,1,0,0,0,0,0,0
"Miles Wood",20172018,NJD,L,76,3,2,1,66.7,1,1,0,2,1,1,0,0,0,2,1,1,0,0,0,1,1,0
"Miles Wood",20182019,NJD,L,63,2,0,2,0,1,0,1,0,0,0,1,0,1,0,0,0,1,0,1,1,0,1
"Brendan Woods",20142015,CAR,L,2,0,0,0,--,0,0,0,0,0,0,0,0,0,0,0,0,0,0,0,0,0,0
"Brendan Woods",20152016,CAR,L,5,1,0,1,0,1,0,1,0,0,0,0,0,0,1,0,1,0,0,0,0,0,0
"Tyler Wotherspoon",20132014,CGY,D,14,0,0,0,--,0,0,0,0,0,0,0,0,0,0,0,0,0,0,0,0,0,0
"Tyler Wotherspoon",20142015,CGY,D,1,0,0,0,--,0,0,0,0,0,0,0,0,0,0,0,0,0,0,0,0,0,0
"Tyler Wotherspoon",20152016,CGY,D,11,0,0,0,--,0,0,0,0,0,0,0,0,0,0,0,0,0,0,0,0,0,0
"Tyler Wotherspoon",20162017,CGY,D,4,0,0,0,--,0,0,0,0,0,0,0,0,0,0,0,0,0,0,0,0,0,0
"Jeff Woywitka",20092010,DAL,D,36,0,0,0,--,0,0,0,0,0,0,0,0,0,0,0,0,0,0,0,0,0,0
"Jeff Woywitka",20102011,DAL,D,63,0,0,0,--,0,0,0,0,0,0,0,0,0,0,0,0,0,0,0,0,0,0
"Jeff Woywitka",20112012,NYR,D,27,0,0,0,--,0,0,0,0,0,0,0,0,0,0,0,0,0,0,0,0,0,0
"Andy Wozniewski",20092010,BOS,D,2,0,0,0,--,0,0,0,0,0,0,0,0,0,0,0,0,0,0,0,0,0,0
"James Wright",20092010,TBL,C,48,169,77,92,45.6,108,50,58,2,2,0,59,25,34,28,10,18,45,21,24,94,44,50
"James Wright",20102011,TBL,C,1,2,0,2,0,2,0,2,0,0,0,0,0,0,0,0,0,1,0,1,1,0,1
"James Wright",20122013,WPG,C,38,46,22,24,47.8,37,19,18,0,0,0,9,3,6,16,7,9,4,2,2,26,13,13
"James Wright",20132014,WPG,C,59,269,126,143,46.8,156,77,79,1,0,1,112,49,63,51,27,24,105,50,55,113,49,64
"JT Wyman",20092010,MTL,R,3,1,0,1,0,1,0,1,0,0,0,0,0,0,0,0,0,0,0,0,1,0,1
"JT Wyman",20112012,TBL,R,40,57,22,35,38.6,41,16,25,0,0,0,16,6,10,7,2,5,9,2,7,41,18,23
"JT Wyman",20122013,TBL,R,1,11,7,4,63.6,10,6,4,0,0,0,1,1,0,3,3,0,4,1,3,4,3,1
"Bogdan Yakimov",20142015,EDM,C,1,7,3,4,42.9,7,3,4,0,0,0,0,0,0,4,2,2,3,1,2,0,0,0
"Egor Yakovlev",20182019,NJD,D,25,0,0,0,--,0,0,0,0,0,0,0,0,0,0,0,0,0,0,0,0,0,0
"Nail Yakupov",20122013,EDM,R,48,6,0,6,0,6,0,6,0,0,0,0,0,0,4,0,4,0,0,0,2,0,2
"Nail Yakupov",20132014,EDM,R,63,0,0,0,--,0,0,0,0,0,0,0,0,0,0,0,0,0,0,0,0,0,0
"Nail Yakupov",20142015,EDM,R,81,1,0,1,0,1,0,1,0,0,0,0,0,0,1,0,1,0,0,0,0,0,0
"Nail Yakupov",20152016,EDM,R,60,1,0,1,0,1,0,1,0,0,0,0,0,0,1,0,1,0,0,0,0,0,0
"Nail Yakupov",20162017,STL,R,40,0,0,0,--,0,0,0,0,0,0,0,0,0,0,0,0,0,0,0,0,0,0
"Nail Yakupov",20172018,COL,R,58,2,0,2,0,2,0,2,0,0,0,0,0,0,1,0,1,1,0,1,0,0,0
"Kailer Yamamoto",20172018,EDM,R,9,1,0,1,0,1,0,1,0,0,0,0,0,0,1,0,1,0,0,0,0,0,0
"Kailer Yamamoto",20182019,EDM,R,17,0,0,0,--,0,0,0,0,0,0,0,0,0,0,0,0,0,0,0,0,0,0
"Keith Yandle",20092010,PHX,D,82,0,0,0,--,0,0,0,0,0,0,0,0,0,0,0,0,0,0,0,0,0,0
"Keith Yandle",20102011,PHX,D,82,0,0,0,--,0,0,0,0,0,0,0,0,0,0,0,0,0,0,0,0,0,0
"Keith Yandle",20112012,PHX,D,82,0,0,0,--,0,0,0,0,0,0,0,0,0,0,0,0,0,0,0,0,0,0
"Keith Yandle",20122013,PHX,D,48,0,0,0,--,0,0,0,0,0,0,0,0,0,0,0,0,0,0,0,0,0,0
"Keith Yandle",20132014,PHX,D,82,0,0,0,--,0,0,0,0,0,0,0,0,0,0,0,0,0,0,0,0,0,0
"Keith Yandle",20142015,"ARI,NYR",D,84,0,0,0,--,0,0,0,0,0,0,0,0,0,0,0,0,0,0,0,0,0,0
"Keith Yandle",20152016,NYR,D,82,0,0,0,--,0,0,0,0,0,0,0,0,0,0,0,0,0,0,0,0,0,0
"Keith Yandle",20162017,FLA,D,82,0,0,0,--,0,0,0,0,0,0,0,0,0,0,0,0,0,0,0,0,0,0
"Keith Yandle",20172018,FLA,D,82,0,0,0,--,0,0,0,0,0,0,0,0,0,0,0,0,0,0,0,0,0,0
"Keith Yandle",20182019,FLA,D,82,0,0,0,--,0,0,0,0,0,0,0,0,0,0,0,0,0,0,0,0,0,0
"Stephane Yelle",20092010,"CAR,COL",C,70,380,181,199,47.6,203,101,102,1,1,0,176,79,97,64,29,35,103,54,49,210,97,113
"Brandon Yip",20092010,COL,R,32,1,0,1,0,1,0,1,0,0,0,0,0,0,0,0,0,0,0,0,1,0,1
"Brandon Yip",20102011,COL,R,71,14,5,9,35.7,8,3,5,3,0,3,3,2,1,8,3,5,2,1,1,4,1,3
"Brandon Yip",20112012,"COL,NSH",R,35,7,2,5,28.6,5,1,4,2,1,1,0,0,0,1,0,1,3,1,2,3,1,2
"Brandon Yip",20122013,NSH,R,34,21,8,13,38.1,18,7,11,1,0,1,2,1,1,13,6,7,4,1,3,4,1,3
"Brandon Yip",20132014,PHX,R,2,0,0,0,--,0,0,0,0,0,0,0,0,0,0,0,0,0,0,0,0,0,0
"Nolan Yonkman",20102011,PHX,D,16,0,0,0,--,0,0,0,0,0,0,0,0,0,0,0,0,0,0,0,0,0,0
"Nolan Yonkman",20112012,FLA,D,1,0,0,0,--,0,0,0,0,0,0,0,0,0,0,0,0,0,0,0,0,0,0
"Nolan Yonkman",20122013,FLA,D,7,0,0,0,--,0,0,0,0,0,0,0,0,0,0,0,0,0,0,0,0,0,0
"Nolan Yonkman",20132014,ANA,D,2,0,0,0,--,0,0,0,0,0,0,0,0,0,0,0,0,0,0,0,0,0,0
"Pavel Zacha",20152016,NJD,C,1,9,3,6,33.3,7,2,5,2,1,1,0,0,0,4,1,3,1,1,0,4,1,3
"Pavel Zacha",20162017,NJD,C,70,457,184,273,40.3,400,164,236,42,16,26,15,4,11,182,71,111,155,64,91,120,49,71
"Pavel Zacha",20172018,NJD,C,69,725,318,407,43.9,644,282,362,45,22,23,36,14,22,238,97,141,249,102,147,238,119,119
"Pavel Zacha",20182019,NJD,C,61,712,348,364,48.9,624,300,324,30,17,13,58,31,27,193,98,95,240,117,123,279,133,146
"Filip Zadina",20182019,DET,R,9,6,3,3,50,5,2,3,1,1,0,0,0,0,4,2,2,1,0,1,1,1,0
"Nikita Zadorov",20132014,BUF,D,7,0,0,0,--,0,0,0,0,0,0,0,0,0,0,0,0,0,0,0,0,0,0
"Nikita Zadorov",20142015,BUF,D,60,1,1,0,100,1,1,0,0,0,0,0,0,0,1,1,0,0,0,0,0,0,0
"Nikita Zadorov",20152016,COL,D,22,0,0,0,--,0,0,0,0,0,0,0,0,0,0,0,0,0,0,0,0,0,0
"Nikita Zadorov",20162017,COL,D,56,0,0,0,--,0,0,0,0,0,0,0,0,0,0,0,0,0,0,0,0,0,0
"Nikita Zadorov",20172018,COL,D,77,0,0,0,--,0,0,0,0,0,0,0,0,0,0,0,0,0,0,0,0,0,0
"Nikita Zadorov",20182019,COL,D,70,0,0,0,--,0,0,0,0,0,0,0,0,0,0,0,0,0,0,0,0,0,0
"Nikita Zaitsev",20162017,TOR,D,82,0,0,0,--,0,0,0,0,0,0,0,0,0,0,0,0,0,0,0,0,0,0
"Nikita Zaitsev",20172018,TOR,D,60,0,0,0,--,0,0,0,0,0,0,0,0,0,0,0,0,0,0,0,0,0,0
"Nikita Zaitsev",20182019,TOR,D,81,0,0,0,--,0,0,0,0,0,0,0,0,0,0,0,0,0,0,0,0,0,0
"Travis Zajac",20092010,NJD,C,82,"1,373",726,647,52.9,981,509,472,224,135,89,168,82,86,512,271,241,441,240,201,406,204,202
"Travis Zajac",20102011,NJD,C,82,"1,278",707,571,55.3,"1,000",542,458,143,95,48,135,70,65,432,246,186,474,267,207,372,194,178
"Travis Zajac",20112012,NJD,C,15,204,118,86,57.8,170,100,70,18,10,8,16,8,8,74,44,30,62,37,25,68,37,31
"Travis Zajac",20122013,NJD,C,48,881,506,375,57.4,659,371,288,138,91,47,84,44,40,323,188,135,301,173,128,257,145,112
"Travis Zajac",20132014,NJD,C,80,"1,394",761,633,54.6,"1,051",586,465,182,94,88,161,81,80,490,253,237,478,274,204,426,234,192
"Travis Zajac",20142015,NJD,C,74,"1,200",641,559,53.4,963,515,448,110,63,47,127,63,64,358,182,176,391,224,167,451,235,216
"Travis Zajac",20152016,NJD,C,74,"1,387",715,672,51.5,"1,043",541,502,161,98,63,183,76,107,402,229,173,409,209,200,576,277,299
"Travis Zajac",20162017,NJD,C,80,"1,617",884,733,54.7,"1,231",667,564,218,132,86,168,85,83,520,290,230,500,274,226,597,320,277
"Travis Zajac",20172018,NJD,C,63,"1,094",557,537,50.9,804,408,396,108,66,42,182,83,99,290,154,136,305,161,144,499,242,257
"Travis Zajac",20182019,NJD,C,80,"1,446",841,605,58.2,"1,086",634,452,195,114,81,165,93,72,421,244,177,442,266,176,583,331,252
"Michael Zalewski",20132014,VAN,L,2,0,0,0,--,0,0,0,0,0,0,0,0,0,0,0,0,0,0,0,0,0,0
"Michael Zalewski",20152016,VAN,L,3,10,6,4,60,10,6,4,0,0,0,0,0,0,5,3,2,4,2,2,1,1,0
"Michael Zalewski",20162017,VAN,L,1,0,0,0,--,0,0,0,0,0,0,0,0,0,0,0,0,0,0,0,0,0,0
"Steven Zalewski",20092010,SJS,C,3,5,2,3,40,5,2,3,0,0,0,0,0,0,0,0,0,2,2,0,3,0,3
"Steven Zalewski",20112012,NJD,C,7,44,22,22,50,44,22,22,0,0,0,0,0,0,18,8,10,16,8,8,10,6,4
"Greg Zanon",20092010,MIN,D,81,1,0,1,0,0,0,0,0,0,0,1,0,1,0,0,0,0,0,0,1,0,1
"Greg Zanon",20102011,MIN,D,82,0,0,0,--,0,0,0,0,0,0,0,0,0,0,0,0,0,0,0,0,0,0
"Greg Zanon",20112012,"MIN,BOS",D,56,0,0,0,--,0,0,0,0,0,0,0,0,0,0,0,0,0,0,0,0,0,0
"Greg Zanon",20122013,COL,D,44,0,0,0,--,0,0,0,0,0,0,0,0,0,0,0,0,0,0,0,0,0,0
"Jakub Zboril",20182019,BOS,D,2,0,0,0,--,0,0,0,0,0,0,0,0,0,0,0,0,0,0,0,0,0,0
"John Zeiler",20102011,LAK,R,4,10,5,5,50,10,5,5,0,0,0,0,0,0,5,2,3,3,1,2,2,2,0
"Henrik Zetterberg",20092010,DET,C,74,"1,098",544,554,49.5,853,405,448,173,97,76,72,42,30,394,187,207,374,199,175,328,157,171
"Henrik Zetterberg",20102011,DET,C,80,984,516,468,52.4,766,401,365,170,91,79,48,24,24,369,175,194,327,177,150,288,164,124
"Henrik Zetterberg",20112012,DET,C,82,"1,115",548,567,49.1,891,431,460,161,83,78,63,34,29,427,213,214,380,172,208,308,163,145
"Henrik Zetterberg",20122013,DET,C,46,544,263,281,48.3,461,223,238,32,18,14,51,22,29,193,89,104,195,101,94,156,73,83
"Henrik Zetterberg",20132014,DET,C,45,489,259,230,53,394,204,190,79,46,33,16,9,7,183,97,86,161,87,74,145,75,70
"Henrik Zetterberg",20142015,DET,C,77,"1,064",541,523,50.8,866,437,429,188,95,93,10,9,1,483,240,243,359,185,174,222,116,106
"Henrik Zetterberg",20152016,DET,C,82,"1,075",539,536,50.1,914,445,469,152,89,63,9,5,4,458,237,221,385,192,193,232,110,122
"Henrik Zetterberg",20162017,DET,C,82,"1,362",705,657,51.8,"1,175",595,580,186,110,76,1,0,1,551,299,252,446,226,220,365,180,185
"Henrik Zetterberg",20172018,DET,C,82,"1,375",666,709,48.4,"1,174",569,605,199,97,102,2,0,2,569,267,302,452,221,231,354,178,176
"Vladimir Zharkov",20092010,NJD,R,40,4,1,3,25,4,1,3,0,0,0,0,0,0,1,1,0,0,0,0,3,0,3
"Vladimir Zharkov",20102011,NJD,R,38,6,2,4,33.3,4,2,2,0,0,0,2,0,2,2,2,0,2,0,2,2,0,2
"Vladimir Zharkov",20112012,NJD,R,4,0,0,0,--,0,0,0,0,0,0,0,0,0,0,0,0,0,0,0,0,0,0
"Nikolay Zherdev",20102011,PHI,R,56,7,2,5,28.6,7,2,5,0,0,0,0,0,0,5,2,3,1,0,1,1,0,1
"Mika Zibanejad",20112012,OTT,C,9,50,22,28,44,46,22,24,4,0,4,0,0,0,13,5,8,25,11,14,12,6,6
"Mika Zibanejad",20122013,OTT,C,42,343,159,184,46.4,287,134,153,55,25,30,1,0,1,161,66,95,128,60,68,54,33,21
"Mika Zibanejad",20132014,OTT,C,69,397,183,214,46.1,334,163,171,55,20,35,8,0,8,167,71,96,153,76,77,77,36,41
"Mika Zibanejad",20142015,OTT,C,80,"1,261",615,646,48.8,"1,037",509,528,198,95,103,26,11,15,505,234,271,435,220,215,321,161,160
"Mika Zibanejad",20152016,OTT,C,81,"1,306",659,647,50.5,"1,086",553,533,112,59,53,108,47,61,518,262,256,410,210,200,378,187,191
"Mika Zibanejad",20162017,NYR,C,56,950,494,456,52,787,412,375,96,61,35,67,21,46,345,197,148,285,133,152,320,164,156
"Mika Zibanejad",20172018,NYR,C,72,"1,287",654,633,50.8,977,510,467,203,101,102,107,43,64,477,233,244,390,208,182,420,213,207
"Mika Zibanejad",20182019,NYR,C,82,"1,673",831,842,49.7,"1,256",622,634,196,102,94,221,107,114,493,246,247,574,303,271,606,282,324
"Marek Zidlicky",20092010,MIN,D,78,0,0,0,--,0,0,0,0,0,0,0,0,0,0,0,0,0,0,0,0,0,0
"Marek Zidlicky",20102011,MIN,D,46,0,0,0,--,0,0,0,0,0,0,0,0,0,0,0,0,0,0,0,0,0,0
"Marek Zidlicky",20112012,"MIN,NJD",D,63,0,0,0,--,0,0,0,0,0,0,0,0,0,0,0,0,0,0,0,0,0,0
"Marek Zidlicky",20122013,NJD,D,48,0,0,0,--,0,0,0,0,0,0,0,0,0,0,0,0,0,0,0,0,0,0
"Marek Zidlicky",20132014,NJD,D,81,0,0,0,--,0,0,0,0,0,0,0,0,0,0,0,0,0,0,0,0,0,0
"Marek Zidlicky",20142015,"NJD,DET",D,84,1,0,1,0,1,0,1,0,0,0,0,0,0,0,0,0,0,0,0,1,0,1
"Marek Zidlicky",20152016,NYI,D,53,0,0,0,--,0,0,0,0,0,0,0,0,0,0,0,0,0,0,0,0,0,0
"Michael Zigomanis",20102011,TOR,C,8,40,21,19,52.5,24,11,13,3,3,0,13,7,6,10,5,5,13,6,7,17,10,7
"Harry Zolnierczyk",20112012,PHI,L,37,28,12,16,42.9,26,11,15,0,0,0,2,1,1,14,7,7,7,3,4,7,2,5
"Harry Zolnierczyk",20122013,PHI,L,7,0,0,0,--,0,0,0,0,0,0,0,0,0,0,0,0,0,0,0,0,0,0
"Harry Zolnierczyk",20132014,PIT,L,13,2,2,0,100,2,2,0,0,0,0,0,0,0,1,1,0,0,0,0,1,1,0
"Harry Zolnierczyk",20142015,NYI,L,2,2,0,2,0,1,0,1,0,0,0,1,0,1,0,0,0,1,0,1,1,0,1
"Harry Zolnierczyk",20152016,ANA,L,1,0,0,0,--,0,0,0,0,0,0,0,0,0,0,0,0,0,0,0,0,0,0
"Harry Zolnierczyk",20162017,NSH,L,24,19,8,11,42.1,17,6,11,0,0,0,2,2,0,7,2,5,8,5,3,4,1,3
"Andrey Zubarev",20102011,ATL,D,4,0,0,0,--,0,0,0,0,0,0,0,0,0,0,0,0,0,0,0,0,0,0
"Dainius Zubrus",20092010,NJD,C,51,400,194,206,48.5,327,151,176,59,36,23,14,7,7,128,66,62,154,66,88,117,62,55
"Dainius Zubrus",20102011,NJD,C,79,449,253,196,56.4,320,175,145,103,61,42,26,17,9,186,98,88,94,56,38,169,99,70
"Dainius Zubrus",20112012,NJD,C,82,441,191,250,43.3,333,142,191,51,28,23,57,21,36,157,66,91,127,53,74,157,72,85
"Dainius Zubrus",20122013,NJD,C,22,28,11,17,39.3,22,10,12,0,0,0,6,1,5,12,4,8,5,1,4,11,6,5
"Dainius Zubrus",20132014,NJD,C,82,424,216,208,50.9,323,162,161,15,9,6,86,45,41,149,72,77,66,35,31,209,109,100
"Dainius Zubrus",20142015,NJD,C,74,86,37,49,43,71,28,43,3,1,2,12,8,4,28,8,20,23,12,11,35,17,18
"Dainius Zubrus",20152016,SJS,C,50,27,15,12,55.5,25,15,10,0,0,0,2,0,2,10,8,2,10,6,4,7,1,6
"Mats Zuccarello",20102011,NYR,R,42,15,8,7,53.3,14,8,6,1,0,1,0,0,0,10,5,5,3,1,2,2,2,0
"Mats Zuccarello",20112012,NYR,R,10,0,0,0,--,0,0,0,0,0,0,0,0,0,0,0,0,0,0,0,0,0,0
"Mats Zuccarello",20122013,NYR,R,15,4,0,4,0,3,0,3,1,0,1,0,0,0,1,0,1,0,0,0,3,0,3
"Mats Zuccarello",20132014,NYR,R,77,8,3,5,37.5,6,2,4,1,1,0,1,0,1,6,3,3,2,0,2,0,0,0
"Mats Zuccarello",20142015,NYR,R,78,37,16,21,43.2,18,7,11,14,5,9,5,4,1,14,5,9,15,5,10,8,6,2
"Mats Zuccarello",20152016,NYR,R,81,11,5,6,45.5,9,5,4,2,0,2,0,0,0,8,3,5,1,0,1,2,2,0
"Mats Zuccarello",20162017,NYR,R,80,13,6,7,46.1,9,4,5,3,1,2,1,1,0,8,3,5,3,3,0,2,0,2
"Mats Zuccarello",20172018,NYR,R,80,80,21,59,26.3,61,15,46,11,5,6,8,1,7,50,14,36,13,4,9,17,3,14
"Mats Zuccarello",20182019,"NYR,DAL",R,48,30,10,20,33.3,25,9,16,1,0,1,4,1,3,12,6,6,7,3,4,11,1,10
"Jason Zucker",20112012,MIN,L,6,0,0,0,--,0,0,0,0,0,0,0,0,0,0,0,0,0,0,0,0,0,0
"Jason Zucker",20122013,MIN,L,20,1,0,1,0,1,0,1,0,0,0,0,0,0,0,0,0,0,0,0,1,0,1
"Jason Zucker",20132014,MIN,L,21,0,0,0,--,0,0,0,0,0,0,0,0,0,0,0,0,0,0,0,0,0,0
"Jason Zucker",20142015,MIN,L,51,7,2,5,28.6,6,2,4,0,0,0,1,0,1,2,1,1,2,0,2,3,1,2
"Jason Zucker",20152016,MIN,L,71,1,1,0,100,0,0,0,1,1,0,0,0,0,1,1,0,0,0,0,0,0,0
"Jason Zucker",20162017,MIN,L,79,5,1,4,20,4,1,3,0,0,0,1,0,1,2,1,1,3,0,3,0,0,0
"Jason Zucker",20172018,MIN,L,82,18,4,14,22.2,13,4,9,5,0,5,0,0,0,9,2,7,5,0,5,4,2,2
"Jason Zucker",20182019,MIN,L,81,13,2,11,15.4,9,1,8,4,1,3,0,0,0,8,2,6,3,0,3,2,0,2
"Valentin Zykov",20162017,CAR,L,2,0,0,0,--,0,0,0,0,0,0,0,0,0,0,0,0,0,0,0,0,0,0
"Valentin Zykov",20172018,CAR,L,10,1,0,1,0,1,0,1,0,0,0,0,0,0,0,0,0,1,0,1,0,0,0
"Valentin Zykov",20182019,"CAR,EDM,VGK",L,28,9,2,7,22.2,7,2,5,2,0,2,0,0,0,5,2,3,2,0,2,2,0,2
"Kyle Brodziak",20132014,MIN,C,81,"1,223",590,633,48.2,"1,010",495,515,22,17,5,191,78,113,234,121,113,403,191,212,586,278,308
"Kyle Brodziak",20142015,MIN,C,73,687,338,349,49.2,546,270,276,9,2,7,132,66,66,158,86,72,194,100,94,335,152,183
"Kyle Brodziak",20152016,STL,C,76,556,275,281,49.5,462,237,225,7,2,5,87,36,51,112,55,57,216,110,106,228,110,118
"Kyle Brodziak",20162017,STL,C,69,653,323,330,49.5,529,265,264,7,4,3,117,54,63,80,43,37,219,113,106,354,167,187
"Kyle Brodziak",20172018,STL,C,81,967,504,463,52.1,821,436,385,4,2,2,142,66,76,172,83,89,271,154,117,524,267,257
"Kyle Brodziak",20182019,EDM,C,70,767,399,368,52,637,340,297,12,5,7,118,54,64,135,84,51,258,125,133,374,190,184
"Jonny Brodzinski",20162017,LAK,C,6,0,0,0,--,0,0,0,0,0,0,0,0,0,0,0,0,0,0,0,0,0,0
"Jonny Brodzinski",20172018,LAK,C,35,10,4,6,40,9,3,6,1,1,0,0,0,0,6,2,4,3,1,2,1,1,0
"Jonny Brodzinski",20182019,LAK,C,13,2,1,1,50,2,1,1,0,0,0,0,0,0,1,0,1,0,0,0,1,1,0
"David Broll",20132014,TOR,L,5,0,0,0,--,0,0,0,0,0,0,0,0,0,0,0,0,0,0,0,0,0,0
"Sheldon Brookbank",20092010,ANA,D,66,0,0,0,--,0,0,0,0,0,0,0,0,0,0,0,0,0,0,0,0,0,0
"Sheldon Brookbank",20102011,ANA,D,40,0,0,0,--,0,0,0,0,0,0,0,0,0,0,0,0,0,0,0,0,0,0
"Sheldon Brookbank",20112012,ANA,D,80,0,0,0,--,0,0,0,0,0,0,0,0,0,0,0,0,0,0,0,0,0,0
"Sheldon Brookbank",20122013,CHI,D,26,1,0,1,0,1,0,1,0,0,0,0,0,0,0,0,0,1,0,1,0,0,0
"Sheldon Brookbank",20132014,CHI,D,48,0,0,0,--,0,0,0,0,0,0,0,0,0,0,0,0,0,0,0,0,0,0
"Evan Brophey",20102011,CHI,C,1,5,4,1,80,5,4,1,0,0,0,0,0,0,4,3,1,1,1,0,0,0,0
"Evan Brophey",20112012,COL,C,3,5,3,2,60,5,3,2,0,0,0,0,0,0,1,1,0,2,1,1,2,1,1
"Julien Brouillette",20132014,WSH,D,10,0,0,0,--,0,0,0,0,0,0,0,0,0,0,0,0,0,0,0,0,0,0
"Julien Brouillette",20142015,WPG,D,1,0,0,0,--,0,0,0,0,0,0,0,0,0,0,0,0,0,0,0,0,0,0
"Troy Brouwer",20092010,CHI,R,78,9,5,4,55.5,4,3,1,2,2,0,3,0,3,6,4,2,1,1,0,2,0,2
"Troy Brouwer",20102011,CHI,R,79,25,12,13,48,23,11,12,2,1,1,0,0,0,19,8,11,3,3,0,3,1,2
"Troy Brouwer",20112012,WSH,R,82,83,38,45,45.8,41,18,23,33,15,18,9,5,4,46,16,30,20,15,5,17,7,10
"Troy Brouwer",20122013,WSH,R,47,232,111,121,47.8,123,62,61,76,37,39,33,12,21,109,52,57,28,15,13,95,44,51
"Troy Brouwer",20132014,WSH,R,82,436,223,213,51.1,131,66,65,185,97,88,120,60,60,201,103,98,62,28,34,173,92,81
"Troy Brouwer",20142015,WSH,R,82,441,251,190,56.9,182,102,80,161,97,64,98,52,46,212,114,98,53,35,18,176,102,74
"Troy Brouwer",20152016,STL,R,82,114,65,49,57,67,38,29,29,16,13,18,11,7,53,29,24,28,18,10,33,18,15
"Troy Brouwer",20162017,CGY,R,74,64,20,44,31.3,26,9,17,11,4,7,27,7,20,25,7,18,9,2,7,30,11,19
"Troy Brouwer",20172018,CGY,R,76,217,101,116,46.5,104,47,57,23,14,9,90,40,50,63,34,29,30,11,19,124,56,68
"Troy Brouwer",20182019,FLA,R,75,51,19,32,37.3,43,16,27,1,1,0,7,2,5,30,9,21,10,5,5,11,5,6
"Chris Brown",20122013,PHX,R,5,0,0,0,--,0,0,0,0,0,0,0,0,0,0,0,0,0,0,0,0,0,0
"Chris Brown",20132014,"PHX,WSH",R,12,40,15,25,37.5,40,15,25,0,0,0,0,0,0,11,3,8,19,9,10,10,3,7
"Chris Brown",20142015,WSH,R,5,3,1,2,33.3,3,1,2,0,0,0,0,0,0,2,1,1,0,0,0,1,0,1
"Chris Brown",20152016,WSH,R,1,0,0,0,--,0,0,0,0,0,0,0,0,0,0,0,0,0,0,0,0,0,0
"Connor Brown",20152016,TOR,R,7,0,0,0,--,0,0,0,0,0,0,0,0,0,0,0,0,0,0,0,0,0,0
"Connor Brown",20162017,TOR,R,82,8,2,6,25,3,0,3,0,0,0,5,2,3,0,0,0,3,1,2,5,1,4
"Connor Brown",20172018,TOR,R,82,152,59,93,38.8,115,45,70,1,0,1,36,14,22,69,27,42,41,14,27,42,18,24
"Connor Brown",20182019,TOR,R,82,51,20,31,39.2,30,13,17,2,0,2,19,7,12,16,4,12,22,10,12,13,6,7
"Dustin Brown",20092010,LAK,R,82,39,17,22,43.6,31,15,16,2,1,1,6,1,5,23,7,16,8,4,4,8,6,2
"Dustin Brown",20102011,LAK,R,82,37,18,19,48.6,23,11,12,5,2,3,9,5,4,14,8,6,8,5,3,15,5,10
"Dustin Brown",20112012,LAK,R,82,39,17,22,43.6,28,13,15,8,4,4,3,0,3,17,9,8,6,3,3,16,5,11
"Dustin Brown",20122013,LAK,R,46,41,15,26,36.6,32,10,22,6,4,2,3,1,2,24,8,16,5,3,2,12,4,8
"Dustin Brown",20132014,LAK,R,79,19,6,13,31.6,15,5,10,3,1,2,1,0,1,10,4,6,3,0,3,6,2,4
"Dustin Brown",20142015,LAK,R,82,35,15,20,42.9,18,6,12,14,8,6,3,1,2,20,10,10,7,2,5,8,3,5
"Dustin Brown",20152016,LAK,R,82,17,8,9,47.1,7,4,3,8,3,5,2,1,1,10,3,7,4,3,1,3,2,1
"Dustin Brown",20162017,LAK,R,80,5,2,3,40,4,2,2,1,0,1,0,0,0,1,0,1,0,0,0,4,2,2
"Dustin Brown",20172018,LAK,R,81,46,17,29,37,36,12,24,3,1,2,7,4,3,18,1,17,5,3,2,23,13,10
"Dustin Brown",20182019,LAK,R,72,17,1,16,5.9,9,1,8,0,0,0,8,0,8,1,0,1,1,0,1,15,1,14
"J.T. Brown",20112012,TBL,R,5,0,0,0,--,0,0,0,0,0,0,0,0,0,0,0,0,0,0,0,0,0,0
"J.T. Brown",20132014,TBL,R,63,22,7,15,31.8,21,7,14,1,0,1,0,0,0,11,5,6,4,0,4,7,2,5
"J.T. Brown",20142015,TBL,R,52,13,6,7,46.1,11,5,6,0,0,0,2,1,1,5,3,2,3,1,2,5,2,3
"J.T. Brown",20152016,TBL,R,78,50,23,27,46,40,17,23,1,1,0,9,5,4,25,12,13,12,7,5,13,4,9
"J.T. Brown",20162017,TBL,R,64,38,12,26,31.6,36,11,25,1,1,0,1,0,1,16,4,12,15,5,10,7,3,4
"J.T. Brown",20172018,"TBL,ANA",R,47,117,51,66,43.6,114,50,64,3,1,2,0,0,0,32,14,18,54,22,32,31,15,16
"J.T. Brown",20182019,MIN,R,56,18,5,13,27.8,17,5,12,0,0,0,1,0,1,8,3,5,3,2,1,7,0,7
"Josh Brown",20182019,FLA,D,37,0,0,0,--,0,0,0,0,0,0,0,0,0,0,0,0,0,0,0,0,0,0
"Logan Brown",20172018,OTT,C,4,12,4,8,33.3,11,4,7,1,0,1,0,0,0,7,2,5,3,2,1,2,0,2
"Logan Brown",20182019,OTT,C,2,8,2,6,25,6,1,5,2,1,1,0,0,0,4,1,3,3,1,2,1,0,1
"Mike Brown",20092010,ANA,R,75,7,0,7,0,7,0,7,0,0,0,0,0,0,1,0,1,1,0,1,5,0,5
"Mike Brown",20102011,TOR,R,50,15,4,11,26.7,12,3,9,0,0,0,3,1,2,4,0,4,5,4,1,6,0,6
"Mike Brown",20112012,TOR,R,50,1,0,1,0,1,0,1,0,0,0,0,0,0,0,0,0,0,0,0,1,0,1
"Mike Brown",20122013,"TOR,EDM",R,39,8,5,3,62.5,7,4,3,1,1,0,0,0,0,3,2,1,1,1,0,4,2,2
"Mike Brown",20132014,"EDM,SJS",R,56,3,2,1,66.7,3,2,1,0,0,0,0,0,0,1,1,0,0,0,0,2,1,1
"Mike Brown",20142015,SJS,R,12,7,4,3,57.1,7,4,3,0,0,0,0,0,0,2,1,1,4,3,1,1,0,1
"Mike Brown",20152016,"SJS,MTL",R,58,4,3,1,75,4,3,1,0,0,0,0,0,0,2,1,1,2,2,0,0,0,0
"Patrick Brown",20142015,CAR,C,7,2,0,2,0,2,0,2,0,0,0,0,0,0,1,0,1,0,0,0,1,0,1
"Patrick Brown",20152016,CAR,C,7,0,0,0,--,0,0,0,0,0,0,0,0,0,0,0,0,0,0,0,0,0,0
"Patrick Brown",20162017,CAR,C,14,15,9,6,60,15,9,6,0,0,0,0,0,0,6,5,1,7,3,4,2,1,1
"Gilbert Brule",20092010,EDM,C,65,274,144,130,52.5,253,133,120,16,7,9,5,4,1,102,48,54,83,44,39,87,50,37
"Gilbert Brule",20102011,EDM,C,41,199,106,93,53.3,158,83,75,37,23,14,4,0,4,80,50,30,64,30,34,55,26,29
"Gilbert Brule",20112012,PHX,C,33,21,8,13,38.1,18,8,10,3,0,3,0,0,0,18,5,13,1,1,0,2,2,0
"Gilbert Brule",20132014,PHX,C,3,0,0,0,--,0,0,0,0,0,0,0,0,0,0,0,0,0,0,0,0,0,0
"Andrew Brunette",20092010,MIN,L,82,10,5,5,50,5,4,1,5,1,4,0,0,0,7,2,5,2,2,0,1,1,0
"Andrew Brunette",20102011,MIN,L,82,18,7,11,38.9,15,6,9,3,1,2,0,0,0,9,3,6,3,1,2,6,3,3
"Andrew Brunette",20112012,CHI,L,78,14,7,7,50,11,6,5,3,1,2,0,0,0,11,7,4,3,0,3,0,0,0
"Damien Brunner",20122013,DET,R,44,5,2,3,40,4,2,2,1,0,1,0,0,0,2,1,1,1,0,1,2,1,1
"Damien Brunner",20132014,NJD,R,60,8,1,7,12.5,8,1,7,0,0,0,0,0,0,4,0,4,3,0,3,1,1,0
"Damien Brunner",20142015,NJD,R,17,4,2,2,50,4,2,2,0,0,0,0,0,0,2,1,1,1,1,0,1,0,1
"Fabian Brunnstrom",20092010,DAL,L,44,3,1,2,33.3,3,1,2,0,0,0,0,0,0,1,0,1,1,0,1,1,1,0
"Fabian Brunnstrom",20112012,DET,L,5,0,0,0,--,0,0,0,0,0,0,0,0,0,0,0,0,0,0,0,0,0,0
"Pavel Buchnevich",20162017,NYR,R,41,7,1,6,14.3,6,0,6,1,1,0,0,0,0,5,0,5,1,0,1,1,1,0
"Pavel Buchnevich",20172018,NYR,R,74,46,12,34,26.1,46,12,34,0,0,0,0,0,0,24,8,16,16,4,12,6,0,6
"Pavel Buchnevich",20182019,NYR,R,64,25,7,18,28,25,7,18,0,0,0,0,0,0,11,2,9,6,3,3,8,2,6
"Brett Bulmer",20112012,MIN,R,9,0,0,0,--,0,0,0,0,0,0,0,0,0,0,0,0,0,0,0,0,0,0
"Brett Bulmer",20132014,MIN,R,5,0,0,0,--,0,0,0,0,0,0,0,0,0,0,0,0,0,0,0,0,0,0
"Brett Bulmer",20152016,MIN,R,3,0,0,0,--,0,0,0,0,0,0,0,0,0,0,0,0,0,0,0,0,0,0
"Michael Bunting",20182019,ARI,L,5,0,0,0,--,0,0,0,0,0,0,0,0,0,0,0,0,0,0,0,0,0,0
"Andre Burakovsky",20142015,WSH,L,53,167,74,93,44.3,165,73,92,2,1,1,0,0,0,61,30,31,88,38,50,18,6,12
"Andre Burakovsky",20152016,WSH,L,79,37,17,20,46,25,12,13,12,5,7,0,0,0,22,7,15,11,7,4,4,3,1
"Andre Burakovsky",20162017,WSH,L,64,7,2,5,28.6,7,2,5,0,0,0,0,0,0,7,2,5,0,0,0,0,0,0
"Andre Burakovsky",20172018,WSH,L,56,33,18,15,54.5,21,13,8,12,5,7,0,0,0,22,11,11,6,4,2,5,3,2
"Andre Burakovsky",20182019,WSH,L,76,20,7,13,35,14,4,10,6,3,3,0,0,0,14,6,8,2,0,2,4,1,3
"Erik Burgdoerfer",20162017,BUF,D,2,0,0,0,--,0,0,0,0,0,0,0,0,0,0,0,0,0,0,0,0,0,0
"Erik Burgdoerfer",20172018,OTT,D,2,0,0,0,--,0,0,0,0,0,0,0,0,0,0,0,0,0,0,0,0,0,0
"Erik Burgdoerfer",20182019,OTT,D,4,0,0,0,--,0,0,0,0,0,0,0,0,0,0,0,0,0,0,0,0,0,0
"Adam Burish",20092010,CHI,R,13,21,7,14,33.3,19,6,13,0,0,0,2,1,1,7,2,5,8,4,4,6,1,5
"Adam Burish",20102011,DAL,R,63,477,255,222,53.5,353,196,157,7,2,5,117,57,60,70,34,36,97,55,42,310,166,144
"Adam Burish",20112012,DAL,R,65,389,217,172,55.8,288,165,123,21,11,10,80,41,39,111,57,54,87,53,34,191,107,84
"Adam Burish",20122013,SJS,R,46,228,122,106,53.5,194,98,96,2,2,0,32,22,10,54,24,30,55,26,29,119,72,47
"Adam Burish",20132014,SJS,R,15,75,39,36,52,67,33,34,0,0,0,8,6,2,20,8,12,18,8,10,37,23,14
"Adam Burish",20142015,SJS,R,20,107,57,50,53.3,86,44,42,1,0,1,20,13,7,14,6,8,29,15,14,64,36,28
"Spencer Abbott",20132014,TOR,L,1,0,0,0,--,0,0,0,0,0,0,0,0,0,0,0,0,0,0,0,0,0,0
"Spencer Abbott",20162017,CHI,L,1,0,0,0,--,0,0,0,0,0,0,0,0,0,0,0,0,0,0,0,0,0,0
"Justin Abdelkader",20092010,DET,L,50,318,148,170,46.5,297,138,159,21,10,11,0,0,0,145,70,75,108,47,61,65,31,34
"Justin Abdelkader",20102011,DET,L,74,430,227,203,52.8,378,199,179,8,4,4,44,24,20,153,70,83,155,85,70,122,72,50
"Justin Abdelkader",20112012,DET,L,81,452,239,213,52.9,399,214,185,7,5,2,46,20,26,152,78,74,168,93,75,132,68,64
"Justin Abdelkader",20122013,DET,L,48,125,65,60,52,86,46,40,12,5,7,27,14,13,32,14,18,41,22,19,52,29,23
"Justin Abdelkader",20132014,DET,L,70,55,23,32,41.8,51,21,30,2,1,1,2,1,1,21,6,15,19,12,7,15,5,10
"Justin Abdelkader",20142015,DET,L,71,15,7,8,46.7,12,5,7,3,2,1,0,0,0,11,4,7,3,2,1,1,1,0
"Justin Abdelkader",20152016,DET,L,82,14,5,9,35.7,6,1,5,3,1,2,5,3,2,8,2,6,5,2,3,1,1,0
"Justin Abdelkader",20162017,DET,L,64,17,5,12,29.4,11,4,7,4,1,3,2,0,2,12,4,8,5,1,4,0,0,0
"Justin Abdelkader",20172018,DET,L,75,97,47,50,48.5,57,23,34,16,10,6,24,14,10,43,23,20,24,13,11,30,11,19
"Justin Abdelkader",20182019,DET,L,71,103,52,51,50.5,79,42,37,7,2,5,17,8,9,50,27,23,24,12,12,29,13,16
"Pontus Aberg",20162017,NSH,L,15,1,1,0,100,1,1,0,0,0,0,0,0,0,0,0,0,0,0,0,1,1,0
"Pontus Aberg",20172018,"NSH,EDM",L,53,12,4,8,33.3,12,4,8,0,0,0,0,0,0,7,2,5,4,2,2,1,0,1
"Pontus Aberg",20182019,"ANA,MIN",L,59,19,2,17,10.5,17,2,15,2,0,2,0,0,0,8,0,8,5,0,5,6,2,4
"Vitaly Abramov",20182019,OTT,L,1,0,0,0,--,0,0,0,0,0,0,0,0,0,0,0,0,0,0,0,0,0,0
"Noel Acciari",20152016,BOS,C,19,136,60,76,44.1,120,51,69,3,3,0,13,6,7,48,19,29,47,23,24,41,18,23
"Noel Acciari",20162017,BOS,C,29,29,11,18,37.9,28,10,18,0,0,0,1,1,0,15,6,9,5,2,3,9,3,6
"Noel Acciari",20172018,BOS,C,60,93,42,51,45.2,78,37,41,0,0,0,15,5,10,23,8,15,39,20,19,31,14,17
"Noel Acciari",20182019,BOS,C,72,403,200,203,49.6,338,168,170,4,3,1,61,29,32,71,33,38,155,79,76,177,88,89
"Will Acton",20132014,EDM,C,30,195,98,97,50.3,148,76,72,1,0,1,46,22,24,40,20,20,77,36,41,78,42,36
"Will Acton",20142015,EDM,C,3,8,4,4,50,6,3,3,0,0,0,2,1,1,1,0,1,3,2,1,4,2,2
"Luke Adam",20102011,BUF,C,19,119,41,78,34.5,118,40,78,1,1,0,0,0,0,41,14,27,44,14,30,34,13,21
"Luke Adam",20112012,BUF,C,52,259,114,145,44,234,102,132,25,12,13,0,0,0,84,36,48,109,47,62,66,31,35
"Luke Adam",20122013,BUF,C,4,1,1,0,100,1,1,0,0,0,0,0,0,0,0,0,0,0,0,0,1,1,0
"Luke Adam",20132014,BUF,C,12,26,10,16,38.5,26,10,16,0,0,0,0,0,0,16,7,9,5,2,3,5,1,4
"Luke Adam",20142015,CBJ,C,3,0,0,0,--,0,0,0,0,0,0,0,0,0,0,0,0,0,0,0,0,0,0
"Craig Adams",20092010,PIT,R,82,562,246,316,43.8,401,177,224,10,4,6,151,65,86,122,55,67,171,66,105,263,123,140
"Craig Adams",20102011,PIT,R,80,465,194,271,41.7,289,129,160,0,0,0,176,65,111,96,46,50,149,62,87,220,86,134
"Craig Adams",20112012,PIT,R,82,292,132,160,45.2,171,88,83,0,0,0,121,44,77,67,30,37,92,45,47,133,57,76
"Craig Adams",20122013,PIT,R,48,98,51,47,52,57,35,22,1,0,1,40,16,24,17,10,7,35,18,17,46,23,23
"Craig Adams",20132014,PIT,R,82,139,61,78,43.9,107,47,60,1,1,0,31,13,18,36,14,22,55,25,30,48,22,26
"Craig Adams",20142015,PIT,R,70,40,17,23,42.5,19,7,12,0,0,0,21,10,11,11,4,7,12,5,7,17,8,9
"Maxim Afinogenov",20092010,ATL,R,82,3,1,2,33.3,3,1,2,0,0,0,0,0,0,1,1,0,2,0,2,0,0,0
"Kenny Agostino",20132014,CGY,L,8,0,0,0,--,0,0,0,0,0,0,0,0,0,0,0,0,0,0,0,0,0,0
"Kenny Agostino",20152016,CGY,L,2,0,0,0,--,0,0,0,0,0,0,0,0,0,0,0,0,0,0,0,0,0,0
"Kenny Agostino",20162017,STL,L,7,0,0,0,--,0,0,0,0,0,0,0,0,0,0,0,0,0,0,0,0,0,0
"Kenny Agostino",20172018,BOS,L,5,1,0,1,0,1,0,1,0,0,0,0,0,0,1,0,1,0,0,0,0,0,0
"Kenny Agostino",20182019,"MTL,NJD",L,63,42,15,27,35.7,36,13,23,6,2,4,0,0,0,23,8,15,13,5,8,6,2,4
"Andrew Agozzino",20142015,COL,L,1,2,0,2,0,2,0,2,0,0,0,0,0,0,1,0,1,0,0,0,1,0,1
"Andrew Agozzino",20152016,COL,L,9,45,24,21,53.3,44,23,21,1,1,0,0,0,0,14,10,4,16,7,9,15,7,8
"Andrew Agozzino",20182019,COL,L,11,38,16,22,42.1,36,16,20,0,0,0,2,0,2,10,3,7,15,9,6,13,4,9
"Sebastian Aho",20162017,CAR,C,82,35,17,18,48.6,32,17,15,2,0,2,1,0,1,13,5,8,21,11,10,1,1,0
"Sebastian Aho",20172018,NYI,D,22,1,0,1,0,1,0,1,0,0,0,0,0,0,0,0,0,1,0,1,0,0,0
"Sebastian Aho",20172018,CAR,C,78,172,78,94,45.4,166,76,90,6,2,4,0,0,0,79,36,43,65,27,38,28,15,13
"Sebastian Aho",20182019,CAR,C,82,"1,204",585,619,48.6,973,459,514,163,98,65,68,28,40,509,265,244,361,164,197,334,156,178
"Jason Akeson",20122013,PHI,R,1,0,0,0,--,0,0,0,0,0,0,0,0,0,0,0,0,0,0,0,0,0,0
"Jason Akeson",20132014,PHI,R,1,0,0,0,--,0,0,0,0,0,0,0,0,0,0,0,0,0,0,0,0,0,0
"Jason Akeson",20142015,PHI,R,13,2,1,1,50,2,1,1,0,0,0,0,0,0,0,0,0,1,1,0,1,0,1
"John Albert",20132014,WPG,C,9,21,9,12,42.9,21,9,12,0,0,0,0,0,0,10,6,4,5,2,3,6,1,5
"Andrew Alberts",20092010,"CAR,VAN",D,76,1,0,1,0,1,0,1,0,0,0,0,0,0,0,0,0,0,0,0,1,0,1
"Andrew Alberts",20102011,VAN,D,42,0,0,0,--,0,0,0,0,0,0,0,0,0,0,0,0,0,0,0,0,0,0
"Andrew Alberts",20112012,VAN,D,44,0,0,0,--,0,0,0,0,0,0,0,0,0,0,0,0,0,0,0,0,0,0
"Andrew Alberts",20122013,VAN,D,24,0,0,0,--,0,0,0,0,0,0,0,0,0,0,0,0,0,0,0,0,0,0
"Andrew Alberts",20132014,VAN,D,10,0,0,0,--,0,0,0,0,0,0,0,0,0,0,0,0,0,0,0,0,0,0
"Daniel Alfredsson",20092010,OTT,R,70,40,14,26,35,22,8,14,8,2,6,10,4,6,19,6,13,11,4,7,10,4,6
"Daniel Alfredsson",20102011,OTT,R,54,12,2,10,16.7,4,0,4,3,0,3,5,2,3,5,0,5,6,2,4,1,0,1
"Daniel Alfredsson",20112012,OTT,R,75,46,20,26,43.5,19,9,10,8,2,6,19,9,10,23,10,13,18,8,10,5,2,3
"Daniel Alfredsson",20122013,OTT,R,47,38,16,22,42.1,29,11,18,3,1,2,6,4,2,14,5,9,10,2,8,14,9,5
"Daniel Alfredsson",20132014,DET,R,68,14,5,9,35.7,13,4,9,1,1,0,0,0,0,7,3,4,5,2,3,2,0,2
"Akim Aliu",20112012,CGY,R,2,0,0,0,--,0,0,0,0,0,0,0,0,0,0,0,0,0,0,0,0,0,0
"Akim Aliu",20122013,CGY,R,5,0,0,0,--,0,0,0,0,0,0,0,0,0,0,0,0,0,0,0,0,0,0
"Bryan Allen",20092010,FLA,D,74,0,0,0,--,0,0,0,0,0,0,0,0,0,0,0,0,0,0,0,0,0,0
"Bryan Allen",20102011,"FLA,CAR",D,72,0,0,0,--,0,0,0,0,0,0,0,0,0,0,0,0,0,0,0,0,0,0
"Bryan Allen",20112012,CAR,D,82,0,0,0,--,0,0,0,0,0,0,0,0,0,0,0,0,0,0,0,0,0,0
"Bryan Allen",20122013,ANA,D,41,0,0,0,--,0,0,0,0,0,0,0,0,0,0,0,0,0,0,0,0,0,0
"Bryan Allen",20132014,ANA,D,68,0,0,0,--,0,0,0,0,0,0,0,0,0,0,0,0,0,0,0,0,0,0
"Bryan Allen",20142015,"ANA,MTL",D,11,0,0,0,--,0,0,0,0,0,0,0,0,0,0,0,0,0,0,0,0,0,0
"Conor Allen",20132014,NYR,D,3,0,0,0,--,0,0,0,0,0,0,0,0,0,0,0,0,0,0,0,0,0,0
"Conor Allen",20142015,NYR,D,4,0,0,0,--,0,0,0,0,0,0,0,0,0,0,0,0,0,0,0,0,0,0
"Cody Almond",20092010,MIN,C,7,30,18,12,60,30,18,12,0,0,0,0,0,0,4,3,1,14,10,4,12,5,7
"Cody Almond",20102011,MIN,C,8,32,13,19,40.6,31,12,19,0,0,0,1,1,0,7,3,4,16,7,9,9,3,6
"Cody Almond",20112012,MIN,C,10,58,25,33,43.1,57,24,33,0,0,0,1,1,0,21,9,12,19,8,11,18,8,10
"Adam Almquist",20132014,DET,D,2,0,0,0,--,0,0,0,0,0,0,0,0,0,0,0,0,0,0,0,0,0,0
"Mark Alt",20142015,PHI,D,1,0,0,0,--,0,0,0,0,0,0,0,0,0,0,0,0,0,0,0,0,0,0
"Mark Alt",20172018,"PHI,COL",D,15,0,0,0,--,0,0,0,0,0,0,0,0,0,0,0,0,0,0,0,0,0,0
"Mark Alt",20182019,COL,D,2,0,0,0,--,0,0,0,0,0,0,0,0,0,0,0,0,0,0,0,0,0,0
"Karl Alzner",20092010,WSH,D,21,0,0,0,--,0,0,0,0,0,0,0,0,0,0,0,0,0,0,0,0,0,0
"Karl Alzner",20102011,WSH,D,82,0,0,0,--,0,0,0,0,0,0,0,0,0,0,0,0,0,0,0,0,0,0
"Karl Alzner",20112012,WSH,D,82,0,0,0,--,0,0,0,0,0,0,0,0,0,0,0,0,0,0,0,0,0,0
"Karl Alzner",20122013,WSH,D,48,0,0,0,--,0,0,0,0,0,0,0,0,0,0,0,0,0,0,0,0,0,0
"Karl Alzner",20132014,WSH,D,82,0,0,0,--,0,0,0,0,0,0,0,0,0,0,0,0,0,0,0,0,0,0
"Karl Alzner",20142015,WSH,D,82,0,0,0,--,0,0,0,0,0,0,0,0,0,0,0,0,0,0,0,0,0,0
"Karl Alzner",20152016,WSH,D,82,0,0,0,--,0,0,0,0,0,0,0,0,0,0,0,0,0,0,0,0,0,0
"Karl Alzner",20162017,WSH,D,82,0,0,0,--,0,0,0,0,0,0,0,0,0,0,0,0,0,0,0,0,0,0
"Karl Alzner",20172018,MTL,D,82,0,0,0,--,0,0,0,0,0,0,0,0,0,0,0,0,0,0,0,0,0,0
"Karl Alzner",20182019,MTL,D,9,0,0,0,--,0,0,0,0,0,0,0,0,0,0,0,0,0,0,0,0,0,0
"Michael Amadio",20172018,LAK,C,37,170,74,96,43.5,148,61,87,22,13,9,0,0,0,78,34,44,65,30,35,27,10,17
"Michael Amadio",20182019,LAK,C,43,223,96,127,43,209,89,120,14,7,7,0,0,0,90,46,44,87,29,58,46,21,25
"Joey Anderson",20182019,NJD,R,34,17,9,8,52.9,14,7,7,0,0,0,3,2,1,6,3,3,5,3,2,6,3,3
"Josh Anderson",20142015,CBJ,R,6,0,0,0,--,0,0,0,0,0,0,0,0,0,0,0,0,0,0,0,0,0,0
"Josh Anderson",20152016,CBJ,R,12,0,0,0,--,0,0,0,0,0,0,0,0,0,0,0,0,0,0,0,0,0,0
"Josh Anderson",20162017,CBJ,R,78,29,8,21,27.6,27,8,19,2,0,2,0,0,0,18,6,12,8,1,7,3,1,2
"Josh Anderson",20172018,CBJ,R,63,62,26,36,41.9,54,23,31,8,3,5,0,0,0,45,19,26,13,5,8,4,2,2
"Josh Anderson",20182019,CBJ,R,82,38,12,26,31.6,25,8,17,3,2,1,10,2,8,18,8,10,9,3,6,11,1,10
"Matt Anderson",20122013,NJD,R,2,0,0,0,--,0,0,0,0,0,0,0,0,0,0,0,0,0,0,0,0,0,0
"Jaret Anderson-Dolan",20182019,LAK,C,5,9,4,5,44.4,9,4,5,0,0,0,0,0,0,1,1,0,4,2,2,4,1,3
"Joakim Andersson",20112012,DET,C,5,6,5,1,83.3,6,5,1,0,0,0,0,0,0,3,3,0,3,2,1,0,0,0
"Joakim Andersson",20122013,DET,C,38,310,144,166,46.5,281,134,147,6,3,3,23,7,16,113,56,57,100,42,58,97,46,51
"Joakim Andersson",20132014,DET,C,65,671,345,326,51.4,491,257,234,13,8,5,167,80,87,167,77,90,190,102,88,314,166,148
